15.0 27.0 0.0 0.0
2.22044604925e-16 -1.0 -6.10622663544e-17 -6.10622663544e-17
3.5527136788e-16 -1.0 0.0 0.0
0.0 -1.0 -1.05588484211e-17 -1.05588484211e-17
-3.5527136788e-16 -1.0 0.0 0.0
3.5527136788e-16 -1.0 -2.46601099199e-18 -2.46601099199e-18
-4.4408920985e-16 -1.0 0.0 0.0
1.0 -1.0 -8.881784197e-17 -8.881784197e-17
0.0 -1.0 0.0 0.0
8.881784197e-17 -1.0 -2.06537868833e-17 -2.06537868833e-17
1.0 -1.0 0.0 0.0
2.6645352591e-16 -1.0 2.46519032882e-33 2.46519032882e-33
4.4408920985e-16 -1.0 0.0 0.0
1.0 1.4044038047e-16 3.45986822688e-19 3.45986822688e-19
0.0 -1.0 0.0 0.0
-8.43769498715e-16 -1.0 0.0 0.0
1.0 -1.0 0.0 0.0
8.881784197e-17 -1.0 2.74624656597e-17 2.74624656597e-17
-1.33182275245e-17 -1.0 0.0 0.0
-3.5527136788e-16 -1.0 1.05588484211e-17 1.05588484211e-17
-1.0 0.0 0.0 0.0
-1.0 1.10428732703e-16 -1.66533453694e-17 -1.66533453694e-17
-1.0 4.4408920985e-16 0.0 0.0
-1.0 -8.881784197e-17 0.0 0.0
-1.0 1.0 0.0 0.0
-1.0 -2.6645352591e-16 6.34476881747e-18 6.34476881747e-18
-2.08726377401e-16 1.0 0.0 0.0
-1.0 8.881784197e-17 6.5257272063e-18 6.5257272063e-18
3.5527136788e-16 1.0 0.0 0.0
-1.0 3.78069398132e-16 2.95299260945e-17 2.95299260945e-17
0.0 1.0 0.0 0.0
2.6645352591e-16 1.0 0.0 0.0
0.0 1.0 0.0 0.0
1.7763568394e-16 1.0 -7.60233247071e-18 -7.60233247071e-18
1.0 -1.7763568394e-16 0.0 0.0
1.0 2.6645352591e-16 -6.5257272063e-18 -6.5257272063e-18
1.0 2.6645352591e-16 0.0 0.0
1.0 -2.2925822244e-16 4.47545946754e-17 4.47545946754e-17
1.0 0.0 0.0 0.0
1.33226762955e-16 -1.7763568394e-16 1.0 1.0
