17.5365015366 3.49602105534 0.106678401451 0.106678401451
-1.02627086754 1.14020504199 -0.0386198285181 -0.0386198285181
-0.0207470305822 0.601632609311 0.0178365494932 0.0178365494932
-0.9573832231 0.301460477874 -0.00767553570551 -0.00767553570551
-0.0257538453824 1.21704967391 0.00159110820153 0.00159110820153
-1.57203649939 0.869202208861 0.00250208821776 0.00250208821776
-0.561844834676 1.08077423452 -0.00547555138759 -0.00547555138759
-1.27013465143 0.981330657521 0.00775818913588 0.00775818913588
0.177000473878 0.821248218767 -0.00958585460569 -0.00958585460569
-1.14707122573 0.112055171717 0.0110991898635 0.0110991898635
0.177904782977 1.32071139658 -0.0123874688029 -0.0123874688029
-1.70769699647 0.747408547745 0.0135102877648 0.0135102877648
-0.402918896946 1.23902275798 -0.0145091551538 -0.0145091551538
-0.733438519111 0.728480659354 0.0154140807819 0.0154140807819
-0.31140101977 0.331644652888 -0.0162475222392 -0.0162475222392
-0.421591104376 0.863385779204 0.0170268583187 0.0170268583187
0.374539953156 1.22299432516 -0.0177660060442 -0.0177660060442
0.0523502762349 0.345909392855 0.0184765236671 0.0184765236671
1.60900386259 -0.00971502539489 -0.0191683993197 -0.0191683993197
0.451859735599 -0.0475289120121 0.0198506480202 0.0198506480202
1.52011450914 0.0727053966149 -0.0205317974483 -0.0205317974483
0.49789283653 -0.0900742880751 0.0212203202937 0.0212203202937
1.48834724426 0.107792632519 -0.0219250606741 -0.0219250606741
0.523407923364 -0.13456351294 0.0226557009985 0.0226557009985
1.46557705487 0.199746090348 -0.0234233233872 -0.0234233233872
0.546066337119 -0.858267536608 0.0242411386667 0.0242411386667
1.43587445463 -0.176752903278 -0.0251254920612 -0.0251254920612
-0.389833392112 -0.91329406054 0.026097320507 0.026097320507
0.386046900466 -1.0394021483 -0.027184357638 -0.027184357638
-0.330570177414 -0.960738675643 0.0284246127249 0.0284246127249
-0.0466443836788 -1.08716437743 -0.0298721081928 -0.0298721081928
-1.57659042971 -0.395009646928 0.0316068269117 0.0316068269117
-0.478469202756 0.13347785305 -0.0337530077361 -0.0337530077361
-1.5058634195 0.75245054806 0.0365153267304 0.0365153267304
-0.488014112266 1.18474417745 -0.0402573720228 -0.0402573720228
-1.55988383956 0.801773711706 0.0456940932212 0.0456940932212
-0.119994654956 1.29233286939 -0.0544530895758 -0.0544530895758
-0.735020894794 -0.111216119213 0.0712166405387 0.0712166405387
-0.947667896031 -1.27791071592 -0.117232928949 -0.117232928949
-0.340429372831 -0.0813135227721 0.865343171344 0.865343171344
