17.4567427126 6.05774438079 0.124357347884 0.124357347884
-1.51322777963 -0.0833093116432 -0.0465496018039 -0.0465496018039
-0.513457280751 0.0758451894719 0.0231456066618 0.0231456066618
-1.47032158499 -0.0686315015256 -0.0117629979388 -0.0117629979388
-0.540903801848 0.0582652994863 0.00496572276495 0.00496572276495
-1.45201994892 -0.0400959513069 -0.000400801248046 -0.000400801248046
-0.547948911885 -0.000749362817114 -0.00291140082762 -0.00291140082762
-1.47674774548 0.179511980368 0.00545183133335 0.00545183133335
-0.268641929366 1.14858718305 -0.00748450148936 -0.00748450148936
-0.119370852012 0.964562557769 0.00916663895575 0.00916663895575
-0.503024064001 0.365565008782 -0.0105979426602 -0.0105979426602
-0.464198182867 0.645609368567 0.0118449118346 0.0118449118346
0.179160587425 1.21681796253 -0.0129538288559 -0.0129538288559
-0.962492062437 0.863679418864 0.0139581330042 0.0139581330042
1.72307367592 0.796787497333 -0.014882832681 -0.014882832681
0.406071047418 -0.381298439072 0.0157472685935 0.0157472685935
1.54307420732 0.344548118695 -0.0165669188244 -0.0165669188244
0.484989427693 -0.36523208809 0.0173546290927 0.0173546290927
1.49677438539 0.449551461196 -0.0181214915743 -0.0181214915743
0.516215293386 -0.812557548197 0.0188775093762 0.0188775093762
1.47413906683 0.174053262958 -0.0196321364047 -0.0196321364047
0.532794217203 0.436072454617 0.0203947569906 0.0203947569906
1.46280864719 0.654399627509 -0.0211751580107 -0.0211751580107
-0.382686726396 1.13430696883 0.0219840448252 0.0219840448252
0.412390979177 0.929871659916 -0.0228336607254 -0.0228336607254
-0.411215482564 1.0419372502 0.0237385902642 0.0237385902642
0.401000511386 0.968981266553 -0.0247168663876 -0.0247168663876
-0.37186408386 1.03332223409 0.0257915733995 0.0257915733995
-0.391177023887 0.947456781568 -0.0269932704425 -0.0269932704425
-0.602426685739 1.10930284882 0.0283638121667 0.0283638121667
-0.634370142319 0.644593844484 -0.0299626444076 -0.0299626444076
-1.36811272102 0.338535030925 0.0318777083108 0.0318777083108
-0.646550034584 0.703743593544 -0.0342454716833 -0.0342454716833
-1.3260945852 -0.343240308144 0.0372904836761 0.0372904836761
-0.72818653894 -0.500965483439 -0.0414109999446 -0.0414109999446
-1.09769366159 -0.516482256315 0.0473884122849 0.0473884122849
0.0634472280486 -0.50027125763 -0.0569957016241 -0.0569957016241
-1.0951967379 -0.42796134531 0.0753047087293 0.0753047087293
0.619183112879 -1.16093640144 -0.125042434478 -0.125042434478
-0.522234404001 -0.209580570452 0.839300801651 0.839300801651
