6.83187382472 20.6610395067 0.124357347884 0.124357347884
1.13038679902 -0.180149382476 -0.0465496018039 -0.0465496018039
0.548465497701 -0.149806573867 0.0231456066618 0.0231456066618
0.438656398384 -0.86177555549 -0.0117629979388 -0.0117629979388
0.533022192562 -0.165583840948 0.00496572276495 0.00496572276495
0.534705026882 -0.768484539506 -0.000400801248046 -0.000400801248046
1.2513182501 0.556738428516 -0.00291140082762 -0.00291140082762
0.883478113447 -0.424720874237 0.00545183133335 0.00545183133335
0.721305326029 0.0336343609618 -0.00748450148936 -0.00748450148936
0.262981297144 -1.05771853353 0.00916663895575 0.00916663895575
0.722743009721 0.0702853300051 -0.0105979426602 -0.0105979426602
0.3218209227 -1.84317566674 0.0118449118346 0.0118449118346
1.59526136323 -0.0960465480093 -0.0129538288559 -0.0129538288559
0.17873137346 -0.853847281814 0.0139581330042 0.0139581330042
0.795424917659 -0.539015589761 -0.014882832681 -0.014882832681
0.201774201688 -1.51223539982 0.0157472685935 0.0157472685935
0.823803687542 -0.472824400763 -0.0165669188244 -0.0165669188244
0.0886016049742 -1.5332722561 0.0173546290927 0.0173546290927
0.0263594546825 -0.463392284684 -0.0181214915743 -0.0181214915743
-0.063381779264 -1.53926798827 0.0188775093762 0.0188775093762
0.0805688694055 -0.457775795183 -0.0196321364047 -0.0196321364047
-0.0898947201903 -1.54607708124 0.0203947569906 0.0203947569906
0.0957992422291 -0.448072199328 -0.0211751580107 -0.0211751580107
-1.022162455 -0.640766735114 0.0219840448252 0.0219840448252
-0.944279642897 0.634937417341 -0.0228336607254 -0.0228336607254
-1.05674165683 -0.706345725937 0.0237385902642 0.0237385902642
-0.950856719888 1.18910582557 -0.0247168663876 -0.0247168663876
-1.03486191937 -0.148081278061 0.0257915733995 0.0257915733995
-0.988535467786 1.18365647685 -0.0269932704425 -0.0269932704425
-0.970697228102 0.66503637137 0.0283638121667 0.0283638121667
-1.11757689495 1.37940701058 -0.0299626444076 -0.0299626444076
-0.483701590196 0.600123251107 0.0318777083108 0.0318777083108
-0.499039581275 1.41077036378 -0.0342454716833 -0.0342454716833
-0.467231986439 0.583218921002 0.0372904836761 0.0372904836761
-0.621879508791 1.41999584293 -0.0414109999446 -0.0414109999446
-0.0582092426627 0.578277852372 0.0473884122849 0.0473884122849
1.05250452225 1.42351340423 -0.0569957016241 -0.0569957016241
-0.483103662291 0.570618047518 0.0753047087293 0.0753047087293
0.95034652765 1.45937844208 -0.125042434478 -0.125042434478
0.143923760423 -0.138960896471 0.839300801651 0.839300801651
