7.29455782538 15.7543456134 0.170671241135 0.170671241135
-1.14839489709 0.722365619229 -0.0664195490452 -0.0664195490452
0.983952600221 0.824777011613 0.0364116612637 0.0364116612637
0.0533030677022 0.177989303789 -0.0220321765691 -0.0220321765691
1.05545805458 0.778749825902 0.0135111817645 0.0135111817645
0.820485255726 0.318910604946 -0.00781603967365 -0.00781603967365
1.22414595455 0.190688793626 0.00369747177368 0.00369747177368
0.747181464663 0.416901723586 -0.000546336481484 -0.000546336481484
1.27855550584 0.498150550083 -0.0019701335544 -0.0019701335544
0.689605611524 -0.334766280302 0.00404939333283 0.00404939333283
1.37390138985 -0.083652104838 -0.00581629175274 -0.00581629175274
0.00395226070145 -1.51308161906 0.00735390687096 0.00735390687096
1.00869159228 0.243251272368 -0.00871994260917 -0.00871994260917
-0.263784191723 -1.40967338551 0.00995601446532 0.00995601446532
0.302357761217 -0.612540501495 -0.0110931920473 -0.0110931920473
-0.346785001012 -1.37031789588 0.0121554624364 0.0121554624364
0.424105099209 -0.644039775383 -0.0131619878464 -0.0131619878464
-0.702908605217 -1.3436000693 0.0141286409156 0.0141286409156
-0.247655497779 -0.666187172166 -0.0150690985855 -0.0150690985855
-0.801683820805 -1.33141187862 0.0159956665154 0.0159956665154
-0.919846311541 0.978359676886 -0.0169199461588 -0.0169199461588
-1.15672535499 -0.220838190373 0.0178534244753 0.0178534244753
-0.80054944419 0.202750535412 -0.0188080512904 -0.0188080512904
-1.23346952241 -0.154942994313 0.0197968669823 0.0197968669823
-0.728396294047 0.0180226984149 -0.0208347527783 -0.0208347527783
-1.34090269113 -0.882093494868 0.0219394003646 0.0219394003646
-0.261448564322 -0.148011151858 -0.0231326444712 -0.0231326444712
-0.143371294765 -1.3747983281 0.024442387773 0.024442387773
1.07132805621 -0.776323058694 -0.0259055048771 -0.0259055048771
0.834749312873 -0.911762093975 0.0275724106136 0.0275724106136
1.1973012303 -0.159382251814 -0.0295145698455 -0.0295145698455
0.783399704589 -0.772591026445 0.0318374689753 0.0318374689753
1.23117786362 0.473520913455 -0.0347043669559 -0.0347043669559
0.756222021576 -0.36714123932 0.0383830031083 0.0383830031083
1.25587166771 0.259068832767 -0.0433461714037 -0.0433461714037
0.731251987135 0.408463627335 0.0505159445871 0.0505159445871
1.28436860846 -0.324037716463 -0.0619657881195 -0.0619657881195
0.692306651209 -0.281826381459 0.0835374926753 0.0835374926753
1.36097728443 -0.196366373247 -0.140542709141 -0.140542709141
0.0367136594348 -0.786931619352 0.764510213178 0.764510213178
