9.01813399385 6.98795754076 0.140885425841 0.140885425841
0.587782620523 -0.970383482117 -0.0538003035115 -0.0538003035115
1.35247483303 -0.248518280844 0.027992846759 0.027992846759
0.680325754976 -0.155504049755 -0.0155049531587 -0.0155049531587
1.30430454878 0.144695566965 0.00806738530174 0.00806738530174
0.693385723128 0.766420353441 -0.00308071452521 -0.00308071452521
1.3454402375 1.15422375068 -0.000533353403678 -0.000533353403678
0.362835274754 0.880741905808 0.0033029534943 0.0033029534943
0.109472404035 1.09430553074 -0.00551751559194 -0.00551751559194
-0.18252358106 0.925024972625 0.00734918847405 0.00734918847405
0.252021758983 1.06137109189 -0.00890702442267 -0.00890702442267
-0.475839521013 0.941844569547 0.0102637019769 0.0102637019769
-0.510832565235 1.08973928502 -0.0114697687103 -0.0114697687103
-0.459712338343 0.469617676829 0.0125617224591 0.0125617224591
-1.1938597997 -0.208734391774 -0.013566842725 -0.013566842725
-0.845624332287 0.209840639098 0.014506214049 0.014506214049
-1.20286996675 -0.28514318831 -0.0153966995947 -0.0153966995947
-0.441936662205 0.661503460721 0.016252285216 0.016252285216
-0.536723133509 0.34091599251 -0.0170850387073 -0.0170850387073
-0.443361011529 0.697813839446 0.0179058342759 0.0179058342759
-0.616647556746 0.221247922793 -0.0187249403165 -0.0187249403165
-0.15474567478 1.03422825059 0.0195525406985 0.0195525406985
0.128669132574 0.896759129796 -0.0203992469357 -0.0203992469357
-0.138311279589 1.197951502 0.0212766568857 0.0212766568857
0.762725256515 0.077166081976 -0.0221980245161 -0.0221980245161
1.1564041724 0.166329046252 0.0231791274333 0.0231791274333
0.633222255449 -0.45182376225 -0.0242394613449 -0.0242394613449
0.397549919217 -0.479327278716 0.025403968069 0.025403968069
0.57557693108 -0.57486353328 -0.0267056461297 -0.0267056461297
0.452403114565 -0.372854246663 0.0281896633176 0.0281896633176
0.513158470584 -0.687243222103 -0.0299201277681 -0.0299201277681
0.538376681559 -0.228146754348 0.0319918043258 0.0319918043258
0.356060888683 -0.940085212992 -0.0345516133786 -0.0345516133786
1.22700466934 0.969899628965 0.0378410226694 0.0378410226694
0.108560400872 0.713852433191 -0.0422876442392 -0.0422876442392
0.162501103422 1.44074329454 0.0487287063762 0.0487287063762
0.681686219932 0.319613262681 -0.059057919022 -0.059057919022
0.22812048112 2.25868873255 0.0786636250583 0.0786636250583
-1.83057430993 -4.3437905006 -0.131405960915 -0.131405960915
-1.26130178087 -2.60941089099 0.81377145957 0.81377145957
