17.0026209217 7.04833068714 0.239612739073 0.245833145095
-1.31654924961 -0.0488843307413 -0.0873542711875 -0.0947455468692
-0.780678948337 0.0108539958176 0.0467262421351 0.0552259738017
-0.893200855533 0.244302003298 -0.0272911382771 -0.0368545286122
-0.272523536304 1.14121454741 0.01553748207 0.0261348737634
-1.20225431417 0.19937986872 -0.00742282900799 -0.0190381481304
0.0111879812563 0.715810744377 0.00130955076494 0.0139394906291
-0.894387936284 0.364171205774 0.00359655004534 -0.0100573056201
-0.496013012061 0.269159802448 -0.00773146795201 0.00696866760932
-0.883342547754 0.329628029796 0.0113585911552 -0.0044244082462
-0.146342081482 0.66921795026 -0.0146507689218 0.00226786147141
-0.339202177282 0.779992623841 0.0177309650521 -0.000395255485397
1.1020218948 0.497349812832 -0.0206946061964 -0.00126520376413
-0.44247097168 0.846576434195 0.0236234225707 0.00276511106945
0.399386006454 1.17688745064 -0.026595547571 -0.00414285865431
-0.340595086999 0.817238558899 0.0296947392878 0.00542798947056
-0.298410093101 1.16166391867 -0.0330211863121 -0.00664402338207
-1.48840011805 -0.187613019311 0.0367071583853 0.00781037088693
-0.576083257448 0.24263339302 -0.0409434148328 -0.00894368994093
-1.27406779606 -0.389481485674 0.0460292406659 0.0100589023247
0.528970669622 -0.856566206565 -0.0524781350106 -0.0111700096904
0.123078088353 -1.22258496184 0.0612709659705 0.0122908082015
0.909234244621 -0.460159472832 -0.0745732344876 -0.0134355809901
0.076265658887 -0.575992147774 0.0983520979175 0.0146198434597
0.959118634423 -0.415697940527 -0.157420790245 -0.0158612265242
-0.40482424564 -0.579984103524 0.653475666637 0.0171806101899
0.373709094166 -2.03294434155 0.192301523324 -0.018603673053
-0.343486130643 -1.20947911123 -0.0619886034233 0.0201631204213
-0.312362242838 -0.156935456096 0.0253364064207 -0.0219020318993
-0.432809914433 -1.07423961291 -0.00694771545831 0.0238791056921
0.416759421914 -0.936785493235 -0.00498044758629 -0.0261772408813
0.564338063059 -0.883439921726 0.014118868629 0.028918284583
1.38074732534 0.23348174597 -0.0220975353609 -0.0322898664798
-0.0784479737907 -0.911399312572 0.0299194443911 0.0365977632658
1.37737568165 0.227179443909 -0.0384987204669 -0.0423775305172
0.639844911032 -0.836510319086 0.0490917351454 0.0506619303805
1.34654393861 0.0281197157176 -0.0641232189887 -0.0637348139745
0.658544438794 0.48963705855 0.0899435708693 0.0878531107986
0.378177694872 1.32378617499 -0.152149483392 -0.148548755717
-0.294630074842 0.27787154461 0.618734926099 0.613769121283
