12.619047619 10.8095238095 0.047619047619 0.0238095238095
-0.186828195368 0.679924558898 -0.0220979091419 0.000583000741789
1.23200932879 1.33859432504 0.0130763399773 -0.00851511321389
-0.389296948141 0.643917197526 -0.00804481825257 0.0124814417139
0.37235080101 1.37861766885 0.00458668832869 -0.0148849997004
-0.396281663305 0.584761225232 -0.00190047732408 0.016514152402
0.469013691372 1.49293283772 -0.000361995119079 -0.0177038481231
-0.771999045485 0.202550961597 0.00238138492926 0.0186207139904
-0.361451700946 0.663669271732 -0.00426560754435 -0.0193570800385
-0.53118529482 0.445113731965 0.00608811935234 0.0199683222892
-0.634272036389 0.387447091007 -0.00790605128668 -0.0204897520254
0.261167247072 1.24137083384 0.00977036959049 0.020945030949
-0.706184892985 0.313035532247 -0.0117329634104 -0.0213506929179
-0.516720569737 0.459161200217 0.0138531621979 0.0217187267508
0.203673533305 1.26007357653 -0.016205582761 -0.0220581292269
0.497532526401 0.852352566893 0.0188916459975 0.0223758819255
1.32128360785 0.400465408855 -0.0220588189519 -0.0226775920543
0.756225227483 -0.228891144798 0.0259360113978 0.0229679311678
0.371896651076 -0.656025336516 -0.0309049213144 -0.0232509501987
0.599583361683 -1.2466175141 0.0376598863065 0.0235303192108
0.380952380952 -0.809523809524 -0.047619047619 -0.0238095238095
-0.352190680616 -1.1257645747 0.0642131165802 0.0240920413768
0.344309497312 -0.980179517998 -0.0984467846921 -0.0243815164194
-0.340934930646 -0.758003861527 0.215678618697 0.0246819541514
0.329227466147 -0.635676924567 0.891159230757 -0.0249979549275
-0.217167741105 -3.84592068879 -0.137367344167 0.0253350203546
1.65571849209 0.876851473679 0.0711627176617 -0.0256999774643
0.0818567459807 -2.05959018552 -0.0459712250727 0.0261015956663
0.788572005345 0.213844849378 0.0323910183876 -0.0265515234665
0.287592667718 -0.92839177783 -0.0236644837279 0.0270657716102
0.635243853093 -0.629910369231 0.0173826490728 -0.0276671686087
0.494975668338 -1.43669670641 -0.0124522314298 0.0283896371375
-0.0983936903966 -0.524063460508 0.00827772230174 -0.0292861021864
0.0588885029237 -1.54819584181 -0.00446443607123 0.0304442366887
-0.599719399243 0.154027478375 0.000668406951765 -0.0320209154583
-1.23731574191 -0.395666460507 0.00354278528733 0.0343277335849
-0.786494768454 1.14764513144 -0.00897115202854 -0.0380848797746
-1.20416909819 0.710491731342 0.0178009458165 0.0454189056865
-0.814909876039 1.34673646688 -0.0403195171959 -0.0665749720287
-0.282271267876 -0.270181230625 0.947377404662 0.972371702816
