12.0 12.0 3.52021934637e-17 3.52021934637e-17
0.715614549264 -0.307421482445 0.0123826178158 0.0123826178158
0.251876721999 -0.740470440279 -0.0164756780662 -0.0164756780662
0.830966921139 -1.28192770711 0.0185347976164 0.0185347976164
1.18320489439 -0.662102020775 -0.019786673058 -0.019786673058
0.815312020234 -0.190214102812 0.0206369581156 0.0206369581156
1.1851338984 0.230054751269 -0.0212587795628 -0.0212587795628
0.81030975215 -0.262345525429 0.0217385179891 0.0217385179891
1.21021984537 0.373430954685 -0.0221241389519 -0.0221241389519
0.672037558786 0.912501885493 0.0224444563122 0.0224444563122
0.00153527236533 1.13323818777 -0.0227178669031 -0.0227178669031
-0.0425071487192 0.857798407083 0.0229567111664 0.0229567111664
0.0443180918687 1.13943408935 -0.0231696199267 -0.0231696199267
-0.032574498683 0.870750275908 0.0233628565914 0.0233628565914
0.0107907156933 1.11139612529 -0.0235411250866 -0.0235411250866
0.0235038722877 0.917561706825 0.0237080785581 0.0237080785581
-0.0798710580658 1.03262386812 -0.0238666534135 -0.0238666534135
0.191877436191 1.07145757396 0.0240192982475 0.0240192982475
-0.620167266973 0.509993790177 -0.0241681384263 -0.0241681384263
-0.509069081582 0.34835756714 0.024315101533 0.024315101533
-0.420191605554 0.739117823806 -0.0244620203335 -0.0244620203335
-0.633705114919 0.182364323954 0.024610725378 0.024610725378
-0.31340218937 0.912403269377 -0.0247631373625 -0.0247631373625
-0.754262269909 -0.0750163147754 0.024921369333 0.024921369333
-0.121055078621 1.74722186995 -0.0250878506979 -0.0250878506979
-1.49969641072 -0.15155087637 0.0252654894082 0.0252654894082
-0.611399412698 0.355686596841 -0.0254578969632 -0.0254578969632
-1.32580504672 -0.392803423839 0.0256697160196 0.0256697160196
-0.721629247685 0.450307687631 -0.0259071182813 -0.0259071182813
-1.23064161059 -1.06717856989 0.0261785936118 0.0261785936118
-0.848841623762 -0.774776574063 -0.0264962579393 -0.0264962579393
-0.442730603914 -1.25576044332 0.0268781339259 0.0268781339259
0.290171929957 -0.734339360371 -0.0273523749998 -0.0273523749998
-0.2284474603 -1.26902684503 0.0279656919041 0.0279656919041
0.152040313698 -0.730349444464 -0.0288018377032 -0.0288018377032
0.722376454971 -1.2688512489 0.0300276478108 0.0300276478108
0.318910474691 -0.733013900362 -0.0320304125295 -0.0320304125295
0.660955844932 -1.26343876697 0.035962395607 0.035962395607
0.355124826947 -0.746779646015 -0.0474746648521 -0.0474746648521
-0.302967593385 -0.305407232157 0.998972844211 0.998972844211
