24.2295886179 4.4580216561 0.153807881055 0.124357347884
-1.50142245745 0.0702825900009 -0.0741337572025 -0.0465496018039
-0.570809727202 0.85442208295 0.0490911224792 0.0231456066618
-0.978600813871 0.20463882027 -0.0362413007256 -0.0117629979388
0.0577825740848 0.734943839054 0.028107033134 0.00496572276495
-1.79013020802 0.356729601502 -0.0223041463285 -0.000400801248046
-0.267983719381 1.35891163322 0.0178285856189 -0.00291140082762
-1.70858508782 -0.311199447539 -0.0141796072586 0.00545183133335
-0.302869718307 1.67774955897 0.0110765405651 -0.00748450148936
-1.6907163026 -0.0941320336623 -0.00834755124316 0.00916663895575
-0.315697102954 0.992802859404 0.00587954732215 -0.0105979426602
-1.65837572118 0.791348726849 -0.00359314724766 0.0118449118346
0.608547767789 1.25958464934 0.00142904968413 -0.0129538288559
-1.91016260004 0.70267241921 0.000660002340919 0.0139581330042
0.279297820043 1.3720709017 -0.00271438353833 -0.014882832681
-1.22022337694 0.0876235311872 0.00477127723563 0.0157472685935
0.191969213486 0.863262770694 -0.00686771234853 -0.0165669188244
0.488661755041 0.113063736756 0.00904352376753 0.0173546290927
1.3879567853 1.05837369438 -0.0113447767574 -0.0181214915743
-0.668833276534 0.922370718315 0.0138283385583 0.0188775093762
0.629005335457 1.07389222507 -0.0165686744311 -0.0196321364047
-0.588040478881 0.962215831774 0.019668815118 0.0203947569906
-0.133638860089 0.312025735941 -0.0232793619011 -0.0211751580107
-1.76011132402 -0.199675690085 0.0276338861806 0.0219840448252
-0.237484145483 0.208019202674 -0.0331205678054 -0.0228336607254
-1.82010686527 -0.452359068515 0.0404429971149 0.0237385902642
0.256649251522 -1.08462379291 -0.0510347299392 -0.0247168663876
-0.633801680682 -0.930709009593 0.068364319421 0.0257915733995
1.49792672127 -1.12013104552 -0.103616916301 -0.0269932704425
0.288567182935 -0.700098575229 0.224661705673 0.0283638121667
0.601948558057 -0.543259999847 0.775751830367 -0.0299626444076
-0.945246442143 -1.85297703454 -0.122838088617 0.0318777083108
-0.631789686896 -0.734897503425 0.0575610141787 -0.0342454716833
-0.811456865116 -1.12350451324 -0.0305511706154 0.0372904836761
1.51597855489 -0.995459596474 0.0136748652647 -0.0414109999446
0.430186443315 -0.769037390044 0.000302745141451 0.0473884122849
1.58549220648 -0.363739758116 -0.0154537719531 -0.0569957016241
0.399164018979 -0.233397593758 0.0378747493135 0.0753047087293
1.63929345142 0.814964439103 -0.0908188730609 -0.125042434478
-0.324908520494 -0.379087044319 0.807676367315 0.839300801651
