14.0 6.0 4.20084387696e-17 4.20084387696e-17
1.22011026116 1.39543459399 -0.0387739529946 -0.0387739529946
-2.11883989752 0.627197182817 0.0512034122389 0.0512034122389
0.928978744758 1.34674484332 -0.0557108302197 -0.0557108302197
-1.65363778186 0.681297954248 0.0562728570465 0.0562728570465
0.267664556572 1.28956190309 -0.0543227039723 -0.0543227039723
-0.448406482535 0.739554183602 0.050565236266 0.050565236266
0.418130771786 1.23316008966 -0.0454420084493 -0.0454420084493
-0.337567957133 0.788580087822 0.0392864535487 0.0392864535487
0.223178859016 1.20640097889 -0.032384035739 -0.032384035739
-0.0178576469447 0.713655321886 0.024997171394 0.024997171394
1.24334211587 -0.0629655395265 -0.0173751995037 -0.0173751995037
0.90687621815 0.0261244239016 0.00975735611871 0.00975735611871
1.00751617611 -0.0159484566538 -0.00237226171898 -0.00237226171898
0.0660177815324 -0.970765879393 -0.00456436229954 -0.00456436229954
0.715151771793 -0.22302585026 0.0108528231536 0.0108528231536
1.32471771774 0.314475601173 -0.0163128852412 -0.0163128852412
0.617347955915 -1.09311868551 0.0207871453423 0.0207871453423
1.47158882877 0.302775513076 -0.024144110531 -0.024144110531
0.0800794790259 1.27975969083 0.0262808009946 0.0262808009946
0.177280803209 0.810027334874 -0.0271247442289 -0.0271247442289
-0.199891383977 1.16397763321 0.0266352593538 0.0266352593538
0.1684373351 0.83378213945 -0.0248039550539 -0.0248039550539
-0.0974671979805 1.19341463015 0.0216543833936 0.0216543833936
-0.0533416647955 0.712509583036 -0.0172408038475 -0.0172408038475
-1.08235153101 0.0815501276019 0.0116460144956 0.0116460144956
0.0737416899409 0.997487208936 -0.00497819442303 -0.00497819442303
-0.93645982977 0.0129038836411 -0.00263333900444 -0.00263333900444
-1.20306079264 0.888772309207 0.0110436460451 0.0110436460451
-0.676194586345 0.331304796067 -0.0200993350737 -0.0200993350737
-1.43707975829 -0.281800965887 0.0296481758853 0.0296481758853
-0.458384109511 0.262215603839 -0.0395528311575 -0.0395528311575
-1.6302623659 -0.208918116399 0.0497124394316 0.0497124394316
-0.321802584477 -0.161683066809 -0.0601009854277 -0.0601009854277
-1.48055702547 -1.52283432384 0.0708461268973 0.0708461268973
1.16261131677 -0.533052556806 -0.0824207239241 -0.0824207239241
-1.19479256343 -1.44156094444 0.0962176704529 0.0962176704529
1.33273357963 -0.583153221061 -0.116907271432 -0.116907271432
-0.126769951445 -1.36170996543 0.170159050841 0.170159050841
1.04219212114 0.525167250978 0.990779592424 0.990779592424
