12.0 8.0 6.34413156929e-18 -9.51619735393e-18
2.70800758685 1.24351510729 -0.0777666621606 -0.065274066465
-0.701749583733 -1.95707053994 0.104873546101 0.0826840358104
2.58591767044 0.446531248073 -0.110652788812 -0.0825748769302
-0.382097029224 -0.514248940272 0.102335759046 0.0726962057638
2.12233103358 0.367758604547 -0.0837783080717 -0.0568941875269
0.112431339241 -0.107833975722 0.0583042572383 0.0379733699956
0.247755349592 1.23294120836 -0.0292599663861 -0.0183199571557
6.09036630652e-16 1.0 6.1219107915e-19 1.23777592385e-17
-0.238663126915 0.839220285135 0.0263097529224 0.015292134507
0.403934764292 1.27158332087 -0.0469404187321 -0.026318230073
-0.444943098673 0.667008043628 0.0598363067058 0.0323661409913
0.111658919606 1.34529428887 -0.063799996971 -0.0332826241756
-1.68410611541 0.688347149308 0.0586013377139 0.0294589944742
-0.54905363136 1.23820986363 -0.0449966409884 -0.0217678317245
-1.18551470836 0.867312299466 0.0246551210635 0.011455450694
-6.85166209483e-16 1.0 3.01514858475e-16 1.00731185443e-17
0.372748682375 1.18020512767 -0.0260186747657 -0.011051161029
-1.31810128262 0.0191657305333 0.0501939785718 0.0202489172187
-0.404350315819 0.155615952539 -0.0693418938444 -0.0263982196614
-1.72477606231 -0.234938394668 0.0805503827458 0.028686913652
-0.257090221664 0.267079857198 -0.0813448976104 -0.0267748595667
-1.65061296636 -0.260121555841 0.0696862922506 0.0208345562848
-0.550823552514 0.218407079523 -0.0436175108829 -0.011539283596
-1.26882631386e-16 1.0 4.87749814605e-17 2.61514459426e-18
-1.26619386718 0.0078039504543 0.0700149635351 0.0123426410647
-0.211883693667 0.781443249182 -0.204301864786 -0.0238602497832
-2.25497237089 0.67156094299 0.817259591765 0.0328981842676
5.42660541193 -0.863655728919 0.598893672957 -0.0379398634276
6.20735421808 -0.410618511065 -0.176663934482 0.0377563634522
0.0163082955664 1.20928617548 0.0691942919278 -0.031524137368
1.22731425106 -0.260907880421 -0.0206010143088 0.0188946858527
1.0 1.01506105109e-16 2.34017315728e-17 3.10503900083e-19
1.0098730262 0.227313241093 0.00117500003318 -0.0246276413149
0.832372925639 -0.47108101815 0.013328820469 0.0542664384286
1.42370681655 0.764552243538 -0.0413642840226 -0.0884819795301
0.260288387902 -1.35701713332 0.0825738210236 0.128398834498
2.0866301788 0.0866442021844 -0.142962516914 -0.181615595985
-0.482468652037 -0.813301056026 0.272961242004 0.300332236328
1.43787570676 1.0254241342 0.988377521379 0.974515804886
