9.84969916864 20.8811078573 0.18402748378 0.18402748378
0.36642849902 -1.6428067583 -0.0718658719778 -0.0718658719778
0.709400618687 -0.353557591632 0.0400379628756 0.0400379628756
0.803551560029 -1.6826454243 -0.0248575745586 -0.0248575745586
0.518681670854 -0.15588426326 0.0158836368426 0.0158836368426
0.356016418957 -0.881961752638 -0.00989472163643 -0.00989472163643
0.751486342785 -0.595884459792 0.00556816886198 0.00556816886198
0.062805512981 -1.47214327989 -0.00226042978669 -0.00226042978669
0.35968622854 -0.494430317535 -0.0003795313902 -0.0003795313902
0.526351121382 -1.55363550878 0.00255977509992 0.00255977509992
0.529951636025 0.137211010001 -0.00441173932052 -0.00441173932052
0.435412640843 -1.09626663743 0.0060228229432 0.0060228229432
0.587404066681 0.125389881581 -0.00745369309225 -0.00745369309225
0.398821329983 -1.56551736358 0.00874807774278 0.00874807774278
0.603345387107 -0.498748039793 -0.00993860635755 -0.00993860635755
0.425057682607 -1.45471801007 0.0110504570345 0.0110504570345
0.291081410305 -0.626497360463 -0.0121037324152 -0.0121037324152
-0.84552835798 -0.792818296057 0.0131150742864 0.0131150742864
-0.894788468452 -0.275029353689 -0.014098813056 -0.014098813056
-1.1548353915 -0.244521855028 0.015067833218 0.015067833218
-0.824347903616 1.18154209379 -0.016034272771 -0.016034272771
-1.177985414 -0.696431141456 0.0170101405852 0.0170101405852
0.00799492165794 1.37333512837 -0.0180079198383 -0.0180079198383
-1.26860883308 -0.285168807736 0.019041223005 0.019041223005
-0.744216684192 1.24554966847 -0.0201255737216 -0.0201255737216
-0.609683098162 -0.225977481868 0.0212794160923 0.0212794160923
-0.327095699933 1.21846720605 -0.0225255006388 -0.0225255006388
-0.673648524769 -0.221711923657 0.0238928848492 0.0238928848492
-0.826331993286 1.24024569676 -0.0254199493029 -0.0254199493029
-1.2904103898 -0.295322428821 0.0271591392176 0.0271591392176
-0.458181198827 1.55572492002 -0.0291847534313 -0.0291847534313
-0.214893781631 0.40836765621 0.0316063868883 0.0316063868883
0.936836848125 1.61160625657 -0.0345935193438 -0.0345935193438
0.855268356799 -0.573147560532 0.0384238101889 0.0384238101889
1.20608587144 0.676597375044 -0.0435869220644 -0.0435869220644
0.753069656769 -1.19118965713 0.0510360830892 0.0510360830892
1.2859989611 0.170844679032 -0.0629089956628 -0.0629089956628
0.664713934519 -1.21872456359 0.085200901599 0.085200901599
1.42526221176 0.591465023278 -0.143630455072 -0.143630455072
-0.0665229850371 -0.558008733094 0.740865022728 0.740865022728
