10.0 17.0 -9.51619735393e-18 -9.51619735393e-18
1.39208135882 1.47674933263 -0.065274066465 -0.065274066465
-1.29030240288 -3.27668603527 0.0826840358104 0.0826840358104
1.12866899831 0.973348775832 -0.0825748769302 -0.0825748769302
-0.91889036454 -2.59128218199 0.0726962057638 0.0726962057638
0.677557203646 0.163181890103 -0.0568941875269 -0.0568941875269
-0.424929160458 -1.72609465092 0.0379733699956 0.0379733699956
0.185202153943 -0.679977184553 -0.0183199571557 -0.0183199571557
6.09036630652e-16 -1.0 1.23777592385e-17 1.23777592385e-17
0.713862370574 -0.379550168728 0.015292134507 0.015292134507
1.40423997529 0.544003290075 -0.026318230073 -0.026318230073
0.532470806432 -0.605230436418 0.0323661409913 0.0323661409913
1.4703804598 0.559450528746 -0.0332826241756 -0.0332826241756
0.584337024222 -0.409504852427 0.0294589944742 0.0294589944742
1.3117435033 0.123529484212 -0.0217678317245 -0.0217678317245
0.829958551565 -1.18901190473 0.011455450694 0.011455450694
1.0 -2.03012210217e-16 1.00731185443e-17 1.00731185443e-17
1.21391595937 0.221301026867 -0.011051161029 -0.011051161029
-0.040008850344 0.276805671432 0.0202489172187 0.0202489172187
0.228048445203 1.74924177102 -0.0263982196614 -0.0263982196614
-0.305424586657 0.245960040423 0.028686913652 0.028686913652
0.318483195389 1.68253069161 -0.0267748595667 -0.0267748595667
-0.274080145444 0.469233880233 0.0208345562848 0.0208345562848
0.173973205843 1.30560458211 -0.011539283596 -0.011539283596
-1.01506105109e-16 1.0 2.61514459426e-18 2.61514459426e-18
-1.09446526263 -0.218841899129 0.0123426410647 0.0123426410647
-0.0653341185612 1.16169681931 -0.0238602497832 -0.0238602497832
-0.147551829607 0.557878214698 0.0328981842676 0.0328981842676
0.259935705987 1.57604895044 -0.0379398634276 -0.0379398634276
-0.313356787947 0.402267255963 0.0377563634522 0.0377563634522
0.309633245288 1.50588667321 -0.031524137368 -0.031524137368
-0.250252582853 0.697072649917 0.0188946858527 0.0188946858527
-1.0 1.0 3.10503900083e-19 3.10503900083e-19
-0.00671261322071 1.38267877918 -0.0246276413149 -0.0246276413149
-0.104442039246 0.182727758506 0.0542664384286 0.0542664384286
-0.243849817279 2.27099603261 -0.0884819795301 -0.0884819795301
-1.4337096728 -0.710129488579 0.128398834498 0.128398834498
1.24677268462 3.1077593725 -0.181615595985 -0.181615595985
-1.32738297732 -1.48400788268 0.300332236328 0.300332236328
1.40228550703 2.34864892808 0.974515804886 0.974515804886
