10.1117876957 5.86666341116 0.170671241135 0.170671241135
0.34638728896 -0.486999252261 -0.0664195490452 -0.0664195490452
0.682983090258 -0.541496385528 0.0364116612637 0.0364116612637
0.845306675368 0.135612020966 -0.0220321765691 -0.0220321765691
1.29579500574 -0.122648755354 0.0135111817645 0.0135111817645
0.40787388558 0.351423737992 -0.00781603967365 -0.00781603967365
0.639278186781 0.640668613138 0.00369747177368 0.00369747177368
0.332372960871 0.361698742192 -0.000546336481484 -0.000546336481484
0.687390373618 0.636626527379 -0.0019701335544 -0.0019701335544
0.294312064704 0.369655854479 0.00404939333283 0.00404939333283
0.74361883717 0.597770851575 -0.00581629175274 -0.00581629175274
-0.316007569846 0.980563641517 0.00735390687096 0.00735390687096
1.01157041113 1.08694419526 -0.00871994260917 -0.00871994260917
0.0450909679396 0.884091855612 0.00995601446532 0.00995601446532
0.976802324609 1.13439843573 -0.0110931920473 -0.0110931920473
-0.574447974596 0.849981879523 0.0121554624364 0.0121554624364
0.570415062038 1.1669241084 -0.0131619878464 -0.0131619878464
-0.812722964971 0.808826023444 0.0141286409156 0.0141286409156
-0.159670516236 1.24624818334 -0.0150690985855 -0.0150690985855
-0.874216559143 0.144579234591 0.0159956665154 0.0159956665154
-0.859850536007 0.836686011462 -0.0169199461588 -0.0169199461588
-1.20506127965 0.0909759157612 0.0178534244753 0.0178534244753
-0.764842073782 1.38678343648 -0.0188080512904 -0.0188080512904
-1.25282297673 0.0126739471217 0.0197968669823 0.0197968669823
-0.735606738979 0.242530917929 -0.0208347527783 -0.0208347527783
-1.27198281081 -0.547472359266 0.0219394003646 0.0219394003646
-0.724385741667 -0.395999474736 -0.0231326444712 -0.0231326444712
-1.27236820771 -0.654836941126 0.024442387773 0.024442387773
0.0479539488004 -1.06780863795 -0.0259055048771 -0.0259055048771
-1.0659717937 -1.0057067537 0.0275724106136 0.0275724106136
0.47955659722 -0.956932438674 -0.0295145698455 -0.0295145698455
-0.468340841009 -1.0677455373 0.0318374689753 0.0318374689753
0.566013607605 -0.912744964869 -0.0347043669559 -0.0347043669559
0.363334056548 -1.10559726781 0.0383830031083 0.0383830031083
0.277031723958 -0.873012427038 -0.0433461714037 -0.0433461714037
-0.369540422873 -1.16147159603 0.0505159445871 0.0505159445871
1.30453117034 -0.733172813421 -0.0619657881195 -0.0619657881195
0.404894304034 -0.325396551814 0.0835374926753 0.0835374926753
0.249627571689 -1.08564238979 -0.140542709141 -0.140542709141
-0.356088802969 -0.387642998387 0.764510213178 0.764510213178
