13.0 8.0 3.52021934637e-17 3.52021934637e-17
0.705023577013 -0.16804324454 0.0123826178158 0.0123826178158
1.26199661761 0.111529098962 -0.0164756780662 -0.0164756780662
-0.310260700508 -1.12749333878 0.0185347976164 0.0185347976164
1.41378191996 0.149817406232 -0.019786673058 -0.019786673058
0.612708651541 -1.19495839667 0.0206369581156 0.0206369581156
1.38351512798 0.325891440316 -0.0212587795628 -0.0212587795628
0.609634064255 -0.25642944934 0.0217385179891 0.0217385179891
1.4158351654 0.203580099285 -0.0221241389519 -0.0221241389519
0.460322231165 -0.0624636244152 0.0224444563122 0.0224444563122
0.219484079775 1.36918016714 -0.0227178669031 -0.0227178669031
-0.265256354512 0.689357259264 0.0229567111664 0.0229567111664
0.266221899906 1.29393244917 -0.0231696199267 -0.0231696199267
-0.23092941026 0.702187025452 0.0233628565914 0.0233628565914
0.013348208454 1.3393750484 -0.0235411250866 -0.0235411250866
-1.48662652688 0.397855536359 0.0237080785581 0.0237080785581
-0.572586966293 0.321201818782 -0.0238666534135 -0.0238666534135
-1.40875066418 1.24392138374 0.0240192982475 0.0240192982475
-0.598274378446 0.429788794897 -0.0241681384263 -0.0241681384263
-1.3999725024 0.381348929841 0.024315101533 0.024315101533
-0.598380173575 0.751959588767 -0.0244620203335 -0.0244620203335
-1.40637439766 0.0831427838099 0.024610725378 0.024610725378
-0.584955030023 1.48436346861 -0.0247631373625 -0.0247631373625
-1.43019124487 0.615941942419 0.024921369333 0.024921369333
-0.540646358489 1.33462001408 -0.0250878506979 -0.0250878506979
-1.53394856424 0.699719816482 0.0252654894082 0.0252654894082
0.0878683682351 1.26534340635 -0.0254578969632 -0.0254578969632
-0.374375392031 0.802032712286 0.0256697160196 0.0256697160196
1.01245948661 0.608682316012 -0.0259071182813 -0.0259071182813
0.78489789176 -0.442690305071 0.0261785936118 0.0261785936118
1.2651216763 0.466966568071 -0.0264962579393 -0.0264962579393
0.711800849532 -1.17989112065 0.0268781339259 0.0268781339259
1.30168920785 0.00898813294368 -0.0273523749998 -0.0273523749998
0.689326641514 -0.136086822722 0.0279656919041 0.0279656919041
1.31723274263 0.160580540848 -0.0288018377032 -0.0288018377032
0.677536742342 -0.1594669846 0.0300276478108 0.0300276478108
1.32720475339 0.130137745116 -0.0320304125295 -0.0320304125295
0.667210821716 0.772458363151 0.035962395607 0.035962395607
1.34481707482 0.266535650789 -0.0474746648521 -0.0474746648521
-0.295314013446 -0.219501586634 0.998972844211 0.998972844211
