11.0 9.0 -2.22044604925e-17 0.0
1.0 -1.0 -5.82867087928e-17 -6.10622663544e-17
1.0 -1.7763568394e-16 1.79637858894e-17 0.0
1.0 -1.0 4.4408920985e-17 -1.05588484211e-17
1.0 0.0 -2.22044604925e-17 0.0
1.0 -3.33066907388e-17 -3.55751321456e-18 -2.46601099199e-18
1.0 -1.0 -6.86155564311e-18 0.0
1.0 1.0 -1.7763568394e-16 -8.881784197e-17
1.0 -2.6645352591e-16 1.79637858894e-17 0.0
-3.5527136788e-16 1.0 -1.10537834652e-18 -2.06537868833e-17
-8.881784197e-17 1.0 -2.22044604925e-17 0.0
-1.0 1.0 0.0 2.46519032882e-33
-7.1054273576e-16 1.0 -1.11022302463e-17 0.0
-1.0 1.0 1.49831661543e-17 3.45986822688e-19
-1.7763568394e-16 1.0 -6.86155564311e-18 0.0
-1.0 1.0 8.881784197e-17 0.0
-1.0 1.0 -6.86155564311e-18 0.0
-1.0 -5.40654115646e-17 1.74353010224e-17 2.74624656597e-17
-1.0 0.0 1.79637858894e-17 0.0
-1.0 1.0 -6.66133814775e-17 1.05588484211e-17
1.7763568394e-16 2.6645352591e-16 1.0 0.0
5.0 -1.0 2.77555756156e-18 -1.66533453694e-17
1.0 1.7763568394e-16 1.79637858894e-17 0.0
1.0 1.7763568394e-16 -8.881784197e-17 0.0
8.881784197e-16 1.0 -6.86155564311e-18 0.0
1.0 1.42883253535e-16 2.72238918318e-17 6.34476881747e-18
8.881784197e-17 1.0 -6.86155564311e-18 0.0
4.4408920985e-16 1.0 -6.66133814775e-17 6.5257272063e-18
-5.3290705182e-16 1.0 0.0 0.0
-3.5527136788e-16 1.0 -8.55106477323e-19 2.95299260945e-17
8.881784197e-17 1.0 -2.22044604925e-17 0.0
-3.5527136788e-16 1.0 8.881784197e-17 0.0
-7.1054273576e-16 1.0 1.79637858894e-17 0.0
-1.0 1.0 1.47328942851e-17 -7.60233247071e-18
-1.7763568394e-16 1.0 -6.86155564311e-18 0.0
0.0 -2.6645352591e-16 1.0 -6.5257272063e-18
-11.0 0.0 -1.11022302463e-17 0.0
-1.0 -1.0 -1.3346104024e-17 4.47545946754e-17
-1.7763568394e-16 -1.0 1.79637858894e-17 0.0
1.7763568394e-16 -2.6645352591e-16 1.0 1.0
