11.0 9.0 -7.93016446161e-18 -7.93016446161e-18
4.68273275783 3.40815155418 -0.149639726369 -0.149639726369
-1.14555850469 -2.05979351112 0.123074139032 0.123074139032
1.45996320192 0.465729326332 -0.030440064726 -0.030440064726
1.64946718692 0.731253433404 -0.0462160620256 -0.0462160620256
0.124044541613 -1.3912696713 0.064620134105 0.064620134105
1.42650380267 -0.584401908671 -0.0318020212627 -0.0318020212627
1.19242203814 0.0376210552903 -0.0141622036231 -0.0141622036231
0.472537431197 -0.162875203377 0.0371606179064 0.0371606179064
1.42322716257 0.100278225458 -0.0270110128063 -0.0270110128063
1.0 3.80647894157e-16 -5.55111512313e-17 -5.55111512313e-17
0.0315699758639 0.576818775077 0.0195413400938 0.0195413400938
0.101148424115 1.28882828015 -0.0192731487542 -0.0192731487542
-0.0381306181133 0.932917035354 0.00516308114468 0.00516308114468
-0.0666220250742 0.905697662137 0.00787855339123 0.00787855339123
0.0936394583042 1.11425387718 -0.0102891084645 -0.0102891084645
-0.0402500097593 0.958017555879 0.00429819847009 0.00429819847009
-0.0116471401201 0.991584621503 0.00136905800795 0.00136905800795
-0.00250291381285 0.976745524934 -0.00152542847845 -0.00152542847845
0.0526287876856 1.07886396591 -0.000972919190605 -0.000972919190605
2.22044604925e-16 1.0 9.91270557701e-18 9.91270557701e-18
-0.760691697639 0.194789281969 0.00557894809806 0.00557894809806
-0.884407860907 0.181108369082 -0.0093741043156 -0.0093741043156
0.141828555449 1.11517031368 0.00400131824084 0.00400131824084
0.258363498808 1.19387832145 0.00953516846624 0.00953516846624
-0.76649335596 0.377832201611 -0.0197385880074 -0.0197385880074
-0.859759306313 0.0210973854527 0.0138569159998 0.0138569159998
-0.0468844882128 0.85177713871 0.00860038377377 0.00860038377377
-0.456146218271 1.35684173406 -0.0310465724964 -0.0310465724964
-1.07528980267 0.703558462423 0.0309071071421 0.0309071071421
1.90323947079e-16 1.0 -3.17206578464e-17 -3.17206578464e-17
-0.210504424408 1.35060936143 -0.0427213416692 -0.0427213416692
-1.75361717802 0.529969289625 0.0598609927497 0.0598609927497
-0.757082624635 1.17798216481 -0.0235906395479 -0.0235906395479
-0.501833688082 1.40383451316 -0.0559338644264 -0.0559338644264
-1.96602999704 0.155219172051 0.123967028677 0.123967028677
-0.319018087813 1.6390275456 -0.102526195644 -0.102526195644
-0.54654704353 1.46893176897 -0.0889665635302 -0.0889665635302
-2.7354474081 -1.52208613463 0.756318525673 0.756318525673
4.12010185581 3.1463242265 0.858069482936 0.858069482936
