9.35733128055 3.36231184917 0.124357347884 0.124357347884
0.0460724788552 1.07947442366 -0.0465496018039 -0.0465496018039
-0.354880902207 0.964425911967 0.0231456066618 0.0231456066618
-0.683051570464 1.00975330855 -0.0117629979388 -0.0117629979388
-0.308217717216 1.00824652994 0.00496572276495 0.00496572276495
-0.688026075517 0.977799377736 -0.000400801248046 -0.000400801248046
-0.33767801822 1.03398282242 -0.00291140082762 -0.00291140082762
-0.503384894552 0.955168793363 0.00545183133335 0.00545183133335
0.863558839556 1.05596271659 -0.00748450148936 -0.00748450148936
0.176212520518 0.9306618391 0.00916663895575 0.00916663895575
0.820015334975 1.09006769985 -0.0105979426602 -0.0105979426602
0.16851015859 0.857329577612 0.0118449118346 0.0118449118346
0.861188332613 0.252212456905 -0.0129538288559 -0.0129538288559
0.062664066265 0.796847869511 0.0139581330042 0.0139581330042
1.33819794322 -0.238685264967 -0.014882832681 -0.014882832681
0.707906933847 0.71029130311 0.0157472685935 0.0157472685935
1.28232934012 0.370888823723 -0.0165669188244 -0.0165669188244
0.717440084095 -0.189934058225 0.0173546290927 0.0173546290927
1.28754022417 0.152652188393 -0.0181214915743 -0.0181214915743
0.70375151496 -0.139449038215 0.0188775093762 0.0188775093762
1.30953094625 0.130904771301 -0.0196321364047 -0.0196321364047
0.669374827878 -0.105544104073 0.0203947569906 0.0203947569906
1.36988151006 -0.590108967191 -0.0211751580107 -0.0211751580107
0.517390535779 -0.473716918333 0.0219840448252 0.0219840448252
0.556005301584 -0.514251563326 -0.0228336607254 -0.0228336607254
0.474954558348 -0.441800072888 0.0237385902642 0.0237385902642
0.0739487553862 -1.004004652 -0.0247168663876 -0.0247168663876
-0.13718879281 -1.10265803135 0.0257915733995 0.0257915733995
-0.574878615587 -0.0986248252893 -0.0269932704425 -0.0269932704425
-0.463283369051 -0.935639617192 0.0283638121667 0.0283638121667
-0.718741691881 0.207797042824 -0.0299626444076 -0.0299626444076
-1.38459885205 -0.281841747469 0.0318777083108 0.0318777083108
-0.0786341068689 0.814418711721 -0.0342454716833 -0.0342454716833
-0.885281242102 0.219643761706 0.0372904836761 0.0372904836761
-0.0886242825551 0.811949519851 -0.0414109999446 -0.0414109999446
-1.00198441093 0.0883449405938 0.0473884122849 0.0473884122849
0.360680034492 1.28493158428 -0.0569957016241 -0.0569957016241
-0.751517437354 0.298447834584 0.0753047087293 0.0753047087293
-0.3391268415 0.672041954141 -0.125042434478 -0.125042434478
0.0426984051517 0.298850184089 0.839300801651 0.839300801651
