10.5470439087 7.55949598067 0.0463875480774 0.0463875480774
0.710344386352 -1.12635508018 -0.0103989467788 -0.0103989467788
1.31230955877 0.279777094535 -0.00111723372709 -0.00111723372709
0.667067844227 -0.26868736591 0.00684194917684 0.00684194917684
1.35837106893 0.282284588431 -0.0103001946599 -0.0103001946599
0.601555721022 -0.315422619778 0.0126395740335 0.0126395740335
1.48618341587 0.39756153789 -0.0143455484586 -0.0143455484586
0.0517684606119 -0.853527938459 0.0156589352274 0.0156589352274
0.772883520601 -0.330525127683 -0.0167129040466 -0.0167129040466
0.886231158515 0.00616963118157 0.0175872028437 0.0175872028437
1.19445501559 0.0266380503554 -0.0183326223359 -0.0183326223359
0.762121389751 0.666153271952 0.0189831627012 0.0189831627012
1.28174977316 1.25142279736 -0.0195625613459 -0.0195625613459
-1.11998185927 0.748612892099 0.0200880169573 0.0200880169573
0.177263248731 1.26934244507 -0.0205724263475 -0.0205724263475
-1.33157708824 0.696134254623 0.0210257900952 0.0210257900952
-0.646348069983 1.37529978249 -0.0214561338237 -0.0214561338237
-1.42178661517 0.373205568396 0.021870138302 0.021870138302
-0.287337268922 0.542748211679 -0.0222735913815 -0.0222735913815
-0.541965269641 0.528396541489 0.0226717314462 0.0226717314462
-0.949398467828 0.340031597445 -0.0230695282615 -0.0230695282615
-1.13334262962 1.27531643253 0.023471934424 0.023471934424
-0.836608736995 0.239989472524 -0.0238841349603 -0.0238841349603
-1.16988083203 0.561866291065 0.0243118222717 0.0243118222717
-0.859522812951 1.24212179931 -0.0247615284766 -0.0247615284766
-0.336539188277 0.796124201109 0.0252410587255 0.0252410587255
-0.628348595383 1.19019055361 -0.0257600909297 -0.0257600909297
-1.29101177202 0.817947955364 0.0263310471927 0.0263310471927
0.37227726831 1.17126939055 -0.0269704156766 -0.0269704156766
-0.390552252843 0.856987526983 0.0277008415873 0.0277008415873
0.546078701096 0.992391161386 -0.0285545854569 -0.0285545854569
0.811754021873 -0.363080974053 0.0295795386052 0.0295795386052
1.24586600976 0.327301347246 -0.030850331031 -0.030850331031
0.731527774042 -0.343397220805 0.0324904075322 0.0324904075322
1.28262925791 0.418844494457 -0.0347202189329 -0.0347202189329
0.705559744039 -0.974629180062 0.0379764489439 0.0379764489439
1.30684162917 -0.186928801196 -0.0432642620011 -0.0432642620011
0.676342904241 -0.0561195915588 0.0535306571714 0.0535306571714
1.35936714643 0.113327078418 -0.0827405176714 -0.0827405176714
-0.228972863904 -0.132929213331 0.945492529128 0.945492529128
