9.0 8.0 1.30614473485e-16 0.0
0.526592911312 2.47056780515 -0.0591500784616 -0.0773510129099
-1.65513884005 -0.460553953276 0.0657893774514 0.0933900615642
1.20911685296 2.25925867997 -0.0565790614568 -0.0853615328236
-0.80930577352 0.070827843261 0.0413012628668 0.0649691986795
0.428166726187 1.54500345339 -0.0244915475942 -0.0394553283386
-0.103859327354 0.815050409799 0.00886823719107 0.0143802258003
0.886430625895 0.939115698182 0.00383399746863 0.00615161852257
1.31221206262 0.471226893353 -0.0126149195239 -0.0196823665576
0.610921759697 -0.507472628344 0.0171083132782 0.0254895289727
1.3740496913 0.470963871638 -0.0175056346357 -0.0244232188356
0.707899740878 -0.370050709443 0.0144637661025 0.018490381429
1.17180836181 0.235407937328 -0.00898690217865 -0.010267146141
0.958545566262 -0.0772257980178 0.00228582295831 0.00226456617359
0.924210242632 -1.013288328 0.00437549248601 0.00361792790843
1.16566631976 -0.277616383088 -0.00983269505374 -0.00644016670282
0.77449130477 0.227901718295 0.0131592126733 0.00630683663085
1.26936109546 -0.268107483682 -0.013776571748 -0.00418916393371
0.623558862037 0.397841326302 0.0115262751903 0.00154118202894
-0.0298258687238 1.00111737377 -0.00669633023275 0.000185079310501
-8.881784197e-16 1.0 6.53072367427e-18 1.63268091857e-18
-0.0352812616837 1.09127076395 0.00749085395556 -0.00230499342272
0.13646602986 0.783660144452 -0.0144508277214 0.00606257038076
-0.610096449062 1.32951972618 0.0194333410611 -0.0098859819914
-0.859927953861 0.615523098799 -0.0210160094562 0.0120433499686
0.273849974599 1.34143878625 0.0179424357974 -0.0109624218013
-0.0978790487963 0.822797374781 -0.00924208966239 0.0057443539056
-0.0505854222926 0.89338963487 -0.00569281468941 0.00344126131754
0.239464111966 1.47940785267 0.0271034229743 -0.015184560309
-0.907914101482 0.117604599742 -0.0549974179663 0.0269427625693
-0.59873047824 2.23283553054 0.0896319141219 -0.0354192421948
0.42556847965 -0.425197506492 -0.133413356874 0.0371413823859
0.975331593994 2.29633232727 0.20433702725 -0.0291091680116
-0.0330982808411 -0.748469505774 1.00523372135 0.00934807165666
1.66300910227 -12.8807342647 0.13187250868 0.0228321592718
2.05389384113 -4.28498147629 -0.194654364482 -0.0671606763483
-0.777413685662 0.693625427981 0.238249475624 0.124063273345
1.26836371483 -1.73198879846 -0.289464041493 -0.201444152009
-1.52764037342 -0.964707563426 0.424072764903 0.367369856683
1.64712965782 0.996941415195 0.93742661632 0.963336072061
