9.0 15.0 8.76491861546e-18 0.0
1.42113039092 0.786522038257 -0.0271401835508 -0.0253141048256
0.585832170036 -0.775271355641 0.0361330329364 0.0332659354587
1.43289174797 0.784661388757 -0.0394423554946 -0.0362587720026
-0.123768322405 -1.46621509768 0.0397556289319 0.0369108382567
0.108242461622 -0.53112310835 -0.0380800669084 -0.0361501990165
0.515364415937 -1.37653037862 0.0349499341358 0.0344217922128
1.28819332222 -0.799311655089 -0.0307325821415 -0.0319938149118
0.793336197738 -0.548533693304 0.0257296253824 0.0290596878669
1.14073199776 -0.285625836119 -0.0202156282953 -0.0257777985526
0.923843724863 -0.854432121988 0.0144537867772 0.0222883367499
1.00548482446 0.00287916870072 -0.00870205182682 -0.0187204813349
1.08922581854 -1.20639224058 0.00321509999163 0.0151951088208
0.658798116241 0.751958408935 0.00175526881835 -0.0118252866554
-0.0743541175326 0.893990080171 -0.00595974539672 0.00871564465372
-0.0377955369152 1.06154810141 0.00914981856394 -0.00596120272135
0.110297127994 0.993497754471 -0.0110731871898 0.00364598765306
-0.207621290556 0.962521896701 0.0114637963168 -0.00184164613246
-0.927801980982 1.06544692162 -0.010021961125 0.000606191786493
-0.0143831168684 0.926565288933 0.00637533705351 1.70171802408e-05
-1.0 3.73969860926e-16 -1.05179023386e-16 1.31473779232e-17
-0.0274951557833 1.03705732983 -0.00995012184729 -0.000669476158262
-0.874804643505 -0.88976504563 0.025053000821 0.00198791492502
-1.06766888359 -0.19003504305 -0.048770796012 -0.00393652709454
-0.988603025972 0.0452937259805 0.0905867297779 0.00648210809613
-0.945310253264 0.0911930322056 -0.189000189975 -0.00957838123253
-0.750722107772 -0.324820726701 0.871385515224 0.0131678423169
2.43135588934 1.54610519701 0.418728336266 -0.0171841694633
1.552827025 1.49164113172 -0.166546531733 0.0215553218912
-0.683043089218 0.929373410559 0.0952510563171 -0.0262075748865
0.535200397067 0.902196366999 -0.0573221847618 0.0310709939191
-0.791826731874 1.21553824251 0.0313456780506 -0.0360874046928
-0.560920081573 0.690661988441 -0.0110631548032 0.0412231944778
-0.171602658229 1.38241660731 -0.00600909405417 -0.0464924997795
-1.05115009511 0.576729389328 0.0211196460049 0.0520054167113
0.241347122107 1.34971416074 -0.0351712323028 -0.0580856588842
-1.40757313093 -0.650460380574 0.0493678440218 0.0656228342677
0.583556358351 1.89791483408 -0.0667758294762 -0.0775032922379
-0.504124108235 0.117174208306 0.102868499952 0.109090639409
0.477119748471 0.764337062982 0.998552419446 0.995887062876
