10.2696038593 21.5468146719 0.124357347884 0.124357347884
0.0715294190675 -1.36896267941 -0.0465496018039 -0.0465496018039
1.20391197467 -0.701858533162 0.0231456066618 0.0231456066618
0.911484701363 -0.848884412777 -0.0117629979388 -0.0117629979388
0.458367737907 -0.070854862419 0.00496572276495 0.00496572276495
0.542482421664 -1.66281196234 -0.000400801248046 -0.000400801248046
1.23130286839 -0.392784842835 -0.00291140082762 -0.00291140082762
-0.345601857219 -1.58959461047 0.00545183133335 0.00545183133335
0.308022937236 -0.406720714668 -0.00748450148936 -0.00748450148936
-0.322930567982 -1.63828302843 0.00916663895575 0.00916663895575
0.906038515265 0.267191077088 -0.0105979426602 -0.0105979426602
0.969600029503 -1.21613986104 0.0118449118346 0.0118449118346
0.903391590219 0.247091464627 -0.0129538288559 -0.0129538288559
0.128313498585 -1.49782176957 0.0139581330042 0.0139581330042
0.910345000276 -0.527108431615 -0.014882832681 -0.014882832681
-0.422475265632 -1.45909802144 0.0157472685935 0.0157472685935
0.344324657654 -0.559424818399 -0.0165669188244 -0.0165669188244
-0.342100381524 -1.38957530038 0.0173546290927 0.0173546290927
-0.756156704015 0.442444263815 -0.0181214915743 -0.0181214915743
-1.22687017495 -0.405177847919 0.0188775093762 0.0188775093762
-0.790514240686 0.324451319802 -0.0196321364047 -0.0196321364047
-1.18922011063 0.272127847676 0.0203947569906 0.0203947569906
-0.837422482755 0.750954895768 -0.0211751580107 -0.0211751580107
-1.12123396204 0.318726282758 0.0219840448252 0.0219840448252
-0.963123108361 0.392284941525 -0.0228336607254 -0.0228336607254
-0.681296320017 -0.0322694273267 0.0237385902642 0.0237385902642
-0.29833617197 1.05186129781 -0.0247168663876 -0.0247168663876
-0.691401577048 -0.0448199046345 0.0257915733995 0.0257915733995
-0.331810811632 1.02876998995 -0.0269932704425 -0.0269932704425
-0.627118827614 8.09375487e-05 0.0283638121667 0.0283638121667
-0.461832483738 0.931690040379 -0.0299626444076 -0.0299626444076
-0.135289624823 0.431373572844 0.0318777083108 0.0318777083108
0.124860965801 1.66548967424 -0.0342454716833 -0.0342454716833
0.516459908485 -0.331309792241 0.0372904836761 0.0372904836761
1.3164415789 0.513901723848 -0.0414109999446 -0.0414109999446
0.719507523722 -0.574525146172 0.0473884122849 0.0473884122849
1.26556607743 0.656615724867 -0.0569957016241 -0.0569957016241
0.737572088021 -1.06752447376 0.0753047087293 0.0753047087293
1.28767258536 -0.0225248944476 -0.125042434478 -0.125042434478
0.0349560104196 -0.26783694412 0.839300801651 0.839300801651
