7.69241480175 8.59269571202 0.140885425841 0.140885425841
-0.0888353148996 0.830180846496 -0.0538003035115 -0.0538003035115
-0.277857970893 1.18962301257 0.027992846759 0.027992846759
-0.777545298353 0.801619805206 -0.0155049531587 -0.0155049531587
0.423089514997 1.20393021308 0.00806738530174 0.00806738530174
-0.357219761771 0.790774591219 -0.00308071452521 -0.00308071452521
0.342795974465 1.2168648581 -0.000533353403678 -0.000533353403678
-0.378307162498 0.767686524488 0.0033029534943 0.0033029534943
0.832371917052 1.27876240002 -0.00551751559194 -0.00551751559194
0.883289764598 0.0507962874735 0.00734918847405 0.00734918847405
0.322686184627 0.946021402523 -0.00890702442267 -0.00890702442267
0.833800946325 -0.175441117041 0.0102637019769 0.0102637019769
1.16762156988 0.453832202431 -0.0114697687103 -0.0114697687103
0.834940678007 1.13846690196 0.0125617224591 0.0125617224591
1.15993525839 0.218361919653 -0.013566842725 -0.013566842725
0.847503456884 -0.0157773234967 0.014506214049 0.014506214049
1.14226112404 -0.242333568042 -0.0153966995947 -0.0153966995947
0.872182067623 -0.708780235463 0.016252285216 0.016252285216
1.10570343288 -0.332658164884 -0.0170850387073 -0.0170850387073
0.934369278954 -0.613362860443 0.0179058342759 0.0179058342759
0.120820118677 -0.512201893161 -0.0187249403165 -0.0187249403165
0.147116522114 -1.36410408315 0.0195525406985 0.0195525406985
0.865415286966 -0.683569824373 -0.0203992469357 -0.0203992469357
-0.330297353144 -1.28845947116 0.0212766568857 0.0212766568857
0.231350699281 -0.731721610868 -0.0221980245161 -0.0221980245161
-0.151105273438 -1.25089291797 0.0231791274333 0.0231791274333
-0.0668314564356 -0.767571615339 -0.0242394613449 -0.0242394613449
-0.970056775814 -1.20626639172 0.025403968069 0.025403968069
0.490220023454 -0.852686479959 -0.0267056461297 -0.0267056461297
-1.07753308493 -0.456520896415 0.0281896633176 0.0281896633176
0.0307455616144 -0.609848554714 -0.0299201277681 -0.0299201277681
-1.20635498592 -1.17086973671 0.0319918043258 0.0319918043258
-0.797829375408 0.544254855487 -0.0345516133786 -0.0345516133786
-1.19444642173 -0.995440458923 0.0378410226694 0.0378410226694
-0.815299285244 -0.0706688160885 -0.0422876442392 -0.0422876442392
-1.17251175501 -0.107437683082 0.0487287063762 0.0487287063762
-0.844028551014 0.109153356029 -0.059057919022 -0.059057919022
-1.12954260787 0.152223540236 0.0786636250583 0.0786636250583
-0.9306059989 1.43811509868 -0.131405960915 -0.131405960915
-0.38109241597 -0.0667498246554 0.81377145957 0.81377145957
