18.5 24.380952381 0.0238095238095 0.0238095238095
-1.34205764132 -1.58936881779 0.000583000741789 0.000583000741789
1.47064685903 -0.422415955533 -0.00851511321389 -0.00851511321389
-0.593320298667 -1.56929755192 0.0124814417139 0.0124814417139
0.550636628651 -0.439169855633 -0.0148849997004 -0.0148849997004
-0.540868860745 -1.5497408357 0.016514152402 0.016514152402
0.546346763066 -0.467502692322 -0.0177038481231 -0.0177038481231
-0.570331986295 -1.50080578032 0.0186207139904 0.0186207139904
0.640519285216 -0.574916816548 -0.0193570800385 -0.0193570800385
-1.01141056612 -1.04992560264 0.0199683222892 0.0199683222892
-0.208603974395 0.266427579803 -0.0204897520254 -0.0204897520254
-0.21235012424 -1.84235915971 0.020945030949 0.020945030949
0.283584730651 -0.231906814656 -0.0213506929179 -0.0213506929179
-0.30218297167 -1.74616384611 0.0217187267508 0.0217187267508
0.292808737697 -0.248725605489 -0.0220581292269 -0.0220581292269
-0.233597739648 -1.80391974936 0.0223758819255 0.0223758819255
-0.521974203425 0.546675591663 -0.0226775920543 -0.0226775920543
-0.559524306594 -1.42769252667 0.0229679311678 0.0229679311678
-0.388245249072 -0.479298186441 -0.0232509501987 -0.0232509501987
-1.52348853561 -0.647867136677 0.0235303192108 0.0235303192108
-0.5 0.619047619048 -0.0238095238095 -0.0238095238095
-1.49543270115 -0.58500096363 0.0240920413768 0.0240920413768
-0.494458855484 1.68909095031 -0.0243815164194 -0.0243815164194
-1.54258893137 0.322163651116 0.0246819541514 0.0246819541514
-0.302688369672 1.68240364004 -0.0249979549275 -0.0249979549275
-0.581639803063 0.305357739393 0.0253350203546 0.0253350203546
-0.555543693073 1.71624242215 -0.0256999774643 -0.0256999774643
-0.062972126424 0.244267764515 0.0261015956663 0.0261015956663
0.0589643694174 1.84472494648 -0.0265515234665 -0.0265515234665
0.308999834954 -0.245089395049 0.0270657716102 0.0270657716102
0.858896302037 1.09287247498 -0.0276671686087 -0.0276671686087
-0.0192236130078 0.0596835849754 0.0283896371375 0.0283896371375
1.62280115644 0.339606306553 -0.0292861021864 -0.0292861021864
0.465298222473 -0.426588087601 0.0304442366887 0.0304442366887
1.49313037729 0.462662901016 -0.0320209154583 -0.0320209154583
0.534621241939 -0.478311173205 0.0343277335849 0.0343277335849
1.43891185861 0.478653393675 -0.0380848797746 -0.0380848797746
0.606853604249 -0.448739916937 0.0454189056865 0.0454189056865
0.542314055251 -0.40266612565 -0.0665749720287 -0.0665749720287
-0.462353285455 -0.635265112992 0.972371702816 0.972371702816
