17.0 5.0 1.86230958969e-16 1.86230958969e-16
4.9287889511 2.32580901107 -0.117095666001 -0.117095666001
-4.52930121603 -0.196408597156 0.124673597788 0.124673597788
1.54969109529 1.83781705678 -0.0831905697179 -0.0831905697179
-0.657039415436 0.688655613864 0.0246954827946 0.0246954827946
-1.58823314208 -0.196495038293 0.0260332268769 0.0260332268769
0.932825070432 1.04913331453 -0.05304908531 -0.05304908531
-1.49456294165 0.690763649048 0.0517536905637 0.0517536905637
-0.329921826091 1.25529003876 -0.0284433661724 -0.0284433661724
0.0644934690565 1.04759208884 -0.00350038904346 -0.00350038904346
-1.36640127374 -0.14194690332 0.0294315297035 0.0294315297035
0.15885345902 0.820489673841 -0.0391125095844 -0.0391125095844
-0.630785101469 0.645903685935 0.0301936517265 0.0301936517265
-0.88577785478 0.0351150773496 -0.00835676352864 -0.00835676352864
0.0954864940821 0.943626240928 -0.0157072202943 -0.0157072202943
-0.889337238348 0.416246208506 0.0311138641579 0.0311138641579
-0.602408429657 0.0850541464316 -0.0313873510294 -0.0313873510294
0.0605028843373 1.23232574298 0.017007892689 0.017007892689
0.0160894493949 1.06809489889 0.00505412189747 0.00505412189747
-0.667619666384 0.0728751237005 -0.0245356027672 -0.0245356027672
-0.981929655598 0.37781667713 0.0324244237486 0.0324244237486
0.513127389494 1.20807042137 -0.0249314969372 -0.0249314969372
-0.116329284671 0.966108409165 0.00521959159441 0.00521959159441
-1.14122705918 0.885277091159 0.0178591228835 0.0178591228835
-0.212689066661 1.25916814985 -0.0335323702709 -0.0335323702709
0.138727143914 0.528203713529 0.0338502434734 0.0338502434734
1.23779171366 -0.0248002580119 -0.0174238634655 -0.0174238634655
1.11757679898 0.00960828870496 -0.00946749559345 -0.00946749559345
0.574082433862 -0.0725868840186 0.0350111207589 0.0350111207589
1.5640403669 0.128508009308 -0.0465526594556 -0.0465526594556
0.562818643274 -0.121254116641 0.0360949181722 0.0360949181722
1.05380452683 0.0180685282424 -0.00444658577425 -0.00444658577425
1.45439987213 0.20068235598 -0.0377012559539 -0.0377012559539
0.135990197676 -0.786950206119 0.0723474118799 0.0723474118799
1.93266767289 -0.902521044527 -0.0795037033267 -0.0795037033267
0.5122398989 -1.10144043947 0.0429748034991 0.0429748034991
0.496943222647 -1.14586248454 0.0471950504899 0.0471950504899
2.915793003 0.0758407119584 -0.205449889999 -0.205449889999
-2.6182347869 -0.611572598083 0.571916017471 0.571916017471
4.21119323405 1.07485593266 0.918860662701 0.918860662701
