9.0 12.0 0.0 0.0
2.01895717227 3.92576127481 -0.121963166339 -0.102859012948
-2.08253533727 -1.52634851456 0.14030537265 0.113895064445
-0.0154339333501 2.75915423718 -0.108204608675 -0.0857067666516
-0.0467007448396 0.101165491513 0.0537517048943 0.0419933981273
1.0 -1.11022302463e-16 1.38777878078e-17 -1.38777878078e-17
1.21579185632 0.267993260062 -0.0367285557992 -0.0286941013192
0.731148647722 0.206197512827 0.0495681235915 0.0392619469173
1.21604457463 1.17566431845 -0.0412010820558 -0.0334456179925
0.890406708983 -0.333285415369 0.0209409295509 0.0176607693
1.0 -1.94289029309e-16 -3.46944695195e-18 -1.38777878078e-17
1.07538352689 0.0243009499796 -0.0131626913855 -0.012801984516
0.899718917158 0.625370970052 0.0156667853754 0.0174194959284
1.08047032869 0.554448516954 -0.0103046394886 -0.0144154849845
0.962133892772 -1.32046370532 0.0031590808042 0.00718920978687
1.0 -1.0 5.55111512313e-17 0.0
1.01158423106 -0.935321555425 0.0031590808042 -0.00403012898267
1.00944990827 -0.980134889952 -0.0103046394886 0.00411084549591
0.950609416093 -1.13630074241 0.0156667853754 -0.00175271055308
1.07221921161 -0.840666316885 -0.0131626913855 -0.00036070686957
1.0 -1.0 -1.38777878078e-17 -3.46944695195e-18
0.0586544093365 -1.3773491366 0.0209409295509 0.00328016025086
0.586981816298 0.242458892932 -0.0412010820558 -0.00775546406325
0.82686654277 -0.898352542219 0.0495681235915 0.0103061766742
-0.0740853897697 -0.557108522252 -0.0367285557992 -0.00803445448003
1.0 8.881784197e-16 -8.67361737988e-19 -5.20417042793e-18
0.41510662695 -1.30732137187 0.0537517048943 0.011758306767
-0.0347551297933 0.381422246453 -0.108204608675 -0.0224978420236
1.59711641696 -1.16340910759 0.14030537265 0.0264103082049
-0.780596596576 -0.372115156794 -0.121963166339 -0.0191041533913
3.88578058619e-16 -1.0 3.46944695195e-17 -6.93889390391e-18
1.51524202045 -2.11495955686 0.961723884289 0.0263548237615
-7.42478902949 9.39454276272 0.453259382958 -0.0507080734663
-7.76391865279 8.9221659806 -0.153597831542 0.061275016431
1.65713292141 -0.346083283237 0.0367873111734 -0.0469306162593
-1.0 1.0 0.0 1.12757025938e-17
-2.25509515205 1.05676294749 0.0367873111734 0.0837179274327
1.48973463159 1.63604509224 -0.153597831542 -0.214872847973
-2.12901501622 -0.821601840549 0.453259382958 0.503967456424
2.32617120393 2.25736720364 0.961723884289 0.935369060527
