11.0 9.0 2.33731163079e-17 0.0
0.622742909538 -0.537514448475 -0.030648585004 -0.0253141048256
-0.680051063599 -1.39854735393 0.0422475660231 0.0332659354587
1.49823947016 -0.705168197945 -0.0475337545649 -0.0362587720026
0.451348690154 -0.489532096037 0.0493661824374 0.0369108382567
1.55705202195 0.297936364461 -0.0488638138416 -0.0361501990165
0.436412374901 0.370778924997 0.0466354306429 0.0344217922128
1.60545077764 1.41553906635 -0.0430985048521 -0.0319938149118
-0.0504736137855 0.67259945048 0.0385879105505 0.0290596878669
0.269911445513 1.25961847971 -0.0333990708083 -0.0257777985526
-0.290930524766 0.8053048801 0.0278061775512 0.0222883367499
0.289027013377 1.12215185407 -0.0220695235227 -0.0187204813349
-0.303457338341 0.980948474109 0.016437609582 0.0151951088208
0.473942138983 0.73727908235 -0.0111466257383 -0.0118252866554
1.02190650669 0.000205781956056 0.00641864793285 0.00871564465372
1.01022691442 1.29173155395 -0.00245933166648 -0.00596120272135
1.00653854106 0.830465456197 -0.000544380153012 0.00364598765306
0.928264666397 1.10577657901 0.00242613896661 -0.00184164613246
-0.100149184071 0.938176047554 -0.00304130501037 0.000606191786493
0.0416594598606 1.02790647585 0.00226691218618 1.70171802408e-05
-7.47939721853e-16 1.0 5.25895116928e-17 1.31473779232e-17
-1.00536151196 0.975412158386 -0.00384639107439 -0.000669476158262
-0.0692496556121 1.04916889781 0.00935070379942 0.00198791492502
-0.755489356303 0.918833429633 -0.016595849414 -0.00393652709454
-1.20847761571 1.15159398584 0.0256915365975 0.00648210809613
-0.776305050343 0.16753422671 -0.0368137814372 -0.00957838123253
-1.25518632803 -0.0399564602382 0.0502788747679 0.0131678423169
-0.704041891344 0.00519468519995 -0.0666936235928 -0.0171841694633
-1.34325132457 0.00777312438625 0.0872959061356 0.0215553218912
-0.604687797954 0.0126119881828 -0.114850725703 -0.0262075748865
-1.44972643832 -0.323106634291 0.1565767489 0.0310709939191
-0.503900543758 -1.21100238087 -0.237808836694 -0.0360874046928
-1.40356513405 1.18483658401 0.545360451836 0.0412231944778
1.42952983461 -2.96652126914 0.76361328844 -0.0464924997795
1.34020130823 -7.67732043174 -0.145322131912 0.0520054167113
1.44816845638 1.06677225433 0.0407930212233 -0.0580856588842
0.308078865847 -1.19452400193 0.00852521072445 0.0656228342677
0.570336054113 -0.199392387191 -0.0440588626123 -0.0775032922379
0.484768776083 -0.55307515557 0.0909604385412 0.109090639409
0.499971830838 0.53108995912 1.00341949866 0.995887062876
