11.0 7.0 6.72862439167e-18 6.72862439167e-18
2.95165394934 1.5089325743 -0.0731295544659 -0.0915924040904
-0.565156432972 -1.38495252944 0.0780106157642 0.108168727803
2.08173151087 1.13313632386 -0.0604330735314 -0.0930047642914
0.401384383704 -0.79147947101 0.0358948683027 0.0615938384848
1.19892417499 0.395050955375 -0.012838698914 -0.02473802562
1.05464100791 1.09069927807 -0.00404119315189 -0.00883371268776
0.892696943793 -0.1343994588 0.0130087446258 0.0327359575025
0.623574644649 0.800836426326 -0.0147116952553 -0.043532895711
-0.309021226361 0.9254123951 0.0114132666273 0.040993638597
0.124359269779 1.09652876668 -0.00605916487923 -0.027787485742
-0.0110392448586 0.964312653924 0.00134857592996 0.00864068647186
0.0458727250088 0.95264135034 0.00099599410421 0.0108730445906
-0.835232242874 1.10996108475 -0.000606165377025 -0.0256471788823
-0.506634577242 0.874088092228 -0.00157807236123 0.0321783640477
-0.164400321369 1.08998858612 0.00374641106166 -0.0292826634529
-1.03206408639 0.977259315689 -0.00392344245053 0.0182473481505
0.0202315457905 0.990730420227 0.000751275131447 -0.00240118236081
-0.788891491576 0.123073796728 0.00585996831044 -0.0137836690885
-0.605854230452 0.48254624294 -0.0143930254652 0.0258411668186
0.0632418205686 1.02323731053 0.0218006091251 -0.0304408689144
-1.52494162679 -0.537581222426 -0.024000184316 0.0262325057699
-0.776125117574 0.255321127685 0.0166744129135 -0.0142069965659
-0.965220171717 0.044967579188 0.00384541770774 -0.00251385840185
-1.27420209783 -0.394211004624 -0.0399664342397 0.0194158903943
-0.117348645858 1.16330526594 0.0931900051975 -0.0316944674954
-0.283526192612 0.274524399754 -0.168101131121 0.0354696980658
-1.3131327774 0.165036563181 0.305284784066 -0.0288352382472
0.556564368627 -0.118942567043 0.996140679385 0.0124941783925
5.80973128199 -0.137172898201 0.0906120692878 0.0101752137761
2.90841856535 1.16053178984 -0.162867999424 -0.033654482335
-0.574121026226 0.0657422771848 0.172726201934 0.0513138542459
2.26162212593 0.575469120424 -0.147319708747 -0.0567073208219
0.199219764944 0.784779175668 0.0950949268548 0.0448211313347
1.19351060116 0.000564848339053 -0.0231589676781 -0.0129083110059
1.50512141105 0.0938496905344 -0.0614165177226 -0.0395607975914
-0.215474017384 -0.356989037764 0.154035029136 0.112864080394
2.86127716054 0.695212007611 -0.261851826738 -0.215846696917
-1.45778216577 -1.03698889154 0.474436844387 0.43661117861
2.23305710393 1.31740190473 0.929768580227 0.950423728894
