12.0 11.0 2.16628882854e-17 3.52021934637e-17
0.705623463896 -1.28785227851 0.0104566938534 0.0123826178158
1.30996937871 -0.694143351226 -0.0126579340147 -0.0164756780662
0.678331341498 -0.205274281386 0.0128354774213 0.0185347976164
1.33060970012 0.191710663915 -0.0121926740293 -0.019786673058
0.663553042997 -0.0996046674711 0.0111111736366 0.0206369581156
1.33687987324 1.18092311006 -0.00973820004956 -0.0212587795628
0.677505384259 -0.263850385404 0.0081308787773 0.0217385179891
1.22468446367 1.4567635378 -0.0063027220863 -0.0221241389519
-0.52546814138 0.613378805436 0.00424038900582 0.0224444563122
0.509143306134 1.3572431237 -0.00190884396906 -0.0227178669031
-0.645719497535 0.661412110585 -0.000749623379676 0.0229567111664
-0.778277519588 1.32278033299 0.00382136894843 -0.0231696199267
-1.06991267685 0.69478459731 -0.00743357700244 0.0233628565914
0.495613089125 1.27914064276 0.0117765235427 -0.0235411250866
-0.215484184168 0.777291058589 -0.0171446846459 0.0237080785581
1.71878783694 0.948226530241 0.024016741075 -0.0238666534135
0.326042113676 -0.465419409403 -0.0332242571761 0.0240192982475
1.67552360148 0.384585179736 0.0463486722409 -0.0241681384263
0.324082024304 -0.312644202135 -0.066811181319 0.024315101533
1.41811580259 -0.0415306966902 0.103643982144 -0.0244620203335
-1.257633481 -1.64856795133 -0.190986038689 0.024610725378
1.70181851215 0.00355424822801 0.67402190747 -0.0247631373625
-4.68154647096 -0.294514467884 0.563382446184 0.024921369333
-3.20118724963 0.339005900492 -0.214769342265 -0.0250878506979
-0.467511495048 -0.356670413377 0.138054939593 0.0252654894082
-1.13793042002 0.369669439157 -0.104183271318 -0.0254578969632
-1.05087740365 -0.38561235273 0.084984436053 0.0256697160196
-0.819416792426 0.413919478758 -0.0725547160126 -0.0259071182813
-1.32480363211 -0.488598676798 0.0638139672503 0.0261785936118
0.0849543294106 1.19449191792 -0.0573185926094 -0.0264962579393
-0.959976845935 -0.0203391499435 0.0523100261362 0.0268781339259
-0.833861435414 0.169579944467 -0.0483636946 -0.0273523749998
-1.28110622466 -0.173865529298 0.0452439925499 0.0279656919041
0.114030521555 -0.579874003949 -0.0428489284253 -0.0288018377032
-0.255928277695 -1.38153434901 0.0412175658241 0.0300276478108
1.14853769652 0.215810397853 -0.0406458398334 -0.0320304125295
0.768052645775 -0.262947934284 0.0422183602178 0.035962395607
1.27695749444 0.27268224662 -0.0515343796417 -0.0474746648521
-0.250466557346 -0.274353068227 1.00095847134 0.998972844211
