8.38151410073 5.80816117329 0.156307312843 0.156307312843
0.911278297399 -0.122267897278 -0.0604105981461 -0.0604105981461
1.10896209623 0.144290492217 0.0324056816837 0.0324056816837
0.876432991556 -0.163884112819 -0.0189212972355 -0.0189212972355
1.13557557646 0.183876520513 0.0109108254706 0.0109108254706
0.85474164401 -0.207739390241 -0.00554861910269 -0.00554861910269
1.15012738051 0.242709671861 0.00166667900169 0.00166667900169
0.867448183885 -0.315664186512 0.00130576214797 0.00130576214797
0.518778138176 1.02640940488 -0.00368099376193 -0.00368099376193
-0.496543597327 0.675107525514 0.00564453632532 0.00564453632532
-0.420820134219 0.468114868555 -0.00731380062431 -0.00731380062431
-0.609191921872 0.480832291321 0.00876697431048 0.00876697431048
-0.373555662731 0.543999124521 -0.0100583998287 -0.0100583998287
-0.637954482003 0.443793210557 0.0112272912889 0.0112272912889
-0.354186826408 0.559857779352 -0.0123029415953 -0.0123029415953
-0.650361325033 0.444589931679 0.0133079785363 0.0133079785363
-0.349561656587 0.540306290157 -0.0142604887728 -0.0142604887728
-0.641662829748 0.493856285215 0.0151754632604 0.0151754632604
-0.393451089905 0.423786502327 -0.0160658279455 -0.0160658279455
-0.393638219423 0.90618310406 0.0169432213619 0.0169432213619
0.769992603166 0.699321189609 -0.0178186246452 -0.0178186246452
0.86004876049 -0.304890630247 0.0187029193609 0.0187029193609
0.425316364943 0.975197643778 -0.0196074345917 -0.0196074345917
0.679097876879 0.106257298287 0.0205445426997 0.0205445426997
1.3782682389 0.862991537856 -0.0215283724717 -0.0215283724717
0.119937199218 0.133420538321 0.0225757317582 0.0225757317582
0.161477208495 1.5120379365 -0.0237073766361 -0.0237073766361
-1.11880212444 -0.342831177469 0.0249498460653 0.0249498460653
0.467558603269 1.63659695192 -0.0263382316246 -0.0263382316246
-0.939281286013 -0.0773151811653 0.0279205376272 0.0279205376272
-0.0326587677662 1.08551051946 -0.0297648541249 -0.0297648541249
-1.13734403578 -0.241882306264 0.0319717574586 0.0319717574586
-0.484387643166 0.610520000116 -0.0346970396354 -0.0346970396354
-0.621599101718 0.290196577129 0.0381964654162 0.0381964654162
-0.292005512998 0.792013059025 -0.0429223091236 -0.0429223091236
-0.837832943308 0.079624539287 0.0497583130966 0.0497583130966
-0.811223774538 0.273781939934 -0.0606974235981 -0.0606974235981
-0.256303531866 0.647890945558 0.081381681132 0.081381681132
-1.17651853252 -0.0398384907204 -0.136516669727 -0.136516669727
-0.290731489443 -0.0504316841569 0.788824312958 0.788824312958
