7.69169750096 11.9826796189 0.0677191564491 0.0677191564491
-1.3380011979 -1.22117248483 -0.0205767714385 -0.0205767714385
0.596184098651 -0.818526655555 0.00572843925721 0.00572843925721
0.778924465895 -0.982805000822 0.00161068756522 0.00161068756522
1.23303657801 0.406324512788 -0.00603075951334 -0.00603075951334
0.775762044092 -0.351843629304 0.00901506873318 0.00901506873318
1.21299185632 0.335143393849 -0.0111884543258 -0.0111884543258
0.798050640477 -0.32900784066 0.01286002633 0.01286002633
1.19148013332 0.327490806955 -0.014200387383 -0.014200387383
0.818569851977 -0.328722233865 0.0153115519148 0.0153115519148
1.17144348212 -0.576949717367 -0.0162584164421 -0.0162584164421
0.839049763793 -0.337872982079 0.017084382077 0.017084382077
1.14893080756 0.3467546206 -0.0178197244317 -0.0178197244317
0.866840146552 -0.361022108656 0.0184863629584 0.0184863629584
1.10734282662 0.387175432474 -0.0191007227477 -0.0191007227477
0.955586799459 -0.452745779618 0.0196755312526 0.0196755312526
0.571498608264 0.931492711921 -0.0202209948535 -0.0202209948535
-0.291132285268 0.777429187114 0.0207456028068 0.0207456028068
0.246270115202 1.28646181785 -0.0212567032451 -0.0212567032451
-0.239863939314 0.671768517503 0.0217609403109 0.0217609403109
-0.646242955508 1.38095674479 -0.0222646109946 -0.0222646109946
-0.373952547469 0.485743304913 0.0227739839563 0.0227739839563
-0.640092953472 0.518995844178 -0.0232956152925 -0.0232956152925
-0.31134568636 0.512146519657 0.0238366956316 0.0238366956316
-0.809970013845 0.383892147658 -0.0244054689377 -0.0244054689377
0.349829981857 1.13758228807 0.0250117777799 0.0250117777799
-0.79878174033 0.434114093957 -0.0256678171606 -0.0256678171606
-0.369502619732 0.372906703813 0.026389228818 0.026389228818
0.145841793549 1.43541583029 -0.0271967596963 -0.0271967596963
-0.877308372679 -0.213892127414 0.0281188830227 0.0281188830227
-0.216898027579 1.21331335373 -0.0291961290124 -0.0291961290124
-0.731403979261 0.744117181698 0.0304886092009 0.0304886092009
-0.302414970992 1.27092232477 -0.0320898912846 -0.0320898912846
-0.674199701337 0.717884789094 0.0341545265232 0.0341545265232
-0.338233617431 1.29521442662 -0.0369580053644 -0.0369580053644
-0.681142172163 0.682748880485 0.0410446328003 0.0410446328003
0.0922652255117 1.37569754301 -0.047662439055 -0.047662439055
0.760201977579 0.0455229456826 0.060446073622 0.060446073622
-1.16350534955 0.15245351456 -0.0963555810701 -0.0963555810701
-0.729624749405 -0.183243042153 0.91857400033 0.91857400033
