18.7611229581 4.13684945803 0.0582301088491 0.106678401451
-1.59813190432 0.200010274357 0.00406935122344 -0.0386198285181
-0.410198800687 -0.254621911668 -0.0205797733913 0.0178365494932
-1.58740320339 0.643083080495 0.0274082629243 -0.00767553570551
-0.410537503218 0.42580506947 -0.0307908927052 0.00159110820153
-1.5964106787 0.536759595247 0.0326240175343 0.00250208821776
-0.391449872177 1.22321186992 -0.0336569063932 -0.00547555138759
-1.60500827164 0.83579693221 0.0342355971157 0.00775818913588
0.969288628013 1.13928124001 -0.0345374437416 -0.00958585460569
0.0509480720124 0.873192482178 0.0346602748565 0.0110991898635
0.936299840845 1.12029741909 -0.0346609489178 -0.0123874688029
0.108229949386 0.882815184375 0.0345736811733 0.0135102877648
0.198123978372 1.11632571379 -0.0344194020286 -0.0145091551538
0.567370100394 0.882759438031 0.0342108004929 0.0154140807819
0.337265801055 1.11988115933 -0.033955144658 -0.0162475222392
-0.143573717279 0.875327396883 0.0336558828415 0.0170268583187
1.31616015881 1.13296846793 -0.0333135297717 -0.0177660060442
-1.28754575575 0.850959415141 0.032926096148 0.0184765236671
0.15682745909 1.19315232334 -0.0324891881878 -0.0191683993197
-1.12819333063 0.0654942096139 0.0319958238092 0.0198506480202
-0.714586224701 0.924581708822 -0.0314359520824 -0.0205317974483
-1.32116799969 -0.0871575990785 0.0307956020071 0.0212203202937
-0.671517349983 0.108204163261 -0.0300555058199 -0.0219250606741
-1.31689526637 -0.133608008577 0.029188912357 0.0226557009985
-0.734225142827 0.191201059387 -0.0281580749188 -0.0234233233872
-0.638179980235 -0.820848166486 0.0269084562837 0.0242411386667
0.458986178287 -0.99992460598 -0.0253587951514 -0.0251254920612
-0.429902918569 -1.03541184664 0.0233832277146 0.026097320507
0.518061879359 -0.955066212458 -0.0207770861583 -0.027184357638
0.902671735921 -1.03618836133 0.0171862280938 0.0284246127249
0.675549291905 -1.01747560542 -0.011945632381 -0.0298721081928
0.280701228174 -0.438164657974 0.00365711667149 0.0316068269117
0.686523813979 -0.465301550238 0.0111565541216 -0.0337530077361
0.433913499413 -0.594273300203 -0.0439712767029 0.0365153267304
1.26581049962 -0.331435681506 0.165799880178 -0.0402573720228
-0.0265044206349 -0.907108994016 0.866005427007 0.0456940932212
2.43464299306 -1.17127786236 -0.214365669098 -0.0544530895758
0.154428838064 -0.350526921786 0.166058964154 0.0712166405387
1.77354170973 -0.599329509793 -0.187227982274 -0.117232928949
-0.453297142387 0.284980525904 0.922099373609 0.865343171344
