12.7380952381 26.380952381 0.0238095238095 0.0238095238095
-0.389597052212 -1.71253529422 0.000583000741789 0.000583000741789
0.472735987791 -0.220644147031 -0.00851511321389 -0.00851511321389
0.608868281702 -0.685200147816 0.0124814417139 0.0124814417139
0.166916219485 -0.5513914671 -0.0148849997004 -0.0148849997004
-0.0575025596471 -1.32486059356 0.016514152402 0.016514152402
1.28786840351 0.536494240557 -0.0177038481231 -0.0177038481231
-0.752240477931 -1.9734446208 0.0186207139904 0.0186207139904
1.05236632395 0.227259766124 -0.0193570800385 -0.0193570800385
0.0821330308856 -0.992352083339 0.0199683222892 0.0199683222892
0.849306378398 -0.539308383735 -0.0204897520254 -0.0204897520254
0.203215572522 -1.53719331442 0.020945030949 0.020945030949
0.737453309691 -0.433120736596 -0.0213506929179 -0.0213506929179
0.371586337805 -1.58215876926 0.0217187267508 0.0217187267508
-0.0573114901014 -0.408753699825 -0.0220581292269 -0.0220581292269
-0.0141227922025 -1.59711764045 0.0223758819255 0.0223758819255
0.00559987131001 -0.398914041553 -0.0226775920543 -0.0226775920543
0.773095857218 -1.60382823017 0.0229679311678 0.0229679311678
0.3180802054 -0.394153449944 -0.0232509501987 -0.0232509501987
-0.244747592737 -1.60823883968 0.0235303192108 0.0235303192108
-0.738095238095 -0.380952380952 -0.0238095238095 -0.0238095238095
-1.24143722466 -0.57655336332 0.0240920413768 0.0240920413768
-0.765363279693 0.554662881316 -0.0243815164194 -0.0243815164194
-1.229962083 -0.451217710405 0.0246819541514 0.0246819541514
-0.775415031243 1.57915424942 -0.0249979549275 -0.0249979549275
-1.21655002895 -0.870291986289 0.0253350203546 0.0253350203546
-0.79708786723 1.00003334043 -0.0256999774643 -0.0256999774643
-1.17663424462 0.429318029766 0.0261015956663 0.0261015956663
-0.887953687056 1.62984869182 -0.0265515234665 -0.0265515234665
-0.772474851275 0.334621308664 0.0270657716102 0.0270657716102
0.294504941746 1.73007930974 -0.0276671686087 -0.0276671686087
0.18324169674 -0.14840013878 0.0283896371375 0.0283896371375
1.47788666075 0.462711889026 -0.0292861021864 -0.0292861021864
0.585424442241 -0.507714685125 0.0304442366887 0.0304442366887
1.39036152694 0.507142660976 -0.0320209154583 -0.0320209154583
0.620003511958 -0.455105743774 0.0343277335849 0.0343277335849
1.37736964322 -0.28892687014 -0.0380848797746 -0.0380848797746
0.617950759306 -0.825525015944 0.0454189056865 0.0454189056865
1.40309433674 0.71475936421 -0.0665749720287 -0.0665749720287
-0.310186846259 -0.685801425448 0.972371702816 0.972371702816
