7.96328281116 14.6099169153 0.0407800466903 0.0878094067108
0.945684117385 -1.8393642192 0.02080792781 -0.0299737243302
1.01106233205 0.726231193526 -0.0432311397299 0.0120390973011
-0.518261818112 -2.02395648004 0.0579252316971 -0.00322348195754
0.952139781013 0.32814976868 -0.0719516647812 -0.00207029023193
0.109090662313 -1.16776564181 0.0913175695222 0.00563791865112
0.888413622315 0.0604020174786 -0.136126332364 -0.0082327891933
0.0833955033261 -0.253110883704 0.922812172041 0.0102266236483
0.115703447091 2.94198882938 0.0547126987939 -0.011824197472
0.905233969979 -0.262469130915 0.00474311496205 0.0131477865421
1.13135685498 0.226195896178 -0.0238128737217 -0.0142750899139
0.848034057266 -0.141250585203 0.0331635880268 0.0152580228411
1.16523927638 -0.299370417968 -0.0381047605505 -0.0161327714552
0.825131779405 -0.82346484968 0.039767759141 0.0169255156343
1.18347932334 0.498171464378 -0.0372156082283 -0.0176558596291
0.805742869174 -0.432629366602 0.025359712502 0.0183389840367
1.20601844229 0.431235217375 0.0261843581425 -0.0189870538115
-0.498786598109 -0.595743971247 0.960352313715 0.0196101795032
-1.70879811068 -1.78227656269 -0.184412055873 -0.0202171052344
0.738543429679 -0.56158493864 0.153198194328 0.0208157301381
0.426318335225 -0.315228719798 -0.152541559064 -0.0214135333118
0.534373000154 -0.725723380487 0.168080678491 0.0220179527486
0.477245393538 -0.252118982978 -0.216533984472 -0.0226367598356
-0.177500871533 -0.771641501214 1.01631544218 0.0232784701722
-2.66536296957 3.38805183091 -0.072789737034 -0.0239528384101
0.2878672183 0.174794092181 0.26198232112 0.0246715016407
-1.3847474901 1.18991617561 0.772110460837 -0.0254488679072
-4.15569862667 2.35258001008 -0.0931233276026 0.0263034048467
1.47865303153 0.85715438193 0.0200297527674 -0.0272595910423
-1.64413299061 0.450913257294 0.0100542799982 0.0283509973236
0.415285196811 0.472376433807 -0.0274363408716 -0.0296253730734
-1.31417074665 1.33245117054 0.0394555194611 0.0311534737046
-0.619641730966 0.628807207049 -0.0488873665926 -0.0330453170173
-1.26090173506 0.433516057771 0.0571352765768 0.0354823822929
0.288110342971 0.681783961935 -0.0651693659378 -0.0387875907689
-1.36827344275 1.56943253918 0.074008256217 0.04359740178
0.572092320546 -0.284444785636 -0.0853544128792 -0.0513657886783
-2.49936247047 1.88505401057 0.103594615253 0.0663005423375
4.38731691368 -7.54354759787 -0.148228817375 -0.107755572169
0.737492236034 -2.71898597101 0.935472501251 0.891807092478
