12.0 6.0 7.01193489237e-17 0.0
1.52212282212 0.332424431217 -0.0186317939154 -0.0253141048256
0.521646557081 -0.379470823748 0.021349796134 0.0332659354587
1.452707394 1.21958872103 -0.0200850801898 -0.0362587720026
0.547287887646 0.0376215699401 0.0171657948447 0.0369108382567
1.51685440916 -0.0588096611414 -0.0133314614466 -0.0361501990165
-0.1773991422 0.752390119578 0.00889864564375 0.0344217922128
0.904920037772 0.465059069354 -0.00404458837852 -0.0319938149118
0.4289393489 0.275060484574 -0.00110408426813 0.0290596878669
-0.208109425549 1.38608502696 0.00643972398071 -0.0257777985526
0.532960595533 0.720099811663 -0.0118620026965 0.0222883367499
0.898723087031 1.21855824148 0.0172741748446 -0.0187204813349
-0.732344033103 0.819629756724 -0.0225827693052 0.0151951088208
-0.64767899506 1.17272334801 0.0276988540028 -0.0118252866554
-0.073909998772 0.704807167399 -0.032540035852 0.00871564465372
-1.2565221408 -0.131984123394 0.0370327920495 -0.00596120272135
-0.827415831539 0.0922612972414 -0.0411149320501 0.00364598765306
-1.14070246957 -0.0885173490265 0.0447380999594 -0.00184164613246
-0.883420954135 0.0869719480748 -0.04787030327 0.000606191786493
-1.07647858961 -0.072655585086 0.0504985263655 1.70171802408e-05
-7.94685954469e-16 -4.67462326158e-17 1.0 1.31473779232e-17
4.96936456615 3.91923851187 0.0543034683222 -0.000669476158262
0.612639278464 1.46795303795 -0.0555778170668 0.00198791492502
-1.29011123114 -0.270628371375 0.0565542652511 -0.00393652709454
-0.689478104897 1.11562141668 -0.057378592528 0.00648210809613
-1.31862178332 0.0600442866568 0.0582599080117 -0.00957838123253
-0.667719963242 0.723334212235 -0.0595017508182 0.0131678423169
-1.35412551295 0.576426772454 0.0615621441499 -0.0171841694633
-0.612882343875 -0.361439385198 -0.0651788430313 0.0215553218912
-1.43647871562 0.341729940625 0.0716579937791 -0.0262075748865
-0.488161233543 -0.367346411767 -0.0836379742355 0.0310709939191
-1.63222868121 0.419975421024 0.107570319536 -0.0360874046928
-0.16120622207 -0.506150882433 -0.165062422452 0.0412231944778
-2.19169007886 0.671390826477 0.403788677009 -0.0464924997795
3.75894565593 -1.24103274269 0.8993753331 0.0520054167113
10.3051116867 -2.67543308828 -0.229799751342 -0.0580856588842
-2.18267739314 -0.889965482734 0.14470158738 0.0656228342677
1.256181109 -0.9066850126 -0.119469311792 -0.0775032922379
-0.90580410304 -1.15560825138 0.130867738892 0.109090639409
0.726762511776 0.316205435848 0.986930408224 0.995887062876
