19.0 7.0 3.86164530304e-17 3.86164530304e-17
10.2606222043 4.33638231456 -0.198041504799 -0.198041504799
-2.49418778437 0.222512011236 0.0681897207511 0.0681897207511
-3.47748867503 0.146405852112 0.0909083468511 0.0909083468511
1.24539245051 1.66202752466 -0.0807422950613 -0.0807422950613
0.694250603131 1.24037804798 -0.0329525226768 -0.0329525226768
-1.8815592007 0.512977791227 0.0751950976339 0.0751950976339
-0.910172287083 1.03029060447 -0.00538280992735 -0.00538280992735
0.409502045953 1.27625660549 -0.0597140388673 -0.0597140388673
-0.276418363557 0.900416994573 0.0304138202519 0.0304138202519
-0.308501509827 0.958640315725 0.0385838050668 0.0385838050668
0.14756548844 0.821511979669 -0.04404041323 -0.04404041323
-0.803863223985 0.0797716427211 -0.0152413378411 -0.0152413378411
-1.16174151672 0.204813933925 0.0473270126792 0.0473270126792
0.100928210883 1.04484441598 -0.00720096475253 -0.00720096475253
-8.72452785729e-05 0.676423997842 -0.0415230239364 -0.0415230239364
-1.39115081455 -0.189523919534 0.0259641371684 0.0259641371684
-0.736606945817 0.482483290549 0.0283758940409 0.0283758940409
0.816049965632 1.51920396594 -0.038747546624 -0.038747546624
0.18690811891 1.10976301269 -0.0101669245718 -0.0101669245718
-0.700931043353 0.628321390377 0.0438870270074 0.0438870270074
0.128496762974 1.05157401948 -0.0103892872952 -0.0103892872952
-0.0154559764299 0.689422591554 -0.040472114299 -0.040472114299
-1.50626735021 -0.289113717256 0.0303124974515 0.0303124974515
-0.783320104701 0.415879306492 0.0283916209906 0.0283916209906
1.13095556348 1.81248023921 -0.0465364565471 -0.0465364565471
0.199566499901 1.14456726507 -0.00828552482854 -0.00828552482854
-1.61853393405 -0.260684220901 0.0560327501681 0.0560327501681
-0.689232748992 0.197783850454 -0.0186230705804 -0.0186230705804
0.418034384433 1.10369598981 -0.0557555273777 -0.0557555273777
-0.506950483719 0.747894773542 0.0508803733576 0.0508803733576
-0.409277524641 0.755891392168 0.0420802615734 0.0420802615734
0.632582250138 1.52720157204 -0.0875788012277 -0.0875788012277
-0.892950167037 1.05062556367 -0.00849564907544 -0.00849564907544
-2.08689364682 0.252088804139 0.130749638601 0.130749638601
0.770385654054 1.34924261128 -0.0656820350471 -0.0656820350471
1.40085152216 1.93587997893 -0.19913567768 -0.19913567768
-3.61981309648 -0.239411321683 0.334401099194 0.334401099194
-2.57760901644 -0.75618466866 0.963465168577 0.963465168577
10.4373557175 3.58639463323 0.728679689665 0.728679689665
