8.0 15.0 2.22044604925e-17 0.0
1.0 -3.99680288865e-16 -5.27355936697e-17 -6.10622663544e-17
1.0 -1.0 4.4408920985e-17 0.0
1.0 -1.0 4.19192007781e-17 -1.05588484211e-17
-1.11022302463e-17 -1.0 0.0 0.0
0.0 -1.0 1.05362398148e-17 -2.46601099199e-18
1.0 1.06581410364e-15 -8.81077980946e-18 0.0
2.22044604925e-16 -2.22044604925e-16 1.0 -8.881784197e-17
2.6645352591e-16 4.0 -3.90814827316e-17 0.0
1.0 -8.881784197e-17 -6.6322293038e-17 -2.06537868833e-17
1.0 3.5527136788e-16 -6.66133814775e-17 0.0
1.0 -6.2172489379e-16 2.22044604925e-17 2.46519032882e-33
1.0 1.0 -4.4408920985e-17 0.0
1.0 5.3290705182e-16 -4.4121538121e-17 3.45986822688e-19
-3.5527136788e-16 -1.0 1.72921290157e-17 0.0
1.0 -8.881784197e-17 -8.881784197e-17 0.0
1.0 6.2172489379e-16 -6.18989876949e-18 0.0
1.0 -6.66133814775e-17 1.3078870866e-17 2.74624656597e-17
-1.11022302463e-16 -1.0 0.0 0.0
-1.7763568394e-16 -1.0 -9.92295055929e-18 1.05588484211e-17
-3.43077782156e-18 -1.0 0.0 0.0
1.0 1.7763568394e-16 8.32667268469e-18 -1.66533453694e-17
1.33226762955e-16 -1.0 5.01837129778e-17 0.0
1.0 4.4408920985e-16 2.77555756156e-17 0.0
8.881784197e-17 -1.0 1.99130100557e-17 0.0
1.0 3.77475828373e-16 2.88047644266e-17 6.34476881747e-18
4.21884749358e-16 8.881784197e-17 1.0 0.0
-2.0 6.0 -2.40892340024e-17 6.5257272063e-18
-3.43077782156e-18 -8.881784197e-17 1.0 0.0
-6.0 1.0 -4.38273258934e-17 2.95299260945e-17
2.22044604925e-16 1.0 -1.11022302463e-17 0.0
2.6645352591e-16 1.0 1.16573417586e-16 0.0
-1.0 -3.5527136788e-16 3.15391095285e-18 0.0
8.881784197e-17 1.0 7.71742514151e-17 -7.60233247071e-18
-1.0 1.7763568394e-16 -6.66133814775e-17 0.0
0.0 1.0 8.09108257536e-17 -6.5257272063e-18
-1.0 1.0 -4.4408920985e-17 0.0
0.0 1.0 6.9085951515e-17 4.47545946754e-17
-1.0 -8.0 7.9483192934e-18 0.0
-8.881784197e-17 -1.7763568394e-16 1.0 1.0
