8.76858075533 7.80561823283 0.140885425841 0.140885425841
-0.597737761432 0.788119220873 -0.0538003035115 -0.0538003035115
-0.461152312448 1.22945569425 0.027992846759 0.027992846759
-0.0362324184953 0.762977068873 -0.0155049531587 -0.0155049531587
0.092087974898 1.2418297024 0.00806738530174 0.00806738530174
-0.102686901799 0.753814922451 -0.00308071452521 -0.00308071452521
0.0957698944133 1.25140510721 -0.000533353403678 -0.000533353403678
-0.0725794708133 0.741075006834 0.0033029534943 0.0033029534943
0.0104614827813 1.27126797737 -0.00551751559194 -0.00551751559194
0.689517964336 0.705569792114 0.00734918847405 0.00734918847405
1.06008224572 1.34816379092 -0.00890702442267 -0.00890702442267
0.0254479196492 0.435489205531 0.0102637019769 0.0102637019769
1.26886545741 0.572211182755 -0.0114697687103 -0.0114697687103
0.803969983701 0.464389411477 0.0125617224591 0.0125617224591
1.15461520996 -0.131078057943 -0.013566842725 -0.013566842725
0.883782119368 0.124320300236 0.014506214049 0.014506214049
1.06639710551 -0.331970518523 -0.0153966995947 -0.0153966995947
1.02928551027 -0.638005002416 0.016252285216 0.016252285216
0.425890817727 -0.399533769554 -0.0170850387073 -0.0170850387073
0.585269929882 -0.535820855745 0.0179058342759 0.0179058342759
1.09241518051 -0.630626530954 -0.0187249403165 -0.0187249403165
0.0639329660529 -1.04912966974 0.0195525406985 0.0195525406985
0.922688201725 0.0459088011268 -0.0203992469357 -0.0203992469357
-0.373715324772 -1.51355174424 0.0212766568857 0.0212766568857
0.271008264912 -0.564267333528 -0.0221980245161 -0.0221980245161
-0.209078177775 -1.4125718737 0.0231791274333 0.0231791274333
0.147261192789 -0.580720413295 -0.0242394613449 -0.0242394613449
-0.044899881923 -1.47794980729 0.025403968069 0.025403968069
-0.503474444511 -0.0159899540614 -0.0267056461297 -0.0267056461297
-0.484034617402 -0.942340960254 0.0281896633176 0.0281896633176
-0.671078181558 -0.856488826128 -0.0299201277681 -0.0299201277681
-1.00827847975 -1.19243477511 0.0319918043258 0.0319918043258
-0.000639414694074 -0.780825641394 -0.0345516133786 -0.0345516133786
-1.45756040619 -1.26096706738 0.0378410226694 0.0378410226694
-0.633982611489 -0.0951055702364 -0.0422876442392 -0.0422876442392
-1.32201703979 -0.798896682316 0.0487287063762 0.0487287063762
-0.707861093355 0.915594151901 -0.059057919022 -0.059057919022
-1.26396221389 0.0287093618918 0.0786636250583 0.0786636250583
-0.786290228788 1.51017314468 -0.131405960915 -0.131405960915
-0.553402529398 -0.121150355234 0.81377145957 0.81377145957
