20.0 3.0 -5.69345140833e-18 -5.69345140833e-18
0.505867107917 1.05345108228 -0.0126987193734 -0.0126987193734
-0.48255849633 0.965626253572 0.0170394541689 0.0170394541689
-0.447702349085 0.11507252517 -0.0192511077136 -0.0192511077136
-0.649156643958 0.744484427091 0.0206049999974 0.0206049999974
-0.180578084427 1.29954501472 -0.021528612988 -0.021528612988
-1.86308885599 -0.1859912709 0.0222061391504 0.0222061391504
0.727525219466 1.11483908532 -0.0227300593561 -0.0227300593561
-1.65353048118 -0.0483126183831 0.0231519577695 0.0231519577695
0.591416295135 0.977970276015 -0.0235029277516 -0.0235029277516
-1.53124512193 0.100507297153 0.023802875328 0.023802875328
0.46971532161 0.807944667396 -0.0240651832856 -0.0240651832856
-1.40549103595 0.307337276526 0.0242992296542 0.0242992296542
0.337982256369 0.514576322577 -0.0245118320896 -0.0245118320896
-1.26690221039 1.1864269228 0.0247081193806 0.0247081193806
0.192050897447 0.984006578063 -0.0248920813543 -0.0248920813543
-1.11315477093 0.434059676238 0.0250669307312 0.0250669307312
0.029668059903 0.294579770377 -0.0252353516641 -0.0252353516641
-0.940400715996 1.35399394471 0.0253996788933 0.0253996788933
-0.157403944783 0.734710643484 -0.0255620347504 -0.0255620347504
-0.728932937443 1.22137090921 0.0257244420801 0.0257244420801
-0.427054112606 0.807661786184 -0.0258889263018 -0.0258889263018
-0.151240531212 1.16569372764 0.026057617748 0.026057617748
0.578649701014 0.879835878428 -0.0262328654719 -0.0262328654719
0.880591288818 0.885662317711 0.0264173759163 0.0264173759163
1.29135209501 -0.473381035083 -0.026614394861 -0.026614394861
0.400114438411 0.667119507674 0.0268279605161 0.0268279605161
0.360642624965 0.612184349829 -0.0270632728502 -0.0270632728502
0.983092653763 0.0582361270517 0.0273272560562 0.0273272560562
1.11543566063 -0.32607809455 -0.0276294519257 -0.0276294519257
0.862313407295 -0.859945233522 0.0279835040757 0.0279835040757
1.05128469633 0.0141765028881 -0.0284097532263 -0.0284097532263
-0.35488388402 -1.2448626252 0.0289400600007 0.0289400600007
0.236605703841 -0.769436590415 -0.0296274663537 -0.0296274663537
-1.46002224207 0.0409530367222 0.0305675057107 0.0305675057107
-0.595936611843 -0.0220656664378 -0.0319516796148 -0.0319516796148
-1.35314559348 0.0583950538632 0.0342288041485 0.0342288041485
0.453796228774 1.04607159556 -0.0387566747277 -0.0387566747277
-1.50569160074 -0.107164986374 0.0524666014946 0.0524666014946
0.533349901005 0.0779250517878 0.99897290848 0.99897290848
