6.0 7.0 -7.40148683083e-18 -7.40148683083e-18
2.57354735371 2.1680901987 -0.127173559399 -0.127173559399
-0.125016332495 -1.60637749602 0.124401693586 0.124401693586
1.52762236821 0.904162747793 -0.0665602650296 -0.0665602650296
1.0 1.0 3.75770396523e-17 3.75770396523e-17
0.698706090291 0.0601085001455 0.0434109560969 0.0434109560969
1.33927366243 -0.079876024788 -0.0513288321272 -0.0513288321272
0.806802905603 0.24019968999 0.0307173166183 0.0307173166183
1.0 1.0 -5.27377144186e-19 -5.27377144186e-19
1.12355040003 0.194386393776 -0.022367309341 -0.022367309341
0.865207580872 0.381067979066 0.0269928011065 0.0269928011065
1.06933313284 0.970500913874 -0.0161993675469 -0.0161993675469
1.0 2.36847578587e-16 -4.69817879821e-17 -4.69817879821e-17
0.980499063486 0.655248849185 0.011242421121 0.011242421121
0.990313340298 0.883182908285 -0.0127954678345 -0.0127954678345
1.03665911821 -0.301209740232 0.00698181903222 0.00698181903222
1.0 4.98528611641e-16 7.07554983084e-18 7.07554983084e-18
0.873167948057 0.0755463286201 -0.00310307912681 -0.00310307912681
1.31530822709 0.276442327774 0.0017469259761 0.0017469259761
0.496516353549 1.25132550578 0.00061720809044 0.00061720809044
-1.0 1.0 4.4408920985e-17 4.4408920985e-17
-0.397499658456 0.843612340264 -0.00436848318299 -0.00436848318299
0.349289115905 1.23252451917 0.0089316397477 0.0089316397477
-0.305811209681 0.724988221931 -0.00834665479935 -0.00834665479935
-1.0 4.48861702706e-16 4.90030742874e-18 4.90030742874e-18
-0.430042133673 0.582686648012 0.0127975885699 0.0127975885699
0.524782304484 1.48410022573 -0.0216469197733 -0.0216469197733
-0.516400445649 0.53221365972 0.0180860705529 0.0180860705529
-1.0 5.92118946467e-17 5.81245412343e-18 5.81245412343e-18
0.033174178585 0.882666412098 -0.0248378357489 -0.0248378357489
-0.679456073048 0.923383503167 0.0411632385512 0.0411632385512
-0.774630909203 1.13278131558 -0.0342948916954 -0.0342948916954
1.18423789293e-16 1.0 -4.04699328455e-18 -4.04699328455e-18
-0.789166236083 0.7435881705 0.0494160065323 0.0494160065323
-1.00293151077 1.46476696345 -0.0868363021565 -0.0868363021565
-1.11163216007 0.577499433231 0.0795717495672 0.0795717495672
-1.0 1.0 7.02056756838e-17 7.02056756838e-17
-0.665937005953 1.7940661587 -0.179033641378 -0.179033641378
-1.57677031477 -0.959214905832 0.636037889591 0.636037889591
1.77154084618 1.96753825234 0.900110617733 0.900110617733
