20.0 8.0 3.86164530304e-17 3.86164530304e-17
9.8210859802 4.02588924986 -0.198041504799 -0.198041504799
-3.43363004276 -0.817844726951 0.0681897207511 0.0681897207511
-3.61380723707 -0.257650181859 0.0909083468511 0.0909083468511
0.985142418152 1.90916359359 -0.0807422950613 -0.0807422950613
-0.309799262564 1.32360663398 -0.0329525226768 -0.0329525226768
-2.12973095372 0.339592044189 0.0751950976339 0.0751950976339
0.114157881278 1.04264899692 -0.00538280992735 -0.00538280992735
0.726024459685 1.42621620847 -0.0597140388673 -0.0597140388673
-1.74448464738 0.806630124016 0.0304138202519 0.0304138202519
-1.8928534636 0.786956003653 0.0385838050668 0.0385838050668
0.091616489307 1.20024971674 -0.04404041323 -0.04404041323
0.165227575036 1.0501685567 -0.0152413378411 -0.0152413378411
-0.49321262137 0.932301978261 0.0473270126792 0.0473270126792
0.051394117107 0.984956344549 -0.00720096475253 -0.00720096475253
-0.226372872749 0.397053384758 -0.0415230239364 -0.0415230239364
-1.24366209543 -0.0175929894202 0.0259641371684 0.0259641371684
-0.528204864985 0.703843105469 0.0283758940409 0.0283758940409
0.325735618582 1.03714665512 -0.038747546624 -0.038747546624
-0.819947702675 0.114955522147 -0.0101669245718 -0.0101669245718
-1.25221085352 -0.0444835541427 0.0438870270074 0.0438870270074
0.171576128719 1.15728397006 -0.0103892872952 -0.0103892872952
0.0208080082365 1.48814872242 -0.040472114299 -0.040472114299
-1.45740708176 0.688989466439 0.0303124974515 0.0303124974515
-0.650224940289 0.74671689436 0.0283916209906 0.0283916209906
0.620406229027 1.36017490993 -0.0465364565471 -0.0465364565471
-0.825541179998 1.05397107929 -0.00828552482854 -0.00828552482854
-1.61374815097 0.721709794262 0.0560327501681 0.0560327501681
0.361886198525 1.04295479856 -0.0186230705804 -0.0186230705804
0.398940834453 0.582729068493 -0.0557555273777 -0.0557555273777
-1.90922854561 -0.239286885769 0.0508803733576 0.0508803733576
-0.938224442432 0.570167097746 0.0420802615734 0.0420802615734
1.42126355177 1.44409872819 -0.0875788012277 -0.0875788012277
-0.831948887337 0.0807409503823 -0.00849564907544 -0.00849564907544
-2.87833636738 -0.656040795813 0.130749638601 0.130749638601
1.12892436481 1.58609035937 -0.0656820350471 -0.0656820350471
2.73753505829 2.37362810237 -0.19913567768 -0.19913567768
-3.2292071109 -0.651537969415 0.334401099194 0.334401099194
-2.75351160656 -1.03890356197 0.963465168577 0.963465168577
11.2857439309 4.48368903982 0.728679689665 0.728679689665
