13.1803478665 6.28062530106 0.293007293959 0.287864320017
-1.32149985359 0.381114460539 -0.112729277045 -0.106513465632
-0.702502605187 0.372273180087 0.0702619868939 0.0630447443593
-0.804642464842 0.218965999646 -0.0515120488829 -0.0433465839487
-0.158348754808 0.785399439658 0.0410731664973 0.0319976425647
-0.285953758483 0.828461982378 -0.0345024775139 -0.0245421206079
0.725328951818 0.820672597955 0.0300454122262 0.0192138342967
0.258719536711 0.127687770748 -0.0268725915309 -0.0151724813718
1.15279829354 1.03540140846 0.0245435819867 0.0119668397976
0.0936692893927 0.361718595384 -0.0228052523638 -0.00933258247583
0.869472654446 0.907059248997 0.0215043350728 0.00710425260064
0.129872837978 0.876319386199 -0.0205455148219 -0.00517265481332
-0.0460433347348 1.21370251913 0.01986994923 0.00346247756518
-0.904073806044 0.638542146987 -0.0194439551735 -0.00191974834482
-0.0765987859225 0.660675146365 0.0192533594781 0.000504410109725
-1.0744477081 0.103782383824 -0.0193015667114 0.000814282028549
-0.794257408597 0.131812035824 0.0196107733067 -0.00206073974949
-1.0156998006 -0.432968279646 -0.0202268341856 0.0032550520205
-0.0474153541664 -0.401696904173 0.0212296898926 -0.00441440515902
-0.986036491449 -0.957376196584 -0.0227539311861 0.0055541416165
0.177185230998 -0.974284636451 0.0250303093517 -0.00668860505256
-0.432554296998 -1.04958423081 -0.0284757374918 0.0078318750418
0.0254751659914 -0.942000909513 0.0339113922461 -0.00899847325266
0.233719639271 -1.05400740984 -0.0431846922589 0.0102041175393
0.0272038639751 -0.972218633014 0.061451728483 -0.0114666094925
0.715239132122 -0.257895505335 -0.110419320381 0.0128069673189
0.683606974828 0.0735656243982 0.559422958961 -0.0142509676866
-1.98798558388 -0.721327491562 0.192131722823 0.0158313549213
-0.432434423034 0.0656026665107 -0.0864211648598 -0.0175911494229
-0.774289659062 -0.770445483846 0.0588966837364 0.0195888138904
-0.820727556678 0.199660320137 -0.0472803015231 -0.0219066783524
-0.804271987469 -1.43899845766 0.0418456263607 0.0246653593177
0.714857862063 -0.350423387415 -0.0397801957026 -0.0280498722389
0.714663391199 -0.777286589924 0.0401623688222 0.0323602856359
1.32650194812 0.123685567809 -0.0429227941227 -0.0381188859172
0.64421422506 -0.837409094611 0.0487384230426 0.0463242773448
1.40727409708 0.638270211861 -0.0595998018365 -0.0591571787831
0.339978951602 0.343607497281 0.0812386786308 0.0824692419222
0.79700092507 0.663927783227 -0.136447086527 -0.139132101431
-0.122347204154 0.335389935916 0.491995103118 0.495971013824
