8.0 9.0 5.35969736026e-17 5.35969736026e-17
3.44023480138 3.01762254294 -0.141135780989 -0.141135780989
-0.608669934597 -1.95710068076 0.129841883884 0.129841883884
1.57197821031 0.688251818462 -0.0534304078756 -0.0534304078756
1.25537158902 0.304384629415 -0.0259875743926 -0.0259875743926
0.3850319454 -0.726125545478 0.0663251854744 0.0663251854744
1.49819831056 0.582259876751 -0.0561007594754 -0.0561007594754
0.887031933541 -0.130475695371 0.0131614568064 0.0131614568064
0.748179400339 -0.286687827055 0.0301699355757 0.0301699355757
1.385081292 0.430406392331 -0.0472297991906 -0.0472297991906
0.749881389271 -0.272711383832 0.0312837744598 0.0312837744598
0.974218564826 -0.0271251090375 0.00327474825967 0.00327474825967
1.25075709784 0.249458309767 -0.0321460307856 -0.0321460307856
0.709737792599 -0.261356736893 0.0370852084768 0.0370852084768
1.13596906969 0.0984722021602 -0.0167455062139 -0.0167455062139
1.13013041389 0.0446953083396 -0.0137481176416 -0.0137481176416
0.318973533609 0.334614606021 0.033502217209 0.033502217209
-0.282080239602 1.37744722175 -0.0296411902139 -0.0296411902139
-1.02945123579 0.942205472122 0.00540070788472 0.00540070788472
-0.439949554416 0.784298634005 0.0224047016561 0.0224047016561
0.551681432778 1.30685434477 -0.0346860899662 -0.0346860899662
-0.439366109581 0.814577478738 0.0227915511371 0.0227915511371
-1.02996369789 0.958886583646 0.00559002709689 0.00559002709689
-0.256761454948 1.1974840222 -0.0312305600455 -0.0312305600455
0.120794620557 0.834090372862 0.0359566970367 0.0359566970367
-0.0835882026372 1.00685179949 -0.0150452122249 -0.0150452122249
-0.881053855949 0.215278658617 -0.0187102602867 -0.0187102602867
-0.734790647498 0.0635987541982 0.0423813444708 0.0423813444708
0.369545605036 1.54589745797 -0.0376620004492 -0.0376620004492
-0.0284730562728 0.951888876135 0.00394540578568 0.00394540578568
-0.191525768821 0.572252690072 0.0389187602131 0.0389187602131
-0.051928960299 1.62127329055 -0.0610131988939 -0.0610131988939
-1.29269211639 0.610647576728 0.040792314088 0.040792314088
-0.242562278424 0.830921696143 0.0188410959769 0.0188410959769
0.926814130315 1.72726850078 -0.0865488573501 -0.0865488573501
-1.2550108705 0.118132602495 0.11355473607 0.11355473607
-0.681179202941 1.36315225702 -0.0521374444278 -0.0521374444278
0.44326131339 1.82300736156 -0.141928876754 -0.141928876754
-1.55645795284 -1.57749950912 0.698923378313 0.698923378313
2.54297752062 2.92634942538 0.880292882129 0.880292882129
