14.0 9.0 1.85037170771e-17 3.08395284618e-18
1.5654627745 1.83800106715 -0.0560950660415 -0.0512947984164
-2.25220609717 0.242006795348 0.0718833697573 0.0654854967475
0.218891642188 1.66238973506 -0.0723243930287 -0.0671638034914
-2.15104049094 0.446641546486 0.064096695575 0.0622374651096
0.346684415886 1.42978453276 -0.0509164047859 -0.0533606146381
-0.553616056214 0.718783150893 0.0357401014906 0.0422780161694
0.589925323492 1.02329836129 -0.0211529478919 -0.0303701033022
0.920232968488 -0.295086983105 0.00934128018726 0.0187824884574
1.04409501165 0.118704878482 -0.00196051700144 -0.00843528207301
1.0 -3.94745964311e-16 7.40148683083e-17 -6.16790569236e-18
0.993199007392 -0.0833886223463 -0.00368858260863 0.0061227688875
0.950535188237 0.10230314186 0.0124615774267 -0.00981047251521
1.23733097612 0.444131390405 -0.0249956704131 0.0112044720555
-0.295522904113 1.45961312568 0.0393069522403 -0.0106736604121
-0.829134235516 0.553860320431 -0.0528960488328 0.00875829969108
0.342195398231 1.42469789036 0.0629114766671 -0.0060991304882
-0.315699389785 0.621752165707 -0.0662830361475 0.00335856666438
-1.16166018632 1.29820307878 0.059736467109 -0.00114172080001
-0.863447751563 0.823769089949 -0.0394866530893 -7.49097348613e-05
3.45402718772e-16 1.0 -1.23358113847e-17 -6.16790569236e-18
-0.968377494022 1.25385167079 0.070708936265 0.00143643639137
-0.246967514324 0.366325924688 -0.216355700358 -0.00407087008485
0.260967933664 1.94911279513 0.976173650782 0.00751925832543
-1.53643037714 -6.31519666296 0.27771683622 -0.01121387611
-3.33388711979 -4.78820113219 0.439682735729 0.0144601958487
4.3830010761 1.14691524165 0.864299398345 -0.0165079463602
6.98998337854 -1.66601145507 -0.256477931819 0.0166289190243
-0.220764486499 0.466910324194 0.112338110801 -0.0141931645695
0.307245867664 -1.30678736299 -0.0402135807633 0.00873494383417
1.0 -1.0 -7.40148683083e-17 -1.23358113847e-17
-0.0240483480727 -0.849751040392 0.0192909048967 -0.0120340513397
0.854757664321 -0.492546390843 -0.0224446685075 0.0271733037616
0.456912877172 -0.0529242530167 0.0125605643777 -0.0450732516507
0.134437714141 -1.8876542183 0.00778654213709 0.0653874300094
1.32475167787 -0.0849977312909 -0.0364710920365 -0.0880998556212
-0.78805771864 -1.93549046313 0.0726383467488 0.114429954317
2.21507793747 -0.0705260657254 -0.120291042947 -0.150368308578
-1.60111640038 -1.8575366127 0.215209880827 0.233492242324
1.56184329293 1.07282054477 0.991502842022 0.983606673679
