11.0 8.0 -9.14301314397e-17 0.0
1.94282286587 2.37097613753 -0.0648352265825 -0.0773510129099
-2.47260993323 -0.308019237615 0.074363049452 0.0933900615642
0.781231966659 2.09251084848 -0.0656586205023 -0.0853615328236
-0.850762551265 0.219999664096 0.0490483459159 0.0649691986795
0.728548266743 1.43834277742 -0.0296923430276 -0.0394553283386
0.812615802646 0.861422416552 0.0109554727091 0.0143802258003
-0.0399113568487 0.963307312076 0.00481950940864 0.00615161852257
0.920503750983 0.37377632859 -0.0161188907388 -0.0196823665576
0.960595099086 -0.341149632958 0.0222035298337 0.0254895289727
1.08413720774 0.245770283499 -0.0230634308886 -0.0244232188356
0.919107604591 -0.0980169525227 0.0193381794711 0.018490381429
1.04786636768 -0.0851595812445 -0.0121919074408 -0.010267146141
0.991703403276 -1.03144677139 0.00314666328131 0.00226456617359
1.01107799053 -0.192119398012 0.00611335324124 0.00361792790843
0.342926526442 0.921592117008 -0.0139493550359 -0.00644016670282
-0.312042799289 1.03716626645 0.0189679205333 0.00630683663085
0.338009517839 0.92843585249 -0.0201943200593 -0.00418916393371
-0.450909784591 1.09889641738 0.0172028163305 0.00154118202894
-0.93087583841 0.9192301329 -0.0101920822521 0.000185079310501
-1.30614473485e-16 1.0 6.53072367427e-18 1.63268091857e-18
0.112982570865 1.13770895264 0.0119405019328 -0.00230499342272
-0.771077963931 0.696219428775 -0.0236942730878 0.00606257038076
-0.753684071566 1.45149856861 0.0329443652432 -0.0098859819914
0.501906855134 0.474906740027 -0.0371026856422 0.0120433499686
-0.524779962997 1.47127217943 0.0333402108237 -0.0109624218013
-0.838674564293 0.749663015719 -0.0183756641045 0.0057443539056
0.962260297243 0.843481051019 -0.0124503249201 0.00344126131754
0.249223512056 1.74765701697 0.0686852615214 -0.015184560309
-0.0764987184719 -0.512988833452 -0.182052522596 0.0269427625693
-0.205953198842 3.37040515797 0.600747525591 -0.0354192421948
0.937217535654 -5.9091553948 0.847190819877 0.0371413823859
3.05784697824 -12.1107204837 -0.184384568677 -0.0291091680116
-0.213244225499 -0.48006775828 0.0333469337735 0.00934807165666
-0.306291985388 -0.504805265316 0.0559347751478 0.0228321592718
0.602433601182 -1.61818788289 -0.124760237362 -0.0671606763483
-0.395858776917 -0.614804295035 0.185862626616 0.124063273345
2.163926534 -0.995430541667 -0.254169821764 -0.201444152009
-1.90452631903 -1.35437212213 0.403520861757 0.367369856683
1.93169897258 1.1539701913 0.946154728693 0.963336072061
