10.0 9.0 -7.93016446161e-18 -7.93016446161e-18
4.28538296431 3.36538928037 -0.149639726369 -0.149639726369
-0.885756756407 -1.98619195057 0.123074139032 0.123074139032
1.39683460555 0.428664826349 -0.030440064726 -0.030440064726
1.54762730622 0.605690482555 -0.0462160620256 -0.0462160620256
0.282949224552 -0.812494220508 0.064620134105 0.064620134105
1.33522909885 0.390696901121 -0.0318020212627 -0.0318020212627
1.14244043191 0.172426239101 -0.0141622036231 -0.0141622036231
0.64557358978 -0.455181706195 0.0371606179064 0.0371606179064
1.23818627216 0.340393788521 -0.0270110128063 -0.0270110128063
1.0 3.80647894157e-16 -5.55111512313e-17 -5.55111512313e-17
0.914441545561 -0.318359962978 0.0195413400938 0.0195413400938
0.832418189247 0.554651301766 -0.0192731487542 -0.0192731487542
-0.119649297343 1.02128616536 0.00516308114468 0.00516308114468
-0.15426516919 1.02076867078 0.00787855339123 0.00787855339123
0.18419276927 0.938988021064 -0.0102891084645 -0.0102891084645
-0.061981340751 1.07214708722 0.00429819847009 0.00429819847009
0.00729893951967 1.07822115318 0.00136905800795 0.00136905800795
-0.509244009623 0.258144611205 -0.00152542847845 -0.00152542847845
-1.07557651407 0.14666553741 -0.000972919190605 -0.000972919190605
1.58603289232e-16 1.0 9.91270557701e-18 9.91270557701e-18
0.459357029751 1.10836996481 0.00557894809806 0.00557894809806
-0.76584615891 0.948312830847 -0.0093741043156 -0.0093741043156
-0.899701845432 0.999448987734 0.00400131824084 0.00400131824084
-0.0378606470108 0.971583269721 0.00953516846624 0.00953516846624
-0.464422306952 1.09086378955 -0.0197385880074 -0.0197385880074
-1.00993037873 0.922291484197 0.0138569159998 0.0138569159998
-0.142219984704 0.946149806259 0.00860038377377 0.00860038377377
0.273462044886 1.20791042569 -0.0310465724964 -0.0310465724964
-0.154629355553 0.784110789205 0.0309071071421 0.0309071071421
-2.53765262771e-16 1.0 -3.17206578464e-17 -3.17206578464e-17
-0.560690104575 1.31012846369 -0.0427213416692 -0.0427213416692
-1.09853513253 0.564563216495 0.0598609927497 0.0598609927497
0.175385143595 1.17002453999 -0.0235906395479 -0.0235906395479
-0.399864841561 1.39392764714 -0.0559338644264 -0.0559338644264
-1.64471385936 0.164106868109 0.123967028677 0.123967028677
0.862116327033 1.6382714955 -0.102526195644 -0.102526195644
0.53180853843 1.47092034138 -0.0889665635302 -0.0889665635302
-2.28742783559 -1.53615719605 0.756318525673 0.756318525673
3.7290400891 3.16612419283 0.858069482936 0.858069482936
