18.0 8.0 0.0 0.0
-0.0201733468074 0.41008914213 -0.0253141048256 -0.0253141048256
-1.96833830954 -0.35433475006 0.0332659354587 0.0332659354587
-0.044442389474 -0.511667022434 -0.0362587720026 -0.0362587720026
-1.94380759745 -0.696984490211 0.0369108382567 0.0369108382567
-0.0559139473117 0.618125445387 -0.0361501990165 -0.0361501990165
-1.99827338602 -0.668165113447 0.0344217922128 0.0344217922128
0.572281801542 1.25626672499 -0.0319938149118 -0.0319938149118
-1.2548289159 0.0390876037253 0.0290596878669 0.0290596878669
-0.101220586183 0.631378883806 -0.0257777985526 -0.0257777985526
-0.202081053378 1.03618631071 0.0222883367499 0.0222883367499
0.220363180153 1.01274285702 -0.0187204813349 -0.0187204813349
-0.190667652391 0.985462735177 0.0151951088208 0.0151951088208
0.144716732636 1.00078268067 -0.0118252866554 -0.0118252866554
-0.0907438069056 1.01916700273 0.00871564465372 0.00871564465372
0.0256631035708 0.957635247377 -0.00596120272135 -0.00596120272135
0.098642123654 1.07150578174 0.00364598765306 0.00364598765306
1.12567665693 0.863857064911 -0.00184164613246 -0.00184164613246
0.952539043064 -0.0437695823661 0.000606191786493 0.000606191786493
1.01479508129 0.00214850883129 1.70171802408e-05 1.70171802408e-05
1.0 6.54447256621e-16 1.31473779232e-17 1.31473779232e-17
0.996203766868 0.015910721929 -0.000669476158262 -0.000669476158262
1.00178931028 -0.049057820141 0.00198791492502 0.00198791492502
0.995664435327 0.107844575917 -0.00393652709454 -0.00393652709454
1.0508132927 -0.231085505497 0.00648210809613 0.00648210809613
0.250389233389 1.02783468175 -0.00957838123253 -0.00957838123253
0.459885398807 0.139543842922 0.0131678423169 0.0131678423169
0.925553786328 0.632441272994 -0.0171841694633 -0.0171841694633
-0.859663178503 1.06743724857 0.0215553218912 0.0215553218912
1.41836515516 1.04842472576 -0.0262075748865 -0.0262075748865
-0.522659232185 0.869313707852 0.0310709939191 0.0310709939191
-0.368208675455 1.20273466052 -0.0360874046928 -0.0360874046928
-0.208151381886 0.725413251053 0.0412231944778 0.0412231944778
0.189216577022 1.3624585193 -0.0464924997795 -0.0464924997795
-1.76321568922 0.431388138701 0.0520054167113 0.0520054167113
-0.222235516538 0.213718791518 -0.0580856588842 -0.0580856588842
-1.81584853025 -0.313696222363 0.0656228342677 0.0656228342677
-0.15283777232 0.364181890184 -0.0775032922379 -0.0775032922379
-1.85065359276 -0.395833191722 0.109090639409 0.109090639409
0.98087956598 0.414669574814 0.995887062876 0.995887062876
