14.0 5.0 6.34413156929e-18 -9.51619735393e-18
2.81795372412 0.783960801857 -0.0777666621606 -0.065274066465
-0.556807517507 -0.888862852213 0.104873546101 0.0826840358104
1.691905349 1.45213893975 -0.110652788812 -0.0825748769302
-0.734854521649 0.00937171757954 0.102335759046 0.0726962057638
1.70759489524 0.509868676842 -0.0837783080717 -0.0568941875269
-0.591131707367 0.982522229044 0.0583042572383 0.0379733699956
1.36570992263 1.03644782331 -0.0292599663861 -0.0183199571557
7.1054273576e-16 1.0 6.1219107915e-19 1.23777592385e-17
-0.357894815729 0.962759714106 0.0263097529224 0.015292134507
0.549945814922 1.04697621771 -0.0469404187321 -0.026318230073
-0.564749356285 1.01354801102 0.0598363067058 0.0323661409913
0.147786604754 0.591525777674 -0.063799996971 -0.0332826241756
-1.45079289956 -0.00953528734801 0.0586013377139 0.0294589944742
0.566384501559 1.3688856396 -0.0449966409884 -0.0217678317245
-1.47804026645 0.826567039835 0.0246551210635 0.011455450694
-1.0 1.0 3.01514858475e-16 1.00731185443e-17
0.3345728267 1.22922006006 -0.0260186747657 -0.011051161029
-1.42368664843 -0.144442360783 0.0501939785718 0.0202489172187
0.319351262542 0.928590234654 -0.0693418938444 -0.0263982196614
-1.06287953948 0.371904424955 0.0805503827458 0.028686913652
-0.30055514437 0.290334271306 -0.0813448976104 -0.0267748595667
-0.237433964407 1.08067107362 0.0696862922506 0.0208345562848
0.198275940467 1.02425812108 -0.0436175108829 -0.011539283596
-2.03012210217e-16 1.0 4.87749814605e-17 2.61514459426e-18
-1.11930913259 0.0279076670874 0.0700149635351 0.0123426410647
-0.632464558171 0.740365752031 -0.204301864786 -0.0238602497832
-1.29102927477 0.704859450262 0.817259591765 0.0328981842676
2.36428543051 -0.833329314356 0.598893672957 -0.0379398634276
2.16605122415 -0.701201815505 -0.176663934482 0.0377563634522
1.01679908129 0.160061901156 0.0691942919278 -0.031524137368
0.881191836036 -0.0641679876395 -0.0206010143088 0.0188946858527
1.0 5.07530525543e-16 2.34017315728e-17 3.10503900083e-19
1.24082598029 0.0702592190401 0.00117500003318 -0.0246276413149
0.440610038646 -0.153583735227 0.013328820469 0.0542664384286
1.91955050309 0.248779225676 -0.0413642840226 -0.0884819795301
-0.287492486295 -0.351169409039 0.0825738210236 0.128398834498
2.63665645213 0.454500919445 -0.142962516914 -0.181615595985
-0.987631956946 -0.55232563318 0.272961242004 0.300332236328
1.85415954478 0.639476343733 0.988377521379 0.974515804886
