10.0 5.0 0.0 0.0
2.945163129 0.85274118038 -0.0773510129099 -0.0773510129099
-0.879199994765 -0.784483410746 0.0933900615642 0.0933900615642
2.54633379889 0.687208672976 -0.0853615328236 -0.0853615328236
-0.0472277225195 -0.58099641547 0.0649691986795 0.0649691986795
1.43820062853 0.524653965476 -0.0394553283386 -0.0394553283386
-0.249769116277 0.906521366646 0.0143802258003 0.0143802258003
0.834739337775 0.023087583865 0.00615161852257 0.00615161852257
1.46154810231 -0.0502432505191 -0.0196823665576 -0.0196823665576
0.436736156965 0.532058107211 0.0254895289727 0.0254895289727
1.51390970944 1.37753089955 -0.0244232188356 -0.0244232188356
0.646558175394 0.467280900561 0.018490381429 0.018490381429
1.10796387374 0.110978532209 -0.010267146141 -0.010267146141
-0.103792251483 1.03820520201 0.00226456617359 0.00226456617359
-0.193313882156 1.03861049375 0.00361792790843 0.00361792790843
1.07360403141 0.93793011444 -0.00644016670282 -0.00644016670282
0.338268570358 1.07080571236 0.00630683663085 0.00630683663085
-0.104779728551 0.929120370335 -0.00418916393371 -0.00418916393371
0.0666026037733 1.06111213594 0.00154118202894 0.00154118202894
-0.0459178866003 0.961563554578 0.000185079310501 0.000185079310501
-1.04491578788e-16 1.0 1.63268091857e-18 1.63268091857e-18
0.0841752745024 1.05637964071 -0.00230499342272 -0.00230499342272
-0.202076058449 0.865558408481 0.00606257038076 0.00606257038076
0.347869822833 1.25162781786 -0.0098859819914 -0.0098859819914
-0.62896172024 0.449119447099 0.0120433499686 0.0120433499686
-0.900905558403 0.156166399911 -0.0109624218013 -0.0109624218013
-1.08493462943 1.02869780108 0.0057443539056 0.0057443539056
-1.05777371683 0.0767729821229 0.00344126131754 0.00344126131754
-0.730255640342 -0.24732673348 -0.015184560309 -0.015184560309
-1.4946813525 0.884238864869 0.0269427625693 0.0269427625693
-0.333690943316 0.595235824233 -0.0354192421948 -0.0354192421948
-1.71486736667 -0.197058714752 0.0371413823859 0.0371413823859
-0.423829516098 0.0851623914214 -0.0291091680116 -0.0291091680116
-1.19357712415 -0.0155432414004 0.00934807165666 0.00934807165666
-1.52463028481 -0.000923347574503 0.0228321592718 0.0228321592718
1.78218133708 -0.655755916232 -0.0671606763483 -0.0671606763483
-1.18482643294 -0.916498075316 0.124063273345 0.124063273345
6.16451378157 0.793450640726 -0.201444152009 -0.201444152009
5.34736425818 -0.832391191431 0.367369856683 0.367369856683
0.669160687717 0.872342462587 0.963336072061 0.963336072061
