6.5646856884 9.09558288058 0.170671241135 0.170671241135
0.909434353861 -0.435374010575 -0.0664195490452 -0.0664195490452
1.13434747078 -1.02412910163 0.0364116612637 0.0364116612637
0.839752586946 -0.40641757257 -0.0220321765691 -0.0220321765691
1.1804605471 -0.582072315171 0.0135111817645 0.0135111817645
0.800007298686 -0.182238195795 -0.00781603967365 -0.00781603967365
1.22303992539 0.166131947434 0.00369747177368 0.00369747177368
0.743088890834 -0.15862969922 -0.000546336481484 -0.000546336481484
1.32441054514 0.192050904984 -0.0019701335544 -0.0019701335544
0.408267069584 1.01542641197 0.00404939333283 0.00404939333283
0.625099834075 0.565984937678 -0.00581629175274 -0.00581629175274
0.352538816771 0.418728510742 0.00735390687096 0.00735390687096
0.666740361425 0.533212525024 -0.00871994260917 -0.00871994260917
0.310044088276 0.721123395359 0.00995601446532 0.00995601446532
0.74016783908 1.25733017193 -0.0110931920473 -0.0110931920473
-0.338493474865 0.75187924375 0.0121554624364 0.0121554624364
0.296178339758 1.24604134908 -0.0131619878464 -0.0131619878464
-0.304554692267 0.749908995691 0.0141286409156 0.0141286409156
0.362900727305 1.26190896666 -0.0150690985855 -0.0150690985855
-1.00004852817 0.71232558254 0.0159956665154 0.0159956665154
0.102999454674 1.34988095042 -0.0169199461588 -0.0169199461588
-0.40749434744 0.384807900841 0.0178534244753 0.0178534244753
-0.950157180132 0.651636672451 -0.0188080512904 -0.0188080512904
-1.11931271639 0.312414778991 0.0197968669823 0.0197968669823
-0.848337409982 0.751249163923 -0.0208347527783 -0.0208347527783
-1.17425055321 -0.0100419453016 0.0219394003646 0.0219394003646
-0.805205453848 0.0288624060806 -0.0231326444712 -0.0231326444712
-1.2184504994 -0.0238777512761 0.024442387773 0.024442387773
-0.746229219155 -0.0434261236495 -0.0259055048771 -0.0259055048771
-1.33026749613 -1.07557209201 0.0275724106136 0.0275724106136
-0.233289958667 -0.991411838428 -0.0295145698455 -0.0295145698455
-0.764564505585 -0.38153712006 0.0318374689753 0.0318374689753
-0.936937163322 -0.684924298565 -0.0347043669559 -0.0347043669559
0.073052424727 -1.20914702169 0.0383830031083 0.0383830031083
-0.450351589335 -0.823315450336 -0.0433461714037 -0.0433461714037
-0.600453024122 -1.15824703088 0.0505159445871 0.0505159445871
0.396028855954 -0.857595036628 -0.0619657881195 -0.0619657881195
-0.425298022951 -1.12128205625 0.0835374926753 0.0835374926753
0.847875576343 -0.929066689337 -0.140542709141 -0.140542709141
0.152575139845 -0.468182346751 0.764510213178 0.764510213178
