11.0 8.0 0.0 0.0
5.87956429074 3.80465602018 -0.182236176263 -0.182236176263
-0.909988213839 -1.4603916173 0.101380548108 0.101380548108
0.297104661497 -0.525983938954 0.0433053088897 0.0433053088897
2.4047190758 1.02377884387 -0.0939453862422 -0.0939453862422
0.561375656358 -0.308695006172 0.030895286065 0.030895286065
0.311443565768 -0.460140589461 0.0503204192864 0.0503204192864
1.78387341518 0.476925331082 -0.0591053424234 -0.0591053424234
1.0 -2.13162820728e-16 6.83383025096e-18 6.83383025096e-18
0.405174530915 0.167231107138 0.0499643424287 0.0499643424287
1.3238228979 1.4553409141 -0.0357958511994 -0.0357958511994
0.392174644339 1.20917254256 -0.0183144322509 -0.0183144322509
-0.939393425487 0.509783657804 0.0456461201437 0.0456461201437
0.393666179439 1.17286638506 -0.0167953502988 -0.0167953502988
1.34892179509 1.29930852146 -0.0300614830069 -0.0300614830069
0.206965528465 0.629210025772 0.0383130963417 0.0383130963417
6.39488462184e-16 1.0 -1.61324848592e-18 -1.61324848592e-18
0.45665723328 1.34139135379 -0.0371797112327 -0.0371797112327
-0.512642287437 0.747525673925 0.0282982347181 0.0282982347181
-1.0954572658 0.867983641878 0.0153243492384 0.0153243492384
-0.317447692787 1.33065876119 -0.0403179188324 -0.0403179188324
-0.00975672588189 0.882192783662 0.0156321289992 0.0156321289992
-0.0592451901335 0.818960861157 0.0294537719755 0.0294537719755
-0.0521942340088 1.05600093796 -0.0395054969432 -0.0395054969432
-1.0 0.0 1.61324848592e-18 1.61324848592e-18
-1.56228536776 -0.616830659443 0.0425441406237 0.0425441406237
-0.462206628514 0.566576617403 -0.0341977216334 -0.0341977216334
0.0779058307607 1.08770996754 -0.0196139683317 -0.0196139683317
-0.34815884737 0.639450113882 0.0548720459226 0.0548720459226
0.162786869249 1.16281875689 -0.0227445062125 -0.0227445062125
0.346394880279 1.33788778596 -0.0461477332964 -0.0461477332964
-0.51439573631 0.508336654295 0.067310829512 0.067310829512
-5.68434188608e-16 1.0 -6.83383025096e-18 -6.83383025096e-18
0.675602529296 1.6258020434 -0.0898028963697 -0.0898028963697
-0.607308880042 0.443734816377 0.0834989812389 0.0834989812389
-0.39694144706 0.638867921906 0.0580102336961 0.0580102336961
1.30585369884 2.19075581426 -0.213468456492 -0.213468456492
-0.67216818443 0.36856721549 0.139494540426 0.139494540426
-1.88476474806 -1.24323017461 0.900464429309 0.900464429309
5.01034759173 3.65177691595 0.784503624105 0.784503624105
