9.23487977831 5.13930327246 0.219424237455 0.196427185606
1.05797181759 -0.416472966596 -0.0985082481433 -0.0767873924899
1.01809721592 0.354881377176 0.0649637376791 0.0433110255989
0.924557028341 -0.31121053334 -0.0504453381414 -0.027417012882
1.13089914184 0.275741545345 0.0448157977999 0.0180431501637
0.802058452881 -0.241970923042 -0.0478390300872 -0.0117963803944
1.3028134757 0.19779416 0.0753428179111 0.00728804171908
-0.619207830395 -0.059206718388 0.754227106285 -0.00384386360595
-1.20757369357 1.301129959 -0.0504109454597 0.0010965859977
0.162633836969 0.741424197096 0.0272021070688 0.00117123106561
-0.72862624502 0.473568419376 -0.0206278720902 -0.00309683339551
-0.385243010535 0.757559833913 0.0182620102058 0.00477141765457
-0.590602086832 1.27318690805 -0.0175208350426 -0.00625824903496
0.954410500002 -0.0375959668609 0.0175511123376 0.00760290352102
0.99811597881 0.322952837599 -0.0180006155658 -0.00883937221386
1.02279996018 1.01842971957 0.0187045507735 0.00999387063136
0.354517886211 1.02164735887 -0.0195807213412 -0.0110873186909
-0.202665117666 0.974150655502 0.020588059156 0.0121370249293
0.195580849457 1.01708695686 -0.0217083377929 -0.0131578846346
-0.215522944456 1.00151397682 0.0229376301333 0.0141632810944
0.266667207802 0.965270094856 -0.0242824032609 -0.0151658130615
-0.517248742441 1.10916505412 0.0257581717287 0.0161779359465
-0.914091045681 0.384987107305 -0.027389911143 -0.0172125875436
-1.15332920822 0.645640047444 0.0292141160389 0.0182838661723
-0.810996214686 0.112668734797 -0.031282936539 -0.019407839113
-1.21756137758 -0.0385717152067 0.0336715619483 0.0206035851193
-0.754829349358 -0.00950944992216 -0.0364913842223 -0.0218946247773
-1.274847239 0.056935407561 0.0399144914914 0.023310983729
-0.690776052148 -0.114917304132 -0.0442225685398 -0.0248923013194
-1.35178858827 0.201639235162 0.0499145788903 0.0266927144764
-0.591564180912 -0.398517041159 -0.0579782762978 -0.0287888749297
-1.49101048003 -0.375447572751 0.0707234299686 0.0312937745217
-0.371882259653 -0.820655039742 -0.0952902809258 -0.0343820098619
-1.90547020344 0.200244167066 0.171883352015 0.0383393454376
2.2981961781 -1.51377604286 0.697139482721 -0.0436690990451
3.86676346994 -3.61966446303 -0.048740259332 0.0513493710978
0.348694132126 -0.231992328405 -0.00890709436985 -0.0635679526583
1.25753204777 -1.26213463342 0.0480810610275 0.0864338421908
0.960718680048 0.0181369518022 -0.115681537086 -0.145907342784
0.37538977036 -0.882646048134 0.692281490439 0.717912384993
