6.53770644054 9.96409473816 0.170671241135 0.170671241135
-0.0297790127513 0.713193428033 -0.0664195490452 -0.0664195490452
-0.416905842887 1.32763207623 0.0364116612637 0.0364116612637
-0.583511645768 0.648865653154 -0.0220321765691 -0.0220321765691
0.322370956455 1.3704412071 0.0135111817645 0.0135111817645
-0.24850009185 0.605898554338 -0.00781603967365 -0.00781603967365
0.17593072954 1.44631923046 0.00369747177368 0.00369747177368
0.44230028185 -0.0502843592009 -0.000546336481484 -0.000546336481484
0.557241356871 1.02318617537 -0.0019701335544 -0.0019701335544
0.677752070133 -0.0819946150522 0.00404939333283 0.00404939333283
1.31427959645 1.53607570718 -0.00581629175274 -0.00581629175274
0.681257467983 -0.0876012421681 0.00735390687096 0.00735390687096
1.33421038731 0.189748327209 -0.00871994260917 -0.00871994260917
0.633625900011 -1.19146750775 0.00995601446532 0.00995601446532
1.44283166225 0.655755760188 -0.0110931920473 -0.0110931920473
-0.102031521951 -1.26101976719 0.0121554624364 0.0121554624364
1.24147731061 0.375934431463 -0.0131619878464 -0.0131619878464
0.371538715872 -0.741937455765 0.0141286409156 0.0141286409156
0.72181193202 -0.191667216577 -0.0150690985855 -0.0150690985855
0.178673133202 -0.860601207014 0.0159956665154 0.0159956665154
1.03149965369 -0.06360925013 -0.0169199461588 -0.0169199461588
0.561187178882 -1.20657767685 0.0178534244753 0.0178534244753
0.527943970964 -0.760970092649 -0.0188080512904 -0.0188080512904
0.405852579152 -1.25689604537 0.0197968669823 0.0197968669823
0.678746097538 -0.733168979082 -0.0208347527783 -0.0208347527783
0.0460388645152 -1.27097698413 0.0219394003646 0.0219394003646
-0.0127793112791 -0.730879188936 -0.0231326444712 -0.0231326444712
0.00330997173857 -1.25776606005 0.024442387773 0.024442387773
-0.853457325499 0.0214644575758 -0.0259055048771 -0.0259055048771
-1.09160860938 -1.02144793193 0.0275724106136 0.0275724106136
-0.914866167884 0.405394558839 -0.0295145698455 -0.0295145698455
-1.0846798311 -0.337004498515 0.0318374689753 0.0318374689753
-0.915171205561 0.269953634084 -0.0347043669559 -0.0347043669559
-1.08406241642 -0.0195799605871 0.0383830031083 0.0383830031083
-0.918505868882 1.03749859942 -0.0433461714037 -0.0433461714037
-1.07600474344 -0.621956769054 0.0505159445871 0.0505159445871
-0.934623671947 0.581955258249 -0.0619657881195 -0.0619657881195
-1.04367049791 -0.628655726712 0.0835374926753 0.0835374926753
-1.01416789129 1.05254932985 -0.140542709141 -0.140542709141
-0.363260601766 -0.0498985921925 0.764510213178 0.764510213178
