16.3369177587 5.37632062031 0.196427185606 0.196427185606
-1.07427661493 1.15778471158 -0.0767873924899 -0.0767873924899
0.0224342548502 0.391172129438 0.0433110255989 0.0433110255989
-0.905192040698 0.635972351231 -0.027417012882 -0.027417012882
1.83495744905 1.20961561 0.0180431501637 0.0180431501637
-0.218198663635 0.82171724537 -0.0117963803944 -0.0117963803944
1.21694980231 1.16830158573 0.00728804171908 0.00728804171908
-0.379643482674 0.834470212264 -0.00384386360595 -0.00384386360595
0.46095364157 1.16626481957 0.0010965859977 0.0010965859977
-0.479723746685 0.830438476056 0.00117123106561 0.00117123106561
0.436162764975 1.17598526834 -0.00309683339551 -0.00309683339551
-1.65816702163 0.811272163371 0.00477141765457 0.00477141765457
0.141201991364 1.22347937133 -0.00625824903496 -0.00625824903496
-1.18509384899 0.02975000739 0.00760290352102 0.00760290352102
-0.651746239527 0.0941749971848 -0.00883937221386 -0.00883937221386
-1.38299755703 -0.119794537652 0.00999387063136 0.00999387063136
-0.608124137038 0.129824571119 -0.0110873186909 -0.0110873186909
-1.38860745892 -0.133799896226 0.0121370249293 0.0121370249293
-0.62522296797 0.132676575693 -0.0131578846346 -0.0131578846346
-1.34503140509 -0.120883276385 0.0141632810944 0.0141632810944
-0.724471956122 0.0478805828548 -0.0151658130615 -0.0151658130615
-0.966851946951 -1.20550392022 0.0161779359465 0.0161779359465
-0.0945475410758 -0.806800515235 -0.0172125875436 -0.0172125875436
-0.790384110344 -1.19088775346 0.0182838661723 0.0182838661723
0.585447186956 -0.807832061852 -0.019407839113 -0.019407839113
-0.50691547141 -1.19554083592 0.0206035851193 0.0206035851193
0.428372019298 -0.799260067064 -0.0218946247773 -0.0218946247773
-0.223260090837 -1.2081092562 0.023310983729 0.023310983729
1.10706109122 -0.781318812241 -0.0248923013194 -0.0248923013194
-0.0392029624209 -1.23491421826 0.0266927144764 0.0266927144764
1.67407345718 0.032820293773 -0.0287888749297 -0.0287888749297
-0.816528440061 -1.3322687629 0.0312937745217 0.0312937745217
1.25603155694 -0.168182944532 -0.0343820098619 -0.0343820098619
-0.240361760873 -0.856435122119 0.0383393454376 0.0383393454376
1.44058412563 0.0941163286993 -0.0436690990451 -0.0436690990451
0.530474187362 -0.171116524843 0.0513493710978 0.0513493710978
1.44877534176 0.251644914172 -0.0635679526583 -0.0635679526583
-0.284100728735 0.496421631424 0.0864338421908 0.0864338421908
1.608949141 0.577221871361 -0.145907342784 -0.145907342784
-0.0945417303552 0.366399089917 0.717912384993 0.717912384993
