10.0 10.0 1.86230958969e-16 1.86230958969e-16
3.62703884798 2.75341885497 -0.117095666001 -0.117095666001
-1.13563412863 -2.19301815923 0.124673597788 0.124673597788
2.30408612969 1.3622776552 -0.0831905697179 -0.0831905697179
0.625114111644 -0.438829074562 0.0246954827946 0.0246954827946
0.607571662105 -1.30411471608 0.0260332268769 0.0260332268769
1.80519839605 0.208625121362 -0.05304908531 -0.05304908531
0.20140613858 -0.389683028426 0.0517536905637 0.0517536905637
1.45006391864 0.236173237206 -0.0284433661724 -0.0284433661724
1.0574003107 0.02930881429 -0.00350038904346 -0.00350038904346
0.49082247297 -0.233968770553 0.0294315297035 0.0294315297035
1.7448160521 0.258893916051 -0.0391125095844 -0.0391125095844
0.252575500513 -0.0385788892011 0.0301936517265 0.0301936517265
0.0858029662558 1.13424793789 -0.00835676352864 -0.00835676352864
0.201499473576 1.21353666175 -0.0157072202943 -0.0157072202943
-0.403922213212 0.604213274893 0.0311138641579 0.0311138641579
0.228334989073 1.38639636788 -0.0313873510294 -0.0313873510294
-1.47412602748 0.794228812616 0.017007892689 0.017007892689
-1.15534812299 0.939382462058 0.00505412189747 0.00505412189747
0.424569205502 1.29342980421 -0.0245356027672 -0.0245356027672
-1.16588959279 0.611511217622 0.0324244237486 0.0324244237486
-0.380350908542 1.30062343226 -0.0249314969372 -0.0249314969372
-0.0880416982456 0.93633190312 0.00521959159441 0.00521959159441
-1.17442111814 0.778124027519 0.0178591228835 0.0178591228835
0.0678000603826 1.4286562223 -0.0335323702709 -0.0335323702709
-0.678640100824 0.546905802916 0.0338502434734 0.0338502434734
-0.7769321078 1.25301176784 -0.0174238634655 -0.0174238634655
0.067047150101 1.16398177821 -0.00946749559345 -0.00946749559345
-1.05709916854 -0.209545360613 0.0350111207589 0.0350111207589
-0.23207962663 0.801612651883 -0.0465526594556 -0.0465526594556
-0.354928179422 0.810334816545 0.0360949181722 0.0360949181722
-0.976020166763 1.03487273411 -0.00444658577425 -0.00444658577425
0.0704186426165 1.37309782908 -0.0377012559539 -0.0377012559539
-0.893420618581 -0.165267719612 0.0723474118799 0.0723474118799
-0.465569872134 0.668777193821 -0.0795037033267 -0.0795037033267
-0.155019991528 0.862160379312 0.0429748034991 0.0429748034991
-1.06551292899 0.818087952105 0.0471950504899 0.0471950504899
-0.424107545647 1.30005909198 -0.205449889999 -0.205449889999
-2.12042015301 -1.99578895014 0.571916017471 0.571916017471
2.47882146724 2.61490004419 0.918860662701 0.918860662701
