8.0 7.0 -4.93432455389e-17 3.08395284618e-18
1.7592995584 0.762092885442 -0.0632987013246 -0.0512947984164
0.292976357242 -0.734334623874 0.0841090569194 0.0654854967475
1.63572702665 0.713028029671 -0.0876344321009 -0.0671638034914
0.450024060027 -0.736894319906 0.0807605131579 0.0622374651096
1.45359527408 1.08004085577 -0.0673999969498 -0.0533606146381
0.649637895479 0.369233170108 0.0507094721888 0.0422780161694
1.24371565726 0.247656515146 -0.0334847935611 -0.0303701033022
0.86412561836 1.0973066758 0.0181369627455 0.0187824884574
1.0250119952 0.970394995635 -0.00656093993705 -0.00843528207301
-1.97372982156e-16 1.0 1.48029736617e-16 -6.16790569236e-18
-0.170261550402 1.07295368862 0.00104980933603 0.0061227688875
1.04658058523 0.097988144931 0.00312617422121 -0.00981047251521
0.270084849363 0.584658884277 -0.0114958074071 0.0112044720555
-0.17949535585 1.24777694606 0.0223796047534 -0.0106736604121
0.549528373414 0.801916469112 -0.0336005901835 0.00875829969108
0.82946206057 1.1871602906 0.0426582518697 -0.0060991304882
-0.117883294705 0.710842741902 -0.0468832171018 0.00335856666438
1.35161816793 -0.134172974851 0.0434935379341 -0.00114172080001
0.839427713131 0.100962433178 -0.0293710762018 -7.49097348613e-05
1.0 1.0 9.25185853854e-18 -6.16790569236e-18
1.18791784223 0.131905766368 0.0548264489637 0.00143643639137
0.55814449659 -0.158105910164 -0.175182557064 -0.00407087008485
1.49756747083 0.194195792432 0.891117589645 0.00751925832543
-4.69459682433 -0.266330795825 0.457817922783 -0.01121387611
-3.71251335349 0.620264094868 -0.152930596807 0.0144601958487
1.20767305663 1.02912594642 0.0580946081437 -0.0165079463602
-0.571865668468 1.03234036827 -0.00755396697083 0.0166289190243
0.174085698298 0.951955103235 -0.0190770365225 -0.0141931645695
-1.16838893829 1.0390910262 0.02392973431 0.00873494383417
0.0 1.0 -3.70074341542e-17 -1.23358113847e-17
0.219762567747 0.911417989463 -0.0886907645137 -0.0120340513397
-0.400937192618 0.762491893778 0.94240497638 0.0271733037616
0.60168943892 -4.08579069871 0.346033330722 -0.0450732516507
-1.18678362054 -2.8825194536 -0.1463751776 0.0653874300094
-0.486694357989 1.5749555481 0.0585122413688 -0.0880998556212
-1.63050331032 -1.31467896749 0.0108635926534 0.114429954317
-0.313075357298 1.34976513799 -0.0811163730636 -0.150368308578
-1.66534502604 0.0395544303332 0.192746764104 0.233492242324
0.92402142008 0.74286303183 1.00121876844 0.983606673679
