5.39835065543 7.9842451407 0.0631343673496 0.140885425841
1.94220679194 -0.439239223825 0.00756595267608 -0.0538003035115
0.32250335578 0.461809512074 -0.0229472554084 0.027992846759
1.50703598622 -0.932340591762 0.0281413046591 -0.0155049531587
0.613515700401 -0.156675124207 -0.0301318267204 0.00806738530174
1.29584379144 0.0421806251552 0.030848999636 -0.00308071452521
0.775198483311 -0.274716786496 -0.0309879086454 -0.000533353403678
1.1678002097 -0.42533974375 0.0308410247874 0.0033029534943
0.87751936461 0.983567766702 -0.0305444644321 -0.00551751559194
1.09143474358 -0.57418721202 0.0301659128425 0.00734918847405
0.891427747583 0.533360487514 -0.029740357756 -0.00890702442267
-0.0348747418005 0.619761996132 0.0292860546498 0.0102637019769
0.044297342138 1.37244317792 -0.0288121855007 -0.0114697687103
-0.0301869687328 0.630131301954 0.0283227310337 0.0125617224591
-0.601984120795 1.37642278006 -0.0278184965198 -0.013566842725
-1.28499333849 -0.232694332467 0.0272981808695 0.014506214049
-0.688711091902 1.46638318268 -0.0267589176825 -0.0153966995947
-1.4023208033 0.176178883019 0.0261965003556 0.016252285216
-0.0548140956897 0.794823255536 -0.0256053941701 -0.0170850387073
-0.945314259651 0.20350628502 0.0249785775837 0.0179058342759
-0.801236533148 0.81574656118 -0.0243072151588 -0.0187249403165
-1.33232340511 0.124833479615 0.0235801307035 0.0195525406985
-0.305444238468 1.21503353217 -0.0227830104363 -0.0203992469357
-0.252543252639 0.865137521526 0.0218972104479 0.0212766568857
1.01839687522 0.45789336286 -0.0208979521594 -0.0221980245161
0.764014044105 -0.299896832349 0.0197515302542 0.0231791274333
1.32065313633 0.271214867668 -0.0184108618442 -0.0242394613449
0.613964686393 -0.270029151138 0.016808127267 0.025403968069
1.44909637496 0.306542955447 -0.0148420563667 -0.0267056461297
0.483181985645 -0.97295764035 0.012354772035 0.0281896633176
1.59479146346 -1.8856055845e-05 -0.00908679443475 -0.0299201277681
0.3100800736 -0.0630952719038 0.0045822206393 0.0319918043258
1.8129804517 0.0522114085029 0.00203324722857 -0.0345516133786
0.0164924405146 0.011351602187 -0.0126517432827 0.0378410226694
2.24230592402 -0.721521539402 0.0321775472236 -0.0422876442392
-0.691531163727 -0.176256127006 -0.0778987107596 0.0487287063762
3.64908464594 -0.0495171629875 0.274791020658 -0.059057919022
-8.57752096528 0.78014122123 0.778083955946 0.0786636250583
-8.94788910125 1.33243931463 -0.313482655045 -0.131405960915
2.24951180594 -0.622207959085 0.921535104143 0.81377145957
