18.0 6.0 2.16201325848e-16 2.16201325848e-16
11.4680755785 4.5078651803 -0.217285719563 -0.217285719563
-0.0486057113483 1.2806656455 -0.0259835809839 -0.0259835809839
-4.62546485464 -0.173367978786 0.131120357848 0.131120357848
-1.01424241213 0.71922268294 0.0352538503838 0.0352538503838
2.17429336954 1.67245754023 -0.0918272163877 -0.0918272163877
0.136094675937 1.2752579627 -0.0401952990971 -0.0401952990971
-2.64747732776 0.557764210649 0.0684382411206 0.0684382411206
-1.36327658271 0.734277268724 0.0433929463529 0.0433929463529
1.54822761788 1.30354846021 -0.0522643316833 -0.0522643316833
1.3443920372 1.25130301488 -0.045728580249 -0.045728580249
-1.2392312786 0.793839918771 0.0398882640476 0.0398882640476
-1.97568869539 0.771299365119 0.0475896345297 0.0475896345297
-0.278706213673 1.12985874227 -0.0296651319808 -0.0296651319808
0.634885549955 1.18855681276 -0.0491779843751 -0.0491779843751
-0.321345814146 0.936342069249 0.0206732247631 0.0206732247631
-0.792951589963 0.904406638905 0.0506150097582 0.0506150097582
0.17317509028 0.994848626449 -0.0123169976045 -0.0123169976045
0.392702912764 0.615851616674 -0.051985373439 -0.051985373439
-1.08735933116 -0.0238310873888 0.00414503370385 0.00414503370385
-1.79255797596 0.0461372174657 0.053359330669 0.053359330669
-0.119674746259 0.949307705496 0.00425535595474 0.00425535595474
1.46645996599 1.53687835475 -0.0548078860276 -0.0548078860276
0.360844121846 1.1157848118 -0.0133450729976 -0.0133450729976
-1.6921146044 0.55091354658 0.0564183032986 0.0564183032986
-1.45946531374 0.823244909786 0.0237432954652 0.0237432954652
0.350386986083 1.41062666891 -0.0583177864349 -0.0583177864349
0.506492902893 1.24420796407 -0.0364232186977 -0.0364232186977
-0.956595857796 0.61087315723 0.060721061365 0.060721061365
-0.873379186149 0.673952755167 0.0531478511229 0.0531478511229
1.07072122815 1.37597545924 -0.0640468616055 -0.0640468616055
1.3127014833 1.4350860338 -0.0776463020008 -0.0776463020008
-1.20354378298 0.631381975842 0.0692688219208 0.0692688219208
-2.42851845658 0.400647033721 0.119658454333 0.119658454333
0.0171619390391 1.36832178157 -0.0793449383704 -0.0793449383704
1.90159700934 1.90210885362 -0.215730035776 -0.215730035776
-0.893239024987 0.610435515615 0.109696831196 0.109696831196
-3.88823826615 -0.876783585205 0.728870229817 0.728870229817
0.951589889919 0.27551005143 0.995904080056 0.995904080056
12.1550325626 3.79101257264 0.605195297462 0.605195297462
