12.0 9.0 1.86230958969e-16 1.86230958969e-16
4.12312919856 2.67749854609 -0.117095666001 -0.117095666001
-1.45901706994 -2.66849064069 0.124673597788 0.124673597788
2.4507511121 0.330246506652 -0.0831905697179 -0.0831905697179
0.597952558253 -0.235813284153 0.0246954827946 0.0246954827946
0.595512808921 -0.266235399489 0.0260332268769 0.0260332268769
1.7937561549 0.555724530978 -0.05304908531 -0.05304908531
0.25340479776 -0.553181473706 0.0517536905637 0.0517536905637
1.39269688372 0.313297569496 -0.0284433661724 -0.0284433661724
1.04508369111 0.0408667851745 -0.00350038904346 -0.00350038904346
0.679919591808 -0.395471412038 0.0294315297035 0.0294315297035
1.0542792231 0.888530971148 -0.0391125095844 -0.0391125095844
-0.584175585628 0.860051422964 0.0301936517265 0.0301936517265
0.15099758347 1.05072897571 -0.00835676352864 -0.00835676352864
0.299982302576 1.10087309575 -0.0157072202943 -0.0157072202943
-1.01904436653 0.8046148879 0.0311138641579 0.0311138641579
-0.844648566467 1.17801597583 -0.0313873510294 -0.0313873510294
-1.00340991749 0.927661372672 0.017007892689 0.017007892689
-0.063242944506 0.997875027125 0.00505412189747 0.00505412189747
-0.431849010981 0.364587438095 -0.0245356027672 -0.0245356027672
-1.16217354735 0.0346600923303 0.0324244237486 0.0324244237486
0.463043233094 1.44664281632 -0.0249314969372 -0.0249314969372
-1.171791725 0.921059573446 0.00521959159441 0.00521959159441
-1.5634982759 0.750810661719 0.0178591228835 0.0178591228835
0.489932679205 1.44862618333 -0.0335323702709 -0.0335323702709
-0.928715581699 0.555957716857 0.0338502434734 0.0338502434734
-0.762265417085 1.22791950086 -0.0174238634655 -0.0174238634655
-0.837115828217 1.1256419789 -0.00946749559345 -0.00946749559345
-1.70770614191 0.517064616845 0.0350111207589 0.0350111207589
0.319858109435 1.69982370196 -0.0465526594556 -0.0465526594556
-0.69129675609 0.315211496064 0.0360949181722 0.0360949181722
-0.94123310579 0.0499375887344 -0.00444658577425 -0.00444658577425
0.325619825926 1.22041871762 -0.0377012559539 -0.0377012559539
-1.32425219683 -0.0852882573884 0.0723474118799 0.0723474118799
-0.0442985238077 0.652884063637 -0.0795037033267 -0.0795037033267
-0.36047492886 0.848288863659 0.0429748034991 0.0429748034991
-1.27799200568 0.774234987328 0.0471950504899 0.0471950504899
0.802394891797 1.98013403257 -0.205449889999 -0.205449889999
-2.00480010001 -1.04394796834 0.571916017471 0.571916017471
2.95759017584 2.13692583481 0.918860662701 0.918860662701
