16.0 7.0 6.53072367427e-17 6.53072367427e-17
11.5878759369 5.51741276847 -0.219734364564 -0.219734364564
2.69291574312 2.06544643616 -0.0796560063326 -0.0796560063326
-2.99530288984 -0.188826380107 0.109593355336 0.109593355336
-2.38094081579 0.0596265456466 0.099452631945 0.099452631945
0.896746124198 1.3497446745 -0.041233844416 -0.041233844416
1.91478159818 1.73028175735 -0.095247514815 -0.095247514815
0.128702724184 1.04725811248 -0.00688560079075 -0.00688560079075
-1.33086351651 0.543908634105 0.0770125486481 0.0770125486481
-0.614537614643 0.81921401615 0.0394996133698 0.0394996133698
0.640108043046 1.10229049907 -0.0504177501399 -0.0504177501399
0.219746547051 0.618023645152 -0.0578629779409 -0.0578629779409
-1.34318505414 -0.13862374488 0.0201245797059 0.0201245797059
-1.70581986346 -0.0808252041667 0.0627772584979 0.0627772584979
-0.217928456982 0.87575543058 0.0095928798401 0.0095928798401
1.15737182346 1.62467838792 -0.0555418585792 -0.0555418585792
0.687564205849 1.35888172757 -0.0348669268666 -0.0348669268666
-0.724194925812 0.630436533034 0.0382522119772 0.0382522119772
-0.960473200961 0.51774923255 0.0524322915421 0.0524322915421
0.245909157998 1.12197370458 -0.0138099720227 -0.0138099720227
1.0387870722 1.51039423912 -0.0598424610304 -0.0598424610304
0.24109258377 1.11756953949 -0.0142223811634 -0.0142223811634
-0.921836892883 0.553186068355 0.0556317638149 0.0556317638149
-0.678081636461 0.672955092684 0.0418469416787 0.0418469416787
0.623857766741 1.29968467575 -0.0393763141526 -0.0393763141526
1.00421175315 1.48084140886 -0.0648649498224 -0.0648649498224
-0.175475902645 0.916188226928 0.0116126378302 0.0116126378302
-1.16343744812 0.445313946241 0.0790205234276 0.0790205234276
-0.378499498746 0.819736303044 0.0264500871802 0.0264500871802
1.10669879486 1.52696242904 -0.0798495140255 -0.0798495140255
0.983173722681 1.46853927161 -0.0736008430511 -0.0736008430511
-0.78799271761 0.623623632195 0.0616348943588 0.0616348943588
-1.57880957391 0.242605015378 0.130370109976 0.130370109976
0.145965387696 1.07056556301 -0.0129303878116 -0.0129303878116
2.10660207167 2.03248803197 -0.205633315943 -0.205633315943
0.964434060209 1.4852599764 -0.10906121031 -0.10906121031
-2.51438117393 -0.343272219255 0.368911038712 0.368911038712
-3.1145087649 -1.07898055191 0.880541652075 0.880541652075
2.76166268655 1.09101622189 0.963521151372 0.963521151372
11.7321797909 4.90268105894 0.53930119896 0.53930119896
