16.0432806384 3.73207735757 0.0463875480774 0.0463875480774
-1.27008375593 1.05614526519 -0.0103989467788 -0.0103989467788
-0.756383481068 0.821265785159 -0.00111723372709 -0.00111723372709
-1.19975616174 0.0951245785175 0.00684194917684 0.00684194917684
-0.891867427007 1.16141036848 -0.0103001946599 -0.0103001946599
-0.756943805868 0.981237044536 0.0126395740335 0.0126395740335
-0.158281757931 0.612358202372 -0.0143455484586 -0.0143455484586
-0.881766242224 0.215992280044 0.0156589352274 0.0156589352274
-0.0804233015568 1.36867917652 -0.0167129040466 -0.0167129040466
-0.996062305592 0.717535367368 0.0175872028437 0.0175872028437
0.690442948056 1.24278509355 -0.0183326223359 -0.0183326223359
-0.606263453566 0.781797387393 0.0189831627012 0.0189831627012
0.567714306703 1.19953393234 -0.0195625613459 -0.0195625613459
-0.552581104554 0.817861281974 0.0200880169573 0.0200880169573
0.579467313276 1.16111774635 -0.0205724263475 -0.0205724263475
0.542359785079 0.875986797922 0.0210257900952 0.0210257900952
1.47331887979 0.987818140123 -0.0214561338237 -0.0214561338237
0.514875674844 -0.269450812264 0.021870138302 0.021870138302
1.52231293131 0.177210304526 -0.0222735913815 -0.0222735913815
0.205015474467 0.115962226839 0.0226717314462 0.0226717314462
0.175722482813 1.49416359559 -0.0230695282615 -0.0230695282615
0.213489121275 0.117345196024 0.023471934424 0.023471934424
1.50533493156 0.176109505383 -0.0238841349603 -0.0238841349603
0.540191718721 -0.274292681233 0.0243118222717 0.0243118222717
1.44110850478 1.02320532801 -0.0247615284766 -0.0247615284766
0.571394886672 0.0537491723116 0.0252410587255 0.0252410587255
1.41565666375 0.0591449552693 -0.0257600909297 -0.0257600909297
0.606215494184 -0.113722916042 0.0263310471927 0.0263310471927
1.31790414921 -0.966698991657 -0.0269704156766 -0.0269704156766
-0.471305362582 -1.02659894874 0.0277008415873 0.0277008415873
0.307064501109 -1.02761410064 -0.0285545854569 -0.0285545854569
-1.72338448047 -0.707902197839 0.0295795386052 0.0295795386052
-0.00611791909786 -0.144263781924 -0.030850331031 -0.030850331031
-0.787958120245 -1.06232447735 0.0324904075322 0.0324904075322
-0.768521906892 1.06966016453 -0.0347202189329 -0.0347202189329
-1.30736710198 0.194836074229 0.0379764489439 0.0379764489439
-0.656242553932 0.0895739861354 -0.0432642620011 -0.0432642620011
-1.39269060521 -0.181743292232 0.0535306571714 0.0535306571714
0.153920275619 0.980096543177 -0.0827405176714 -0.0827405176714
-0.239068903972 0.0692479471426 0.945492529128 0.945492529128
