9.0 8.0 2.16628882854e-17 3.52021934637e-17
-0.244289072067 0.857486632765 0.0189614149108 0.0123826178158
0.286815284124 1.12065439611 -0.0287059928574 -0.0164756780662
0.766603161874 0.895369914024 0.0360176714068 0.0185347976164
0.0748624010558 1.09254460281 -0.0424807501786 -0.019786673058
-1.20138306735 0.916948679485 0.0488083004657 0.0206369581156
0.374586363415 1.07507546372 -0.0555090884852 -0.0212587795628
-0.34149806194 0.932684013017 0.063117881406 0.0217385179891
0.334558220327 1.05692786555 -0.0723832363277 -0.0221241389519
-0.321248149594 0.966903612129 0.0845849184877 0.0224444563122
0.206665239309 0.907580177005 -0.10231561978 -0.0227178669031
-1.59955858769 -0.303771811407 0.131991894151 0.0229567111664
-0.387655616562 0.459912976278 -0.195420616095 -0.0231696199267
-1.63984195162 0.797759497903 0.446710159479 0.0233628565914
2.12350458114 -0.384261879358 0.765071465413 -0.0235411250866
3.06298839438 -1.22111676771 -0.168029793638 0.0237080785581
0.697725946257 -0.530980294996 0.0797331472203 -0.0238666534135
0.99225622572 0.0367418083342 -0.0434190794076 0.0240192982475
1.20209650732 0.0973102796108 0.0231505651293 -0.0241681384263
0.335071258323 -0.507697641241 -0.00989192166238 0.024315101533
0.463297419191 -0.745359930135 0.000296831491308 -0.0244620203335
1.07971285158 0.368548233647 0.00716835349507 0.024610725378
1.02783942159 -0.683820396807 -0.013313738065 -0.0247631373625
0.914953816969 -1.09201751721 0.0186167146635 0.024921369333
1.12765970198 -0.484384408619 -0.0233878244787 -0.0250878506979
0.828259141519 0.252254186106 0.0278515797425 0.0252654894082
1.25020935245 -0.272695544457 -0.0321923385579 -0.0254578969632
0.177313116266 0.821880006579 0.0365869677147 0.0256697160196
0.0323233032233 0.976273535315 -0.0412374284868 -0.0259071182813
-0.0747208342207 1.07127273489 0.0464176787666 0.0261785936118
0.0793341441104 0.900276245527 -0.052563157959 -0.0264962579393
-0.0332644319151 1.12729631394 0.0604806646639 0.0268781339259
-0.713412504207 0.837826835568 -0.0719517387008 -0.0273523749998
-0.444612777345 1.21423721737 0.0920272248058 0.0279656919041
0.348348114666 0.699163834877 -0.143548261166 -0.0288018377032
-0.366624208845 0.840349424912 0.995152119246 0.0300276478108
1.24093809731 -8.61713685382 0.0850149336506 -0.0320304125295
-0.197103117064 -1.87954695665 -0.00867513017332 0.035962395607
1.17995066505 0.353396035333 -0.0264019652043 -0.0474746648521
-0.179245714595 -0.246567447233 0.990496463206 0.998972844211
