16.0 5.0 -5.69345140833e-18 -5.69345140833e-18
-0.57842730533 1.12782919022 -0.0126987193734 -0.0126987193734
-0.489808833517 0.8471043173 0.0170394541689 0.0170394541689
0.518861869939 1.20231542167 -0.0192511077136 -0.0192511077136
-1.42182537383 -0.11550600236 0.0206049999974 0.0206049999974
0.278452046284 0.978955410497 -0.021528612988 -0.021528612988
-0.27930297736 1.01631365147 0.0222061391504 0.0222061391504
-0.512717774697 0.190608908244 -0.0227300593561 -0.0227300593561
-0.70777412395 0.602267796112 0.0231519577695 0.0231519577695
0.670604880341 1.30084875318 -0.0235029277516 -0.0235029277516
-1.35584500765 0.712958213037 0.023802875328 0.023802875328
0.0770902513361 1.29323332016 -0.0240651832856 -0.0240651832856
-0.170259655901 0.689195284556 0.0242992296542 0.0242992296542
-0.401287425886 1.34069731186 -0.0245118320896 -0.0245118320896
-0.949180754042 0.607889082902 0.0247081193806 0.0247081193806
1.19270581673 1.50277631594 -0.0248920813543 -0.0248920813543
0.685522873957 -0.0709019380571 0.0250669307312 0.0250669307312
0.914045437211 0.814684973797 -0.0252353516641 -0.0252353516641
-0.696172921989 0.781115836318 0.0253996788933 0.0253996788933
1.02229289546 1.45488505902 -0.0255620347504 -0.0255620347504
0.681990969434 -0.29025623412 0.0257244420801 0.0257244420801
1.33428857969 -0.585559758049 -0.0258889263018 -0.0258889263018
0.725573980197 -0.227950025191 0.026057617748 0.026057617748
0.941575025102 -1.28904951838 -0.0262328654719 -0.0262328654719
-0.213434366088 -0.550158292712 0.0264173759163 0.0264173759163
1.47259193546 -0.0639653578357 -0.026614394861 -0.026614394861
-0.943175940636 -1.47041619328 0.0268279605161 0.0268279605161
1.08011062441 -0.351257699549 -0.0270632728502 -0.0270632728502
0.206786674036 -0.39192913217 0.0273272560562 0.0273272560562
0.474907492338 -0.907663960615 -0.0276294519257 -0.0276294519257
-0.689332995147 -1.25845931041 0.0279835040757 0.0279835040757
-0.601849101458 -0.437746735951 -0.0284097532263 -0.0284097532263
-1.50368125826 0.885049181153 0.0289400600007 0.0289400600007
-0.364054944985 0.0844871778226 -0.0296274663537 -0.0296274663537
-0.502020634426 0.96286135269 0.0305675057107 0.0305675057107
-0.575762396935 -0.0131525535993 -0.0319516796148 -0.0319516796148
-0.365225315902 1.08933225605 0.0342288041485 0.0342288041485
-0.698978561084 0.969472563479 -0.0387566747277 -0.0387566747277
-1.34616767226 -0.100561125339 0.0524666014946 0.0524666014946
0.42221732275 0.105549896039 0.99897290848 0.99897290848
