8.42374478606 6.93097659603 0.267079151744 0.267079151744
-0.419490974034 0.902078001656 -0.101301933709 -0.101301933709
0.573135810921 1.14768878859 0.0595721531703 0.0595721531703
0.249102504005 0.815115308094 -0.0403942127617 -0.0403942127617
0.201187845081 1.2442077246 0.0292678884858 0.0292678884858
-0.632632397726 0.364753924981 -0.0219276669492 -0.0219276669492
-0.997634667969 0.665613541633 0.0166666666667 0.0166666666667
-0.689596145458 0.308132895323 -0.0126679130261 -0.0126679130261
-0.291878483693 0.723595810373 0.00949087181034 0.00949087181034
-0.74088513006 0.222343583373 -0.00687667264161 -0.00687667264161
-0.11321906313 0.957435093003 0.00466287960054 0.00466287960054
-0.0186544354329 0.850794516832 -0.00274207774332 -0.00274207774332
0.656254330486 0.591805062998 0.00104005788533 0.00104005788533
0.424287646966 0.290604386401 0.000496442849726 0.000496442849726
1.03079492283 0.276127231111 -0.00190701080049 -0.00190701080049
0.183067349238 0.495515384671 0.00322207200394 0.00322207200394
1.39472927955 -0.063632680701 -0.00446581987385 -0.00446581987385
0.657419590927 0.0093465350918 0.00565819464627 0.00565819464627
1.35809447883 -0.0871287350905 -0.00681628437024 -0.00681628437024
0.276539908165 -1.15626047649 0.00795537211166 0.00795537211166
0.0876336084287 -0.845101952707 -0.00908977447025 -0.00908977447025
-0.0961056126427 -1.16720397832 0.0102335734564 0.0102335734564
-0.0258328027791 -0.810541433659 -0.0114013230358 -0.0114013230358
-1.1586935974 -1.234358376 0.0126088068597 0.0126088068597
-0.297465835036 -0.597305492836 -0.0138739334323 -0.0138739334323
-0.240452004409 -0.577348007453 0.0152178821383 0.0152178821383
1.44205514682 -0.343551376926 -0.0166666666667 -0.0166666666667
0.69296653884 -1.0407321322 0.0182533794948 0.0182533794948
1.11597806938 -0.304295822162 -0.0200215590721 -0.0200215590721
0.0531862355566 -0.674957523647 0.0220304570344 0.0220304570344
1.57997774135 -0.31859002207 -0.0243636441934 -0.0243636441934
0.0784804900154 -0.702137483738 0.0271437713289 0.0271437713289
0.331874487087 -0.910300899531 -0.0305593696177 -0.0305593696177
-0.754282105864 -1.15699086731 0.0349170062543 0.0349170062543
-0.849382770917 -0.0464522375084 -0.0407520817339 -0.0407520817339
-1.19888058728 -0.0694879708776 0.0490930049501 0.0490930049501
-0.788724754008 0.0633849872749 -0.0622008467928 -0.0622008467928
-1.20638704997 0.287373945226 0.0862109156586 0.0862109156586
-0.831322129289 0.72606581758 -0.145661355304 -0.145661355304
-0.792323556758 0.233418334379 0.55953626471 0.55953626471
