7.21904410698 6.92931320385 0.158934566906 0.18402748378
0.943201107821 -0.188696445426 -0.0476807546615 -0.0718658719778
1.08807787418 -0.77213257165 0.0165847420766 0.0400379628756
0.897683074119 0.35215012834 -0.00201379863912 -0.0248575745586
1.11021329817 -0.263996554992 -0.0064388652074 0.0158836368426
0.884583530593 0.223424063423 0.0119715966626 -0.00989472163643
1.12030662437 -0.204280181536 -0.0158908610551 0.00556816886198
0.870973648159 0.204909802673 0.0188284201087 -0.00226042978669
1.15924565148 -0.246351488861 -0.0211264326072 -0.0003795313902
0.534964861901 0.607541632216 0.0229860455619 0.00255977509992
-0.744454154932 0.975140353295 -0.0245331235081 -0.00441173932052
-0.278808245673 1.13213678404 0.0258504029009 0.0060228229432
-1.038865238 0.560995928374 -0.0269944896764 -0.00745369309225
-0.491529049202 0.461268578924 0.0280054144655 0.00874807774278
0.0942979406249 1.10705987741 -0.0289122770097 -0.00993860635755
-0.765009348149 0.145657745388 0.0297367153719 0.0110504570345
1.30789558818 0.825850699219 -0.030495102795 -0.0121037324152
0.783933797931 -0.314315420347 0.0311999625363 0.0131150742864
1.16293219141 0.224022436 -0.0318608732663 -0.014098813056
0.910855432588 -0.0305638926918 0.0324850135888 0.015067833218
0.688308621228 1.41729177624 -0.0330774142427 -0.016034272771
-0.278982612661 0.593107354097 0.0336409219055 0.0170101405852
0.127203144459 1.47236873537 -0.0341758059091 -0.0180079198383
-1.29952453549 0.20091785349 0.0346788278616 0.019041223005
-0.738443895503 0.841631419404 -0.0351413854623 -0.0201255737216
-1.24468177055 0.704769770112 0.0355459004792 0.0212794160923
-0.764741667887 0.573456902724 -0.0358585976847 -0.0225255006388
-1.22977790131 0.349948483729 0.0360142146499 0.0238928848492
-0.772995405959 0.198059100571 -0.0358807395216 -0.0254199493029
-1.22661073874 0.411083990313 0.0351676083465 0.0271591392176
-0.771029789969 0.550235658609 -0.0331400093277 -0.0291847534313
-1.23579123331 -0.799194054325 0.0274317185615 0.0316063868883
-0.744004374723 1.86724606224 -0.00521523665767 -0.0345935193438
-0.367896250532 -2.50099808616 0.837549418726 0.0384238101889
0.59700773469 -6.9313846427 -0.106086383896 -0.0435869220644
0.895209420533 1.47874011039 0.0923971620787 0.0510360830892
1.16513791025 -0.801958395557 -0.0968905929975 -0.0629089956628
0.796993636781 0.526985090322 0.115391696187 0.085200901599
1.26805549336 -0.368629892217 -0.171490274401 -0.143630455072
0.131727405133 0.251893968044 0.767130120531 0.740865022728
