7.8531217398 6.98114227443 0.207921470355 0.207921470355
-0.630759890147 0.932580403701 -0.081220662091 -0.081220662091
-0.334845215219 1.10047297838 0.0462562962492 0.0462562962492
0.0705400499999 0.885195101814 -0.0297293417643 -0.0297293417643
1.14053865124 1.12100119849 0.0200042663921 0.0200042663921
0.831763547719 0.879367043858 -0.0135325178809 -0.0135325178809
1.20618074202 1.10955874252 0.00886630947432 0.00886630947432
0.604507805115 0.936179784365 -0.00530406383716 -0.00530406383716
-0.481379109345 0.600702784925 0.00246418344122 0.00246418344122
-0.616185867971 0.373498620025 -0.000120976971713 -0.000120976971713
-0.33731218623 0.596230830752 -0.00186789191914 -0.00186789191914
-0.719339603732 0.830131394386 0.00359693833325 0.00359693833325
0.483883743284 1.24165575513 -0.00513169147147 -0.00513169147147
0.331556036228 0.550575999746 0.00651933372428 0.00651933372428
1.12867679388 0.0767221692584 -0.00779503700436 -0.00779503700436
0.888235885472 -0.129855343746 0.00898591432305 0.00898591432305
1.10729476458 0.15276492692 -0.0101135908444 -0.0101135908444
0.902997946633 -0.167764411887 0.0111959488523 0.0111959488523
1.05404176934 0.166783947429 -0.0122483681938 -0.0122483681938
-0.0152860031371 -1.2389061921 0.0132846585128 0.0132846585128
-0.365222650464 -0.334947306001 -0.0143178108629 -0.0143178108629
-0.657439110721 -0.652612307162 0.01536065926 0.01536065926
-0.340491330183 -0.348343200068 -0.0164265252897 -0.0164265252897
-0.643009487774 -0.647226669293 0.0175299156778 0.0175299156778
-0.916849130983 -0.382776334655 -0.0186873528327 -0.0186873528327
-0.209895756682 -1.45322490412 0.0199184447783 0.0199184447783
0.513703456831 -0.202037215026 -0.0212473519615 -0.0212473519615
1.11489169137 -0.824094280833 0.0227049016372 0.0227049016372
0.742545050937 -0.934720521714 -0.0243317716598 -0.0243317716598
0.358688639684 -1.11823535678 0.0261834893497 0.0261834893497
0.56121007214 -0.856944303088 -0.0283386319951 -0.0283386319951
-0.247485147507 -1.16025948082 0.0309129573574 0.0309129573574
-0.116775956174 -0.822504507266 -0.0340852022365 -0.0340852022365
-1.39890350429 -1.20542521697 0.0381476349365 0.0381476349365
-0.659085318914 -0.685306308816 -0.0436144035451 -0.0436144035451
-1.32699587186 -0.105167914731 0.0514829855417 0.0514829855417
-0.664250713803 0.126810081617 -0.0639789813865 -0.0639789813865
-1.38076980806 -0.0684027015356 0.0872911553302 0.0872911553302
-0.335652783544 1.32256763227 -0.14748433512 -0.14748433512
-0.194557147073 0.147265636802 0.695666026473 0.695666026473
