5.68689973192 14.1130257989 0.140824890135 0.18402748378
0.69965067294 0.470492634527 -0.036203035156 -0.0718658719778
-0.0629652296285 1.46326233794 0.0100538968551 0.0400379628756
-0.0464189405028 0.608424061759 0.000646295734751 -0.0248575745586
0.210065652749 1.23601875771 -0.00595455140814 0.0158836368426
1.00310577227 -0.453723284688 0.00885381619968 -0.00989472163643
1.06069151755 0.399619738277 -0.0105103860224 0.00556816886198
0.892986444006 -0.380176270101 0.0114605625902 -0.00226042978669
1.17543318403 0.401036197715 -0.0119789001505 -0.0003795313902
0.453331082395 -0.734583281752 0.012216956649 0.00255977509992
-0.0506708091757 -0.893890217321 -0.0122629980329 -0.00441173932052
0.873234403575 -0.257071963715 0.0121703032682 0.0060228229432
1.08671622416 0.192660733617 -0.0119716007951 -0.00745369309225
0.921311363275 -0.149467857405 0.0116868465501 0.00874807774278
1.06221290253 -0.519272502967 -0.0113275745068 -0.00993860635755
0.988403847878 -0.474963699192 0.0108993665247 0.0110504570345
0.696017859149 -0.849736594729 -0.010403217458 -0.0121037324152
-0.198746093136 -1.18989679794 0.00983619180459 0.0131150742864
0.0382296317543 -0.714084142576 -0.00919156444547 -0.014098813056
-0.862323177683 -0.423265790749 0.00845851333203 0.015067833218
-0.202251434177 -0.5524345557 -0.00762133669327 -0.016034272771
-0.738135735063 -0.444849022633 0.00665806876821 0.0170101405852
-0.41911458315 -0.571543266209 -0.00553823352014 -0.0180079198383
-1.47664387812 -0.400358186096 0.00421925633343 0.019041223005
-0.55086841994 -0.643745046327 -0.00264065715064 -0.0201255737216
-1.42703627122 -0.277578531273 0.000714379906783 0.0212794160923
0.463895151757 -0.960877837342 0.00169197386756 -0.0225255006388
-0.54708321668 -0.928685962221 -0.00478574816972 0.0238928848492
1.12890059282 -1.15697756926 0.00890882283918 -0.0254199493029
0.604343153297 -0.707395667991 -0.0146636093314 0.0271591392176
1.48252961002 -0.265018472006 0.0232098909231 -0.0291847534313
0.434501112106 0.398605049213 -0.0370767233881 0.0316063868883
1.67931985601 -0.594544829476 0.0629362177285 -0.0345935193438
0.129547837706 0.946911161571 -0.125474334738 0.0384238101889
2.19708495921 -1.82711946715 0.445022909265 -0.0435869220644
-6.36455418388 8.63823208234 0.560442637783 0.0510360830892
-3.07978937592 3.83145627369 -0.230199580602 -0.0629089956628
-0.265344300152 -1.67676928991 0.184731297993 0.085200901599
-1.41357271999 1.11482454881 -0.213930850304 -0.143630455072
-0.204070665274 -0.864578485041 0.794719257802 0.740865022728
