10.0 9.0 5.35969736026e-17 5.35969736026e-17
3.32493841461 3.76495581742 -0.141135780989 -0.141135780989
-2.1546919409 -0.806633944342 0.129841883884 0.129841883884
0.76015558558 1.63632843827 -0.0534304078756 -0.0534304078756
0.338499567096 1.28134894483 -0.0259875743926 -0.0259875743926
-0.817526924083 0.328755478153 0.0663251854744 0.0663251854744
0.670803829206 1.53993295471 -0.0561007594754 -0.0561007594754
-0.157727554509 0.877622923053 0.0131614568064 0.0131614568064
-0.391903769756 0.722102501229 0.0301699355757 0.0301699355757
0.946569100662 1.45903234641 -0.0472297991906 -0.0472297991906
0.868206544556 0.595174661066 0.0312837744598 0.0312837744598
0.984747039949 0.00197433398259 0.00327474825967 0.00327474825967
1.12408437779 0.0113591344985 -0.0321460307856 -0.0321460307856
0.932691755359 0.0462340554288 0.0370852084768 0.0370852084768
0.939565142065 -0.110221258726 -0.0167455062139 -0.0167455062139
0.100544683182 -0.941528876731 -0.0137481176416 -0.0137481176416
0.388846455274 -0.500556460521 0.033502217209 0.033502217209
1.08730887054 -0.0242160446211 -0.0296411902139 -0.0296411902139
-0.0715264109902 -1.04627073754 0.00540070788472 0.00540070788472
0.449903491834 -0.395212123215 0.0224047016561 0.0224047016561
1.61382465959 0.0311792487961 -0.0346860899662 -0.0346860899662
0.672472119451 -1.32397119393 0.0227915511371 0.0227915511371
0.940708366824 -0.158728308476 0.00559002709689 0.00559002709689
0.795927914919 1.24560407687 -0.0312305600455 -0.0312305600455
-0.709100811138 0.597627316527 0.0359566970367 0.0359566970367
0.280327487787 1.17074453097 -0.0150452122249 -0.0150452122249
0.370828215117 1.20698267749 -0.0187102602867 -0.0187102602867
-1.24807806028 0.546758612185 0.0423813444708 0.0423813444708
-0.421134134187 1.38864245203 -0.0376620004492 -0.0376620004492
-0.0192541189212 0.960736408622 0.00394540578568 0.00394540578568
-0.282237250255 0.626768752953 0.0389187602131 0.0389187602131
0.486987158871 1.56292649048 -0.0610131988939 -0.0610131988939
-0.333550634299 0.639022960145 0.040792314088 0.040792314088
-0.152747789794 0.840937195861 0.0188410959769 0.0188410959769
0.679418690843 1.69077029528 -0.0865488573501 -0.0865488573501
-0.84064546017 0.156940645987 0.11355473607 0.11355473607
0.348843786371 1.34882828163 -0.0521374444278 -0.0521374444278
0.780195870983 1.79406970479 -0.141928876754 -0.141928876754
-2.19534675216 -1.50560533363 0.698923378313 0.698923378313
3.35734834507 2.84303131793 0.880292882129 0.880292882129
