13.6666666667 6.66666666667 -8.45884209238e-17 0.0238095238095
-0.405052454087 0.986777885435 0.0215803334632 0.000583000741789
-0.594641528003 1.08265067137 -0.0269844988904 -0.00851511321389
-0.387407902598 0.761749723481 0.0286390092354 0.0124814417139
-0.651264550821 0.190559606049 -0.0288949401628 -0.0148849997004
-0.277986940295 0.862847259165 0.0284996958995 0.016514152402
-0.861678412487 0.0249274253656 -0.0277547599725 -0.0177038481231
0.289358396082 1.36503255497 0.0267983556549 0.0186207139904
-0.571364911062 0.409815495748 -0.0256976752046 -0.0193570800385
-0.56863658809 0.338385665058 0.0244848112928 0.0199683222892
-0.384693620286 1.19523258904 -0.0231724410706 -0.0204897520254
-0.334946988639 0.920657680966 0.0217611064241 0.020945030949
1.60872403928 0.598941488189 -0.0202425483098 -0.0213506929179
0.54117989302 -0.333455258631 0.0186009169263 0.0217187267508
1.3910210071 0.297899870099 -0.0168125979246 -0.0220581292269
0.651774476409 -0.299406659091 0.0148448658037 0.0223758819255
1.31112749066 0.32014835769 -0.0126532266643 -0.0226775920543
0.744766528471 -0.373102390514 0.0101769589399 0.0229679311678
0.384815579246 1.24943995733 -0.00733184269952 -0.0232509501987
0.591668443209 -0.238852811999 0.0039981371602 0.0235303192108
1.33333333333 0.333333333333 -4.22942104619e-17 -0.0238095238095
-0.342589596393 0.64934996161 -0.00493151690087 0.0240920413768
0.324186263857 1.40427297944 0.0112293634032 -0.0243815164194
-0.31123054239 0.535926339847 -0.0196378531264 0.0246819541514
0.300272541388 1.53892093654 0.0315535974133 -0.0249979549275
-0.289692893291 0.359309259239 -0.0499394731355 0.0253350203546
0.278169324901 1.79188609385 0.0823717108676 -0.0256999774643
-0.263929161997 -0.0430485143102 -0.155722651465 0.0261015956663
0.24356450453 2.46272103256 0.485018374467 -0.0265515234665
-0.208294441549 -5.34760907438 0.721723853357 0.0270657716102
0.124701194431 -5.98133396325 -0.23898253706 -0.0276671686087
0.354550370257 0.491067367581 0.153906033522 0.0283896371375
0.858723906011 -1.80396457498 -0.118693075693 -0.0292861021864
-0.541414512552 -0.500916144625 0.0997665972533 0.0304442366887
0.492329849216 -1.31038312351 -0.0884231038893 -0.0320209154583
-0.526001229836 -0.861497963159 0.0816258326786 0.0343277335849
1.26242586735 -0.310453080243 -0.0785485366729 -0.0380848797746
-0.146362091426 -0.63648174196 0.0805042255086 0.0454189056865
0.260633263637 -1.21537483806 -0.0972686525856 -0.0665749720287
-0.299185525635 0.0364075571422 0.999370056919 0.972371702816
