12.0 8.0 2.77555756156e-17 0.0
1.81786028196 2.72839847017 -0.0968907940224 -0.102859012948
-2.7018532022 -0.406531196752 0.106759799812 0.113895064445
1.67215640956 1.91135919864 -0.0809994993376 -0.0857067666516
-0.769569606592 0.605371675083 0.040547782421 0.0419933981273
-3.33066907388e-16 1.0 -2.77555756156e-17 -1.38777878078e-17
1.25129484007 1.1792593606 -0.0301397170255 -0.0286941013192
0.582680041208 0.885583345657 0.0439692142314 0.0392619469173
1.34059642683 0.744426304166 -0.0405808826253 -0.0334456179925
0.853662463984 -0.0446119040663 0.0236289882258 0.0176607693
1.0 1.0 -2.77555756156e-17 -1.38777878078e-17
0.285256906917 1.13084373262 -0.0221610952935 -0.012801984516
-0.185553190163 0.908095431181 0.0356322516394 0.0174194959284
-0.195964989803 0.987810703851 -0.0360087039103 -0.0144154849845
-1.07290865213 1.08002096671 0.0228772107613 0.00718920978687
2.22044604925e-16 1.0 5.55111512313e-17 0.0
-0.601745448902 0.0151399710999 -0.0255366323456 -0.00403012898267
-1.01210195738 0.633433469507 0.0450176265701 0.00411084549591
0.756429380729 1.0191728692 -0.0502521849491 -0.00175271055308
-0.531416295871 1.07370695542 0.0356890903532 -0.00036070686957
-1.0 1.0 -1.38777878078e-17 -3.46944695195e-18
0.0922238189323 0.842861386138 -0.0532516208234 0.00328016025086
-0.799589941322 0.925308843398 0.116039394958 -0.00775546406325
-0.843196058258 -0.679241299397 -0.177341777085 0.0103061766742
-1.20155851993 1.94016402649 0.225356787912 -0.00803445448003
2.22044604925e-16 -4.4408920985e-16 1.0 -5.20417042793e-18
5.30319070714 -8.57411223145 0.245149549159 0.011758306767
4.13341970225 -4.72043226129 -0.210145795783 -0.0224978420236
-1.01514234445 0.286989118094 0.150205167226 0.0264103082049
0.807700958815 -1.25093087479 -0.0756359344655 -0.0191041533913
1.0 5.55111512313e-17 -4.16333634234e-17 -6.93889390391e-18
-0.366387736316 -0.708427487093 0.0624046209843 0.0263548237615
1.28806555153 -0.616355211241 -0.0992075478622 -0.0507080734663
0.137249010922 -0.0719394688848 0.102181797505 0.061275016431
0.270715780715 -1.15968861081 -0.0684371196223 -0.0469306162593
1.11022302463e-16 -1.0 -6.93889390391e-18 1.12757025938e-17
0.224055420363 -1.14371752541 0.0994059284072 0.0837179274327
2.07513039597 -0.504136055779 -0.236466066899 -0.214872847973
-2.58642720168 -1.80354379035 0.522180212135 0.503967456424
2.9917270471 1.7857220893 0.92600994975 0.935369060527
