21.0 8.0 -1.13869028167e-17 -5.69345140833e-18
-0.445451472887 0.230775513484 -0.0151466120022 -0.0126987193734
-1.53482012661 -0.246969822235 0.021681953054 0.0170394541689
-0.536350509306 0.239210308 -0.0258957415472 -0.0192511077136
0.320786816965 0.611747624189 0.029105442231 0.0206049999974
0.769793233972 1.37704428788 -0.0317747476832 -0.021528612988
-0.700767598701 0.604609282666 0.0341172770248 0.0222061391504
0.672888501981 1.42651600198 -0.0362503429164 -0.0227300593561
-0.625437240647 0.523347217364 0.0382473664929 0.0231519577695
-0.0447378246528 1.58315827739 -0.0401595285282 -0.0235029277516
-1.92897411024 -0.349353439775 0.0420261221864 0.023802875328
0.602268537899 1.19206080308 -0.0438801903865 -0.0240651832856
-1.34493784974 0.0122925302659 0.0457520470166 0.0242992296542
-0.451108358839 0.21938528056 -0.0476718645719 -0.0245118320896
-1.60700730001 -0.293892850704 0.0496719677582 0.0247081193806
-0.358836239691 0.335682461084 -0.0517892799695 -0.0248920813543
-1.67227139475 -0.362766218266 0.0540683579999 0.0250669307312
-0.286599538358 0.375466839579 -0.0565655850918 -0.0252353516641
-1.79619077458 -0.350559761981 0.0593554218912 0.0253996788933
0.21334989146 0.00638433909776 -0.0625402952258 -0.0255620347504
-0.611453469602 -1.72709505482 0.0662671144285 0.0257244420801
1.00926013864 -0.257193370927 -0.0707564755717 -0.0258889263018
0.574531367586 -1.84832933872 0.0763578090698 0.026057617748
1.50644845526 0.244756436953 -0.0836622528397 -0.0262328654719
0.455546593062 -1.06646588399 0.0937589048114 0.0264173759163
1.57014814343 -0.0340612809146 -0.108904385052 -0.026614394861
0.405685974159 -0.9099638164 0.134670101512 0.0268279605161
1.63147388775 -0.100081024708 -0.18958807788 -0.0270632728502
0.220730940278 -0.916961320064 0.395405289801 0.0273272560562
0.247788449146 2.27796555629 0.852605215811 -0.0276294519257
-1.70924367474 6.4390753449 -0.152384393163 0.0279835040757
-0.219469344532 0.0460861111874 0.0650000034261 -0.0284097532263
-0.459740919969 1.40690068971 -0.0301805725495 0.0289400600007
0.446751789396 0.817404075538 0.0109697899409 -0.0296274663537
-1.71711227635 1.05639618278 0.00168605201658 0.0305675057107
-0.25856997752 1.02687833092 -0.0112336081301 -0.0319516796148
-0.614948438177 0.91208864045 0.0195897017138 0.0342288041485
-0.451169208104 1.13724206147 -0.0288719936927 -0.0387566747277
-0.500530364098 0.813592302316 0.0464450623458 0.0524666014946
0.53596759881 0.16301129974 1.00175699755 0.99897290848
