16.0 6.0 2.16201325848e-16 2.16201325848e-16
10.7270125911 4.56102380803 -0.217285719563 -0.217285719563
0.83792121163 1.28914147572 -0.0259835809839 -0.0259835809839
-3.41855909098 -0.227251876293 0.131120357848 0.131120357848
-0.782589947062 0.701588254879 0.0352538503838 0.0352538503838
1.64190284738 1.72714657491 -0.0918272163877 -0.0918272163877
-0.086259983056 1.30335319383 -0.0401952990971 -0.0401952990971
-2.26882658329 0.502127104372 0.0684382411206 0.0684382411206
-1.1133346917 0.69344915891 0.0433929463529 0.0433929463529
1.21992295694 1.36038263856 -0.0522643316833 -0.0522643316833
1.00814160609 1.30888647499 -0.045728580249 -0.045728580249
-0.843357115598 0.73535366083 0.0398882640476 0.0398882640476
-0.972453280553 0.689252470733 0.0475896345297 0.0475896345297
0.588339857273 1.19092849728 -0.0296651319808 -0.0296651319808
0.948672082025 1.31233587911 -0.0491779843751 -0.0491779843751
-0.388138821262 0.870323206191 0.0206732247631 0.0206732247631
-0.924105304211 0.686227095505 0.0506150097582 0.0506150097582
0.218095236039 1.07549561842 -0.0123169976045 -0.0123169976045
0.887811321174 1.31514326818 -0.051985373439 -0.051985373439
-0.0675319994829 0.975143990816 0.00414503370385 0.00414503370385
-0.809893220878 0.683482774594 0.053359330669 0.053359330669
-0.0564029717607 0.975033668565 0.00425535595474 0.00425535595474
0.45973562026 1.31796578076 -0.0548078860276 -0.0548078860276
-0.741660198621 1.07652369381 -0.0133450729976 -0.0133450729976
-1.80228326264 0.680423801965 0.0564183032986 0.0564183032986
-0.576401692247 0.867253135489 0.0237432954652 0.0237432954652
1.27882759791 1.32147568117 -0.0583177864349 -0.0583177864349
0.757438946565 1.197686584 -0.0364232186977 -0.0364232186977
-1.22740286787 0.676121043898 0.060721061365 0.060721061365
-1.06851449838 0.722094073755 0.0531478511229 0.0531478511229
1.33925269005 1.32720475634 -0.0640468616055 -0.0640468616055
2.08755664059 1.38576460887 -0.0776463020008 -0.0776463020008
-0.0945767720994 0.667573283342 0.0692688219208 0.0692688219208
-1.2938813601 0.450906891159 0.119658454333 0.119658454333
0.947039368301 1.34250283311 -0.0793449383704 -0.0793449383704
2.75786387555 1.8510493943 -0.215730035776 -0.215730035776
0.147691978591 0.627145274067 0.109696831196 0.109696831196
-2.97902033464 -0.825001748262 0.728870229817 0.728870229817
0.799911117189 0.267253814681 0.995904080056 0.995904080056
10.5462669781 3.738542791 0.605195297462 0.605195297462
