11.0 10.0 5.22457893941e-17 0.0
2.10620607723 2.54927805374 -0.0746629235747 -0.0773510129099
-2.73986254524 -0.363486134715 0.0905180322291 0.0933900615642
1.12608016409 2.08025082702 -0.0841529543275 -0.0853615328236
-1.39738865786 0.252415368287 0.0660035216564 0.0649691986795
-0.303587681398 1.41763207356 -0.041868144747 -0.0394553283386
-0.157767611527 0.861274452904 0.0161662719893 0.0143802258003
-0.110465075931 0.947811875318 0.00743777233527 0.00615161852257
1.18065911427 1.13224443794 -0.0260148419044 -0.0196823665576
0.0250838110616 0.921087496445 0.0374973712372 0.0254895289727
0.572418302081 0.681521759376 -0.040805464279 -0.0244232188356
1.02153147823 -0.248191009854 0.0359132923029 0.018490381429
1.03865984437 0.0908228815724 -0.0238311144203 -0.010267146141
0.982939425406 -0.0104389560843 0.0064980312427 0.00226456617359
0.953970675494 0.00669131394299 0.0134046148431 0.00361792790843
1.1618578391 -0.107652640465 -0.0326963849327 -0.00644016670282
0.327691271503 0.649467216273 0.0479616448031 0.00630683663085
-0.0829546229981 1.05198821738 -0.0557811478224 -0.00418916393371
0.0205602076846 1.05301565035 0.0528436666357 0.00154118202894
0.000599043109866 0.927998042608 -0.0357530221627 0.000185079310501
1.82860262879e-16 1.0 1.30614473485e-17 1.63268091857e-18
-0.0201920496381 1.17002369781 0.0640222575581 -0.00230499342272
0.0673527863638 0.567729168725 -0.191074629498 0.00606257038076
-0.166811650931 1.60069736541 0.688357929355 -0.0098859819914
0.469546098725 -2.984957027 0.768525429901 0.0120433499686
0.897695667824 -5.62794762281 -0.190224279463 -0.0109624218013
-0.0419333471786 -0.470213171005 0.0519946170562 0.0057443539056
0.935132544596 0.102402043662 0.0199006666024 0.00344126131754
0.450243171018 -0.995591728324 -0.0623806511974 -0.015184560309
-0.506985083357 -0.980137791396 0.0841352466136 0.0269427625693
0.528194232008 -0.959564303987 -0.0882234750518 -0.0354192421948
-0.476815146699 -1.10322006622 0.0765583507723 0.0371413823859
0.335794597228 -0.884017910752 -0.0511431388867 -0.0291091680116
-0.0993684871093 -1.04502577478 0.0143485444411 0.00934807165666
-0.227055759973 -1.12176971571 0.0312727180422 0.0228321592718
0.630155442692 -0.627032247501 -0.0836339531839 -0.0671606763483
-1.10543379369 -1.67432968062 0.142847342489 0.124063273345
1.81053605433 -0.0310755308857 -0.217801006556 -0.201444152009
-0.687413291155 -2.13537022432 0.378406043828 0.367369856683
1.65759754451 1.7174343 0.958374942544 0.963336072061
