18.0 7.0 -6.16790569236e-18 -6.16790569236e-18
12.3440275594 5.39542939261 -0.21217263557 -0.21217263557
1.87373600682 1.70021053412 -0.049858362025 -0.049858362025
-3.43655443926 -0.350946129794 0.113843039677 0.113843039677
-1.57365305221 0.335579708546 0.0614146266626 0.0614146266626
1.29421617646 1.63069866683 -0.0616630731061 -0.0616630731061
0.574687989025 1.58890629593 -0.059644545166 -0.059644545166
-1.59732997021 0.724543672724 0.0285079396287 0.0285079396287
-1.5247598077 0.512637412875 0.0510235889996 0.0510235889996
0.163688073267 1.06821788748 -0.00716414564048 -0.00716414564048
0.461450491325 1.37223375212 -0.0389004187894 -0.0389004187894
-0.859361338577 1.0496551596 -0.00511927455713 -0.00511927455713
-1.39206251544 0.743902261649 0.0257700698092 0.0257700698092
-0.374926026426 0.897329665002 0.00993508964873 0.00993508964873
0.318696730783 1.15114610018 -0.0137411842779 -0.0137411842779
-0.426882561981 1.10634006179 -0.00870898885043 -0.00870898885043
-1.23975090102 0.931749674237 0.00458932388794 0.00458932388794
-0.764466288012 0.925668514581 0.00302757186614 0.00302757186614
0.14612882431 1.01601483281 0.000299661761152 0.000299661761152
-0.00199851013767 1.02062738773 0.00528353167954 0.00528353167954
-1.0 1.0 -1.54197642309e-17 -1.54197642309e-17
-1.52300519609 1.04010167345 -0.0141907540412 -0.0141907540412
-1.14603527852 1.02222577702 -0.00591128245217 -0.00591128245217
-0.50394152444 0.907172716286 0.0215233701604 0.0215233701604
-0.0840703057608 0.918976166879 0.0173628312464 0.0173628312464
-0.015898111652 1.12265755635 -0.0250264834172 -0.0250264834172
-0.486615702398 1.1712736955 -0.0338687795952 -0.0338687795952
-1.20748635847 0.884950484373 0.0223142702771 0.0223142702771
-1.0927943412 0.714958561861 0.0547137695973 0.0547137695973
0.152924729582 1.05507867287 -0.0105427878265 -0.0105427878265
0.787575010548 1.41267488926 -0.0793415559301 -0.0793415559301
-0.738400263139 1.07580779861 -0.0147540567717 -0.0147540567717
-2.71438609577 0.455330178046 0.108330823829 0.108330823829
-1.93842834916 0.689022610863 0.0640290014897 0.0640290014897
1.03907954247 1.67627149268 -0.147009741914 -0.147009741914
1.63407394848 1.74623295878 -0.17719736505 -0.17719736505
-1.82296742535 0.164643813685 0.232350521524 0.232350521524
-3.78257701178 -1.04642686227 0.809323772152 0.809323772152
1.98685194119 0.666820408154 0.983531763944 0.983531763944
12.6934365733 4.61339366768 0.569863089361 0.569863089361
