16.0 6.0 -6.16790569236e-18 -6.16790569236e-18
11.1578615285 4.69821993311 -0.21217263557 -0.21217263557
1.72465159464 1.59181850544 -0.049858362025 -0.049858362025
-3.23096773876 -0.144762281442 0.113843039677 0.113843039677
-1.5200558661 0.436080652678 0.0614146266626 0.0614146266626
1.30037782627 1.53585940121 -0.0616630731061 -0.0616630731061
0.65215327157 1.50069600414 -0.059644545166 -0.059644545166
-1.68185353011 0.765701737332 0.0285079396287 0.0285079396287
-1.80847309859 0.58536057923 0.0510235889996 0.0510235889996
0.237321005672 1.05804226384 -0.00716414564048 -0.00716414564048
1.31844726709 1.31667819657 -0.0389004187894 -0.0389004187894
0.191806557823 1.04223251209 -0.00511927455713 -0.00511927455713
-1.24113857667 0.782290206406 0.0257700698092 0.0257700698092
-1.25758467455 0.912785539227 0.00993508964873 0.00993508964873
-0.424341652686 1.12824528086 -0.0137411842779 -0.0137411842779
0.00798385469044 1.0900682163 -0.00870898885043 -0.00870898885043
-0.0454599966199 0.942359841216 0.00458932388794 0.00458932388794
-0.0553447610741 0.937552500173 0.00302757186614 0.00302757186614
0.00609419245013 1.01329575038 0.000299661761152 0.000299661761152
-0.0344050733217 1.01630890116 0.00528353167954 0.00528353167954
0.0 1.0 -1.54197642309e-17 -1.54197642309e-17
0.160474211203 1.03578318688 -0.0141907540412 -0.0141907540412
0.0720175813682 1.01950669459 -0.00591128245217 -0.00591128245217
-0.274617682269 0.919056701879 0.0215233701604 0.0215233701604
-0.228490908519 0.929586333858 0.0173628312464 0.0173628312464
0.336516707908 1.10638571087 -0.0250264834172 -0.0250264834172
0.462455326844 1.14837287618 -0.0338687795952 -0.0338687795952
-0.308101286154 0.900406358598 0.0223142702771 0.0223142702771
-0.761957428328 0.753346506618 0.0547137695973 0.0547137695973
0.147992752638 1.04765602536 -0.0105427878265 -0.0105427878265
1.12599717736 1.35711933371 -0.0793415559301 -0.0793415559301
0.214389678603 1.06563217497 -0.0147540567717 -0.0147540567717
-1.69535377405 0.5280533444 0.108330823829 0.108330823829
-1.63606140092 0.730180675471 0.0640290014897 0.0640290014897
0.580587954412 1.58806120088 -0.147009741914 -0.147009741914
1.24401050002 1.65139369316 -0.17719736505 -0.17719736505
-1.4768481289 0.265144757817 0.232350521524 0.232350521524
-3.16933097338 -0.840243013916 0.809323772152 0.809323772152
1.70415950918 0.558428379471 0.983531763944 0.983531763944
11.0939769417 3.91618420818 0.569863089361 0.569863089361
