10.1788024629 7.24084020331 0.181261372545 0.196427185606
-0.282667085879 -1.4976632912 -0.0606094565434 -0.0767873924899
0.788368535822 -0.0468747669426 0.0260984380553 0.0433110255989
0.194766415436 -0.950143460338 -0.00913314670972 -0.027417012882
1.01938354126 0.168385489302 -0.00136468894929 0.0180431501637
0.966272571325 -0.243222989644 0.00880720472488 -0.0117963803944
0.430953910572 0.869120187034 -0.0146065830582 0.00728804171908
0.578541662012 0.125685587784 0.0194671201231 -0.00384386360595
0.0479836003353 1.20077341433 -0.0237957153217 0.0010965859977
0.498115585954 0.813336320382 0.027863945542 0.00117123106561
0.43891732547 1.18242395467 -0.0318857083252 -0.00309683339551
-0.373809592532 0.820537263347 0.0360651921762 0.00477141765457
0.81590538611 1.1766432491 -0.0406402588969 -0.00625824903496
0.204098093069 0.82618747785 0.0459422489586 0.00760290352102
-0.280300991213 1.17110016371 -0.0525084712589 -0.00883937221386
-0.707308177027 0.831061154124 0.0613432417292 0.00999387063136
0.250893251826 1.1685620768 -0.0746552713492 -0.0110873186909
-0.0184927800747 0.825800176151 0.0985708671201 0.0121370249293
0.938813633709 1.20747363277 -0.159065227418 -0.0131578846346
-0.414216914449 0.26885461694 0.732075666088 0.0141632810944
-2.03944898315 -2.40501553788 0.181261372545 -0.0151658130615
-1.39676944383 0.354582298598 -0.0606094565434 0.0161779359465
-0.629636039753 0.633095091555 0.0260984380553 -0.0172125875436
-1.36209964743 -0.272817269964 -0.00913314670972 0.0182838661723
-0.636013399321 0.199190385768 -0.00136468894929 -0.019407839113
-1.3759481176 -0.157944384021 0.00880720472488 0.0206035851193
-0.595729569045 0.117917206488 -0.0146065830582 -0.0218946247773
-1.47584035797 -0.0507369325966 0.0194671201231 0.023310983729
-0.152442276642 -0.277526764888 -0.0237957153217 -0.0248923013194
-0.901262080078 -1.2275782222 0.027863945542 0.0266927144764
0.887279914609 -0.881890312774 -0.0318857083252 -0.0287888749297
0.895515832975 -0.843071195912 0.0360651921762 0.0312937745217
1.16588659488 0.254971094839 -0.0406402588969 -0.0343820098619
0.802948947514 -0.159067138397 0.0459422489586 0.0383393454376
1.21812070824 0.0541344381625 -0.0525084712589 -0.0436690990451
0.763915636323 0.409052078535 0.0613432417292 0.0513493710978
1.25557100409 0.506036410872 -0.0746552713492 -0.0635679526583
0.716267735659 -0.0985761014365 0.0985708671201 0.0864338421908
1.34641465209 0.986374763792 -0.159065227418 -0.145907342784
0.0844022999676 -0.453856521854 0.732075666088 0.717912384993
