12.0 9.0 5.07530525543e-17 -9.51619735393e-18
1.72269814586 2.17479077676 -0.0540295677162 -0.065274066465
-2.36973994774 -0.138327646856 0.0622291513487 0.0826840358104
0.859915991992 2.04882865804 -0.0560966954617 -0.0825748769302
-1.25872319916 0.0843595882515 0.0441247771923 0.0726962057638
-0.374463468882 1.75821252803 -0.0304160060583 -0.0568941875269
0.0688406559564 0.356011768975 0.0175184855339 0.0379733699956
1.16628432243 0.129432664129 -0.00707545840693 -0.0183199571557
1.0 1.52259157663e-15 3.80647894157e-17 1.23777592385e-17
0.896874479412 -0.133205854961 0.00345746129632 0.015292134507
1.15835079252 0.18799531948 -0.00364381597768 -0.026318230073
0.850421356526 0.245103426595 0.00140752658951 0.0323661409913
0.863464918492 1.5688644923 0.00203360375299 -0.0332826241756
-0.725476079079 0.522791385014 -0.00525477588786 0.0294589944742
-0.772634784101 1.35458909306 0.00680359684695 -0.0217678317245
0.0656657901101 0.807560050792 -0.00538009509199 0.011455450694
2.5749234959e-16 1.0 0.0 1.00731185443e-17
-0.858056741814 1.20677713266 0.00987485311084 -0.011051161029
-1.23637800816 0.591291326116 -0.0242521260909 0.0202489172187
-0.180225032508 1.58529376557 0.0425793106922 -0.0263982196614
-0.40745639074 0.284383529882 -0.0637721714194 0.028686913652
-0.981750328678 1.77732713372 0.0862989562322 -0.0267748595667
0.273076781417 0.26001915918 -0.108312501468 0.0208345562848
-1.36249782344 1.53497099573 0.127817565369 -0.011539283596
1.48532070844e-16 -1.01506105109e-16 1.0 2.61514459426e-18
5.8472300804 -9.68184394289 0.15169949003 0.0123426410647
2.46388341118 -3.88257035116 -0.153007307536 -0.0238602497832
0.239096200153 1.43409936604 0.145972000066 0.0328981842676
1.05646573491 -1.61537837459 -0.130398948499 -0.0379398634276
-0.220215307083 -0.0373213383727 0.106733893806 0.0377563634522
1.28697941609 -0.454983469872 -0.0760251806775 -0.031524137368
-0.22085082718 -0.875703620676 0.0398206999925 0.0188946858527
1.0 -7.1054273576e-16 -1.26882631386e-17 3.10503900083e-19
0.374686062351 -0.906945783869 -0.0414631871009 -0.0246276413149
0.120491603227 -0.39410615465 0.0828378670001 0.0542664384286
1.47386441716 -0.108191426562 -0.123195749892 -0.0884819795301
-1.1186502279 -1.78066907955 0.163715062427 0.128398834498
2.89222917218 -0.164711673336 -0.212574210387 -0.181615595985
-0.985113613142 -1.85005062914 0.323006650424 0.300332236328
1.67742673294 1.25416432901 0.962681131675 0.974515804886
