12.0 8.0 -8.22387425648e-18 -8.22387425648e-18
5.57768655649 3.28984660167 -0.163062453609 -0.163062453609
-1.46117145286 -1.74511033685 0.122204863904 0.122204863904
1.14903168735 0.103689154549 -0.00842893207645 -0.00842893207645
2.19414980454 0.81019622692 -0.0717968643016 -0.0717968643016
-0.13699871124 -0.746526195634 0.0702116321291 0.0702116321291
1.16849310613 0.105925487229 -0.0104514497929 -0.0104514497929
1.74512538856 0.441146460335 -0.0455751013551 -0.0455751013551
0.120605831007 -0.476159340835 0.0519738118648 0.0519738118648
1.21262413177 0.0989812488553 -0.0117901518191 -0.0117901518191
1.68047031182 0.227330257591 -0.0333868141792 -0.0333868141792
-0.207360087319 -0.038868872323 0.0433554894708 0.0433554894708
0.230145610932 1.19854225406 -0.0131283304518 -0.0131283304518
1.21583586548 1.35385700271 -0.0265044064867 -0.0265044064867
0.223089774775 0.502939188742 0.0390120073249 0.0390120073249
0.082107553824 1.18533841836 -0.0147324168314 -0.0147324168314
0.199434326413 1.28240052581 -0.0222027671105 -0.0222027671105
-0.414992399577 0.509473792007 0.0371870238939 0.0371870238939
0.22463934217 1.23945874284 -0.0168284157582 -0.0168284157582
0.324642471061 1.32351383317 -0.0193656435709 -0.0193656435709
-1.01774060523 0.0193256259435 0.0372891730855 0.0372891730855
-0.728039115895 0.228557775291 -0.0197252370728 -0.0197252370728
0.0638561632919 0.985870187427 -0.0174632395482 -0.0174632395482
-0.660287540131 0.862433287299 0.0393343028027 0.0393343028027
-0.981544891889 1.12223360841 -0.023955760235 -0.023955760235
-0.94124525092 1.095906076 -0.0162315243349 -0.0162315243349
-1.22163106133 0.720037480145 0.0439529861637 0.0439529861637
-0.819507968606 1.20337520934 -0.030594156102 -0.030594156102
-0.899392577935 1.10605256921 -0.0155649852515 -0.0155649852515
-1.36274766362 0.634371495529 0.052971603002 0.052971603002
-0.699972387256 1.29266565556 -0.042224510549 -0.042224510549
-0.887242656687 1.10725964956 -0.0155288275536 -0.0155288275536
-1.52649275042 0.508916618262 0.071902540729 0.071902540729
-0.511697421018 1.44871486447 -0.0670583714959 -0.0670583714959
-0.88138043049 1.10793659739 -0.0166739049491 -0.0166739049491
-1.84817363882 0.230119578903 0.12541328574 0.12541328574
-0.0689393267531 1.85547213095 -0.152473587121 -0.152473587121
-0.881612632317 1.11499211347 -0.0244230338902 -0.0244230338902
-2.67995212026 -1.34551496028 0.810555986917 0.810555986917
4.75951809829 3.07233702497 0.8352876599 0.8352876599
