16.3672718299 6.222960919 0.334188597361 0.287864320017
-1.48125013752 0.0444313124099 -0.144632351549 -0.106513465632
-0.24864879214 -0.30425711374 0.0954050299952 0.0630447443593
-0.962681937705 -0.485649955362 -0.0713964561877 -0.0433465839487
-0.766369029397 0.203043837959 0.0566630018824 0.0319976425647
-1.29088628991 -0.10189819635 -0.0464487989603 -0.0245421206079
-0.683407302907 -0.365544930843 0.0388026481872 0.0192138342967
-1.33116506235 -0.39539610237 -0.0327636307947 -0.0151724813718
-0.659788034764 0.808859110282 0.0277981947189 0.0119668397976
-1.34574096681 -0.0561270677506 -0.0235835501625 -0.00933258247583
-0.65227577561 0.0319129337929 0.0199112199195 0.00710425260064
-1.33564237364 0.425959975506 -0.0166392643058 -0.00517265481332
0.236266954807 1.25179510388 0.0136665951045 0.00346247756518
0.204407280589 0.304379241261 -0.0109182215975 -0.00191974834482
0.823783535705 0.648996937902 0.00833628515153 0.000504410109725
0.777862078576 -0.245654996228 -0.00587432302401 0.000814282028549
1.2245663354 0.59332790824 0.00349340186702 -0.00206073974949
0.845555031718 0.437481385139 -0.00115935313852 0.0032550520205
0.431633535995 0.930672100792 -0.00115935313852 -0.00441440515902
-0.918500657484 0.38157028633 0.00349340186702 0.0055541416165
-0.376687902687 0.36279550603 -0.00587432302401 -0.00668860505256
-0.969488933306 0.242570876662 0.00833628515153 0.0078318750418
-0.355402184631 0.683613143714 -0.0109182215975 -0.00899847325266
-1.41036374131 0.370802125028 0.0136665951045 0.0102041175393
0.115893564481 0.555740636621 -0.0166392643058 -0.0114666094925
-0.941533034677 0.67451340602 0.0199112199195 0.0128069673189
1.21158943297 0.685356619127 -0.0235835501625 -0.0142509676866
0.502499850409 -0.290745701964 0.0277981947189 0.0158313549213
1.52720401893 -0.281070936983 -0.0327636307947 -0.0175911494229
0.456974949605 -0.697811246206 0.0388026481872 0.0195888138904
1.56602099035 -0.330633426805 -0.0464487989603 -0.0219066783524
0.372368434672 -0.621466621178 0.0566630018824 0.0246653593177
0.970320394021 -0.615019387736 -0.0713964561877 -0.0280498722389
-0.0883631183902 -1.31222823486 0.0954050299952 0.0323602856359
0.0449047713665 -0.406454063772 -0.144632351549 -0.0381188859172
-1.65687867708 0.0110038545406 0.334188597361 0.0463242773448
2.23930455123 -0.415145020404 0.436813835041 -0.0591571787831
0.944928960466 -0.366671888584 -0.0566628595091 0.0824692419222
1.34673664437 0.358928614318 -0.0566628595091 -0.139132101431
0.264980806831 0.436059056584 0.436813835041 0.495971013824
