9.16401688161 5.54835834462 0.267079151744 0.267079151744
-0.858011293082 0.951526461119 -0.101301933709 -0.101301933709
0.670710412225 1.09722751086 0.0595721531703 0.0595721531703
-0.140715677661 0.864589698341 -0.0403942127617 -0.0403942127617
0.78911457736 0.535182516425 0.0292678884858 0.0292678884858
0.269155222337 0.380095460697 -0.0219276669492 -0.0219276669492
0.576430443991 0.797281856673 0.0166666666667 0.0166666666667
-0.435431401586 1.02860901651 -0.0126679130261 -0.0126679130261
-0.218850317741 0.378673402243 0.00949087181034 0.00949087181034
-0.822213625015 0.576862374395 -0.00687667264161 -0.00687667264161
-0.130711664873 0.417853620507 0.00466287960054 0.00466287960054
-1.24071135655 0.633182783301 -0.00274207774332 -0.00274207774332
-0.106149742558 0.816407588218 0.00104005788533 0.00104005788533
-0.889119570338 0.434910076506 0.000496442849726 0.000496442849726
0.676287242493 0.972281490303 -0.00190701080049 -0.00190701080049
0.175797306297 0.279568542297 0.00322207200394 0.00322207200394
1.00298696058 0.507960348192 -0.00446581987385 -0.00446581987385
0.8296694835 -0.331137590197 0.00565819464627 0.00565819464627
1.21545813991 0.29272141244 -0.00681628437024 -0.00681628437024
0.754855984425 -0.292160583323 0.00795537211166 0.00795537211166
0.628383416432 -0.330554533448 -0.00908977447025 -0.00908977447025
0.3229876231 -0.731149319447 0.0102335734564 0.0102335734564
0.0466441665606 -0.860927863157 -0.0114013230358 -0.0114013230358
-0.0474819654197 -1.23384518149 0.0126088068597 0.0126088068597
-0.116316044527 -0.569983685552 -0.0138739334323 -0.0138739334323
-0.679028412945 -0.646755788279 0.0152178821383 0.0152178821383
0.103156651294 -0.778073880018 -0.0166666666667 -0.0166666666667
-0.865043858003 -0.441325872241 0.0182533794948 0.0182533794948
1.0602408119 -0.496257861234 -0.0200215590721 -0.0200215590721
0.0446737717132 -0.534347463241 0.0220304570344 0.0220304570344
0.922253727664 -0.445695331005 -0.0243636441934 -0.0243636441934
0.080817646503 -0.573459926985 0.0271437713289 0.0271437713289
0.956837654677 -0.387337508875 -0.0305593696177 -0.0305593696177
-0.341206964356 -0.971906812323 0.0349170062543 0.0349170062543
0.39736952559 -1.06840379839 -0.0407520817339 -0.0407520817339
-0.787424194579 -0.523796122811 0.0490930049501 0.0490930049501
-0.826930864396 -0.00244861059168 -0.0622008467928 -0.0622008467928
-1.21023956825 -0.827456136348 0.0862109156586 0.0862109156586
-0.810931978185 0.575734981782 -0.145661355304 -0.145661355304
-0.827995816765 0.291329716848 0.55953626471 0.55953626471
