7.82144752011 6.11179311406 0.191332641073 0.207921470355
0.884994513391 -0.862101605494 -0.0652394666778 -0.081220662091
1.13248008265 -0.239436461412 0.0308991198766 0.0462562962492
0.863097251212 -0.601627648395 -0.0150213431018 -0.0297293417643
1.13507568761 0.436447394832 0.00598075748 0.0200042663921
0.872582908806 -0.391186973617 -0.000241036960429 -0.0135325178809
1.10958335344 0.383256400683 -0.00363033694558 0.00886630947432
0.941452993142 -0.422439738303 0.00631521020186 -0.00530406383716
0.598611663949 0.88367004601 -0.00816881208089 0.00246418344122
-0.303731291837 0.79709188675 0.00938036022313 -0.000120976971713
0.306526179719 1.29795279194 -0.0100398199381 -0.00186789191914
-0.743186206681 0.233652253876 0.0101632498619 0.00359693833325
-0.263585095554 0.759156050325 -0.0096925676225 -0.00513169147147
-0.940739788978 0.191612741293 0.00846763822004 0.00651933372428
-1.07000584484 1.24719755951 -0.0061465612355 -0.00779503700436
-0.228984048203 0.741676802246 0.00199011051445 0.00898591432305
-1.00048797845 0.223085067919 0.00581442789082 -0.0101135908444
-0.860744886557 -0.238960125163 -0.0230103895739 0.0111959488523
-1.36530923079 0.89293310045 0.0818928722493 -0.0122483681938
1.43528981883 -0.0447308429001 0.763771959186 0.0132846585128
3.65632057528 0.0536321904549 -0.116904611873 -0.0143178108629
0.130398220899 0.593897532234 0.0776245695894 0.01536065926
1.43322428419 1.25471116005 -0.0639872530502 -0.0164265252897
-0.634876012718 0.754725782051 0.0574052784496 0.0175299156778
0.55819312533 1.28109555699 -0.0537913916599 -0.0186873528327
-0.645012137321 0.528610736306 0.0517379767594 0.0199184447783
-0.673734786765 0.557413149541 -0.0506420780478 -0.0212473519615
-1.34140797903 0.406489991356 0.050215539784 0.0227049016372
-0.660077084425 0.646453326929 -0.0503194480547 -0.0243317716598
-1.337710823 0.0119260655842 0.0509003057662 0.0261834893497
-0.661608036235 -0.0502713092888 -0.0519664960718 -0.0283386319951
-1.34456337198 0.128394137834 0.0535863624489 0.0309129573574
-0.638823130136 -0.513013840332 -0.0559052797116 -0.0340852022365
-1.40365607168 -0.394554785988 0.0591911720493 0.0381476349365
-0.432836171451 -0.0609649483839 -0.0639398084496 -0.0436144035451
-0.692531842359 -0.7385278412 0.0711343172445 0.0514829855417
-0.252223879284 -0.363843545647 -0.0829887006917 -0.0639789813865
-0.820640372779 -0.515038883985 0.105681993079 0.0872911553302
0.148592291219 -0.895425245515 -0.165270520523 -0.14748433512
-0.183092511926 -0.499845383229 0.712854022587 0.695666026473
