13.3727412613 2.52754228268 0.170671241135 0.170671241135
-0.819109170314 0.954526906815 -0.0664195490452 -0.0664195490452
-0.16642271269 1.12247199399 0.0364116612637 0.0364116612637
-0.836069025553 0.255382032636 -0.0220321765691 -0.0220321765691
-0.168816635442 0.787316343102 0.0135111817645 0.0135111817645
-0.818884967989 1.17779470651 -0.00781603967365 -0.00781603967365
-0.204972340295 0.416300214249 0.00369747177368 0.00369747177368
-0.744783128088 0.578018524187 -0.000546336481484 -0.000546336481484
0.389566221669 1.08991765417 -0.0019701335544 -0.0019701335544
-1.28320142759 0.00161836515285 0.00404939333283 0.00404939333283
0.686616616459 1.41389231194 -0.00581629175274 -0.00581629175274
-1.23504452039 0.0261055093431 0.00735390687096 0.00735390687096
0.264086006768 1.01546610286 -0.00871994260917 -0.00871994260917
-0.343815091152 0.889580286219 0.00995601446532 0.00995601446532
0.352041513314 1.13975657702 -0.0110931920473 -0.0110931920473
-0.340670445353 0.836457412542 0.0121554624364 0.0121554624364
0.302779239357 1.20579137707 -0.0131619878464 -0.0131619878464
-0.102662121535 0.592963474998 0.0141286409156 0.0141286409156
1.49092807595 0.0186434220596 -0.0150690985855 -0.0150690985855
0.562440220192 -0.0720723192666 0.0159956665154 0.0159956665154
1.41797808105 0.0944042071794 -0.0169199461588 -0.0169199461588
0.587665446222 -0.113486704893 0.0178534244753 0.0178534244753
1.43625598929 0.155723000028 -0.0188080512904 -0.0188080512904
-0.00666150563706 -0.742030069547 0.0197968669823 0.0197968669823
0.930109169888 -0.31886188942 -0.0208347527783 -0.0208347527783
0.111364195779 -0.656906630681 0.0219394003646 0.0219394003646
0.84950082982 -0.361001075103 -0.0231326444712 -0.0231326444712
0.208215062501 -0.611067522707 0.024442387773 0.024442387773
0.642376315029 -0.488050020983 -0.0259055048771 -0.0259055048771
-0.463670816792 -1.45215494046 0.0275724106136 0.0275724106136
0.0497789688881 -0.184323270493 -0.0295145698455 -0.0295145698455
-1.6722649595 -0.221546525366 0.0318374689753 0.0318374689753
-0.295195892199 0.395610575509 -0.0347043669559 -0.0347043669559
-0.734718736936 0.45723466075 0.0383830031083 0.0383830031083
-0.666195618541 0.60042053812 -0.0433461714037 -0.0433461714037
-1.36564166715 0.35778833196 0.0505159445871 0.0505159445871
0.1443762326 0.690863367838 -0.0619657881195 -0.0619657881195
-1.15716629886 0.215247897622 0.0835374926753 0.0835374926753
0.5613230598 1.26697067019 -0.140542709141 -0.140542709141
-0.534175423856 0.137692222184 0.764510213178 0.764510213178
