14.0 27.0 4.20084387696e-17 4.20084387696e-17
1.1084197409 1.25265674322 -0.0387739529946 -0.0387739529946
-1.05268105058 -3.20629316694 0.0512034122389 0.0512034122389
0.923458081287 1.1237956963 -0.0557108302197 -0.0557108302197
-0.190911797998 -3.0066140241 0.0562728570465 0.0562728570465
1.46345930445 0.857785878045 -0.0543227039723 -0.0543227039723
-1.12962805698 -2.68120039664 0.050565236266 0.050565236266
0.986660277926 0.481412621128 -0.0454420084493 -0.0454420084493
-0.897849402526 -2.26351872082 0.0392864535487 0.0392864535487
0.963877804946 0.0330209009598 -0.032384035739 -0.032384035739
0.483200803795 -1.79565283994 0.024997171394 0.024997171394
0.134078209138 -0.442919241429 -0.0173751995037 -0.0173751995037
-0.0939350315068 -1.32198906146 0.00975735611871 0.00975735611871
0.0157453811665 -0.912519098322 -0.00237226171898 -0.00237226171898
-0.895492605895 0.0956112397528 -0.00456436229954 -0.00456436229954
-1.20712526804 -0.269789220031 0.0108528231536 0.0108528231536
-0.702328804769 0.418860496357 -0.0163128852412 -0.0163128852412
-1.37836393161 -0.53264280733 0.0207871453423 0.0207871453423
-0.546562324082 0.600575548477 -0.024144110531 -0.024144110531
-1.54700196354 -0.593416268334 0.0262808009946 0.0262808009946
-0.0923743506199 0.258117948465 -0.0271247442289 -0.0271247442289
-0.241000406799 -1.88364939936 0.0266352593538 0.0266352593538
0.244632917896 -0.240398487901 -0.0248039550539 -0.0248039550539
-0.0891279037943 -1.63447538544 0.0216543833936 0.0216543833936
1.38698004408 -0.520220146652 -0.0172408038475 -0.0172408038475
0.762253485647 -1.27312458896 0.0116460144956 0.0116460144956
1.10442062938 0.19735669484 -0.00497819442303 -0.00497819442303
1.06494581693 0.105043004277 -0.00263333900444 -0.00263333900444
-0.151239088445 -1.30631136751 0.0110436460451 0.0110436460451
1.10112558563 0.369848600927 -0.0200993350737 -0.0200993350737
0.682376051166 -0.699534233062 0.0296481758853 0.0296481758853
1.4993989785 0.994057392724 -0.0395528311575 -0.0395528311575
0.30624655241 -1.31229779521 0.0497124394316 0.0497124394316
1.95611121618 1.93231354394 -0.0601009854277 -0.0601009854277
-0.711837155278 -0.476097178681 0.0708461268973 0.0708461268973
-0.147512402209 2.73389497542 -0.0824207239241 -0.0824207239241
-0.558659849204 -0.930062477801 0.0962176704529 0.0962176704529
0.649223430565 3.09039024532 -0.116907271432 -0.116907271432
-1.99516829166 -1.24276446362 0.170159050841 0.170159050841
1.17056375192 2.13588397452 0.990779592424 0.990779592424
