8.55093330362 6.17128498873 0.162772342236 0.207921470355
0.88794104372 -1.29740797184 -0.0420915424215 -0.081220662091
1.14982348066 -0.237847599102 0.0116102986594 0.0462562962492
0.817701481901 -0.00205822178188 0.0014102166927 -0.0297293417643
1.24181377127 -0.0175766742101 -0.00828608764098 0.0200042663921
0.271621958118 0.499304415876 0.0123700368071 -0.0135325178809
0.00962506354785 1.19674241287 -0.0149827774978 0.00886630947432
-0.00977848421252 0.898817726967 0.0167394885503 -0.00530406383716
-0.437271442583 0.614607721683 -0.0179606264285 0.00246418344122
-0.594044679811 0.377730547078 0.0188270335872 -0.000120976971713
-0.437292517969 0.57060053308 -0.0194470152201 -0.00186789191914
-0.133069095931 0.897685464668 0.0198883806991 0.00359693833325
0.818143545495 0.443406193623 -0.0201949559788 -0.00513169147147
0.218058264125 0.729788592778 0.0203956083897 0.00651933372428
0.777488104077 1.27155006053 -0.0205094029852 -0.00779503700436
0.215385044369 0.0577785491947 0.020548635714 0.00898591432305
0.799199944148 1.11695647792 -0.0205206305412 -0.0101135908444
0.185785760271 0.844097260562 0.0204287664795 0.0111959488523
0.262530362529 1.16916631229 -0.0202729782857 -0.0122483681938
-0.552469509383 0.819348377818 0.0200498452021 0.0132846585128
-0.339074610388 1.2093017917 -0.0197522932691 -0.0143178108629
-0.726940104544 0.174454730549 0.0193688574002 0.01536065926
-0.184215950359 0.823104780761 -0.0188823535958 -0.0164265252897
-1.23654676693 -0.184411467712 0.0182676656055 0.0175299156778
-0.733650250766 0.145556719636 -0.0174880945123 -0.0186873528327
-1.34809940564 -0.092539444846 0.0164892316023 0.0199184447783
-0.240856093958 -0.252426686861 -0.0151883184572 -0.0212473519615
-0.818936426338 -1.3269125549 0.013454880949 0.0227049016372
0.0360810266598 -0.720571601514 -0.0110732811902 -0.0243317716598
-0.201718823749 -1.26814772416 0.00766447547674 0.0261834893497
0.85538007691 -0.729442721207 -0.00250512533877 -0.0283386319951
-0.045587598744 -1.28399849168 -0.0059525563729 0.0309129573574
0.456254201018 -0.686439277656 0.0216407949006 -0.0340852022365
1.05101699237 -1.37998590935 -0.0579529778693 0.0381476349365
0.126769514274 -0.397812068192 0.204406518702 -0.0436144035451
-0.0608778154865 -1.05905990941 0.72239679986 0.0514829855417
-0.455461876418 -0.872437470383 -0.220772156552 -0.0639789813865
-0.593185792481 -0.431100394613 0.180012836295 0.0872911553302
-0.41585231384 -0.513540264709 -0.214929782005 -0.14748433512
-0.11001960597 -0.485114374009 0.749454204618 0.695666026473
