19.0 6.0 0.0 0.0
0.996854999195 1.20177065528 -0.0253141048256 -0.0253141048256
-1.81925498389 0.904263166557 0.0332659354587 0.0332659354587
-0.291760401792 0.17741606257 -0.0362587720026 -0.0362587720026
-0.8123274494 0.678730629034 0.0369108382567 0.0369108382567
-0.118831669965 1.1411171951 -0.0361501990165 -0.0361501990165
-0.950877656499 1.03137489927 0.0344217922128 0.0344217922128
0.0287184765832 0.279533003158 -0.0319938149118 -0.0319938149118
-1.11912454827 0.530704501223 0.0290596878669 0.0290596878669
0.23056041008 0.655975990689 -0.0257777985526 -0.0257777985526
-1.39265819743 0.116718326099 0.0222883367499 0.0222883367499
0.838279536439 1.38493273204 -0.0187204813349 -0.0187204813349
-0.610299795626 0.801576193161 0.0151951088208 0.0151951088208
0.293614700174 0.889941353231 -0.0118252866554 -0.0118252866554
-1.69343848235 -0.150089040717 0.00871564465372 0.00871564465372
-0.308530172986 1.463315095 -0.00596120272135 -0.00596120272135
-0.375560322917 0.561893969113 0.00364598765306 0.00364598765306
-0.822314111562 0.170161381331 -0.00184164613246 -0.00184164613246
-0.0511063836491 1.00691077599 0.000606191786493 0.000606191786493
-1.01222585028 1.01567226565 1.70171802408e-05 1.70171802408e-05
5.14208558774e-16 1.0 1.31473779232e-17 1.31473779232e-17
0.0515060828386 0.967883160423 -0.000669476158262 -0.000669476158262
-0.125459827528 1.09996614036 0.00198791492502 0.00198791492502
0.976156973858 0.0552432690284 -0.00393652709454 -0.00393652709454
0.926961066646 0.0382238596065 0.00648210809613 0.00648210809613
1.13631768891 -0.113659824462 -0.00957838123253 -0.00957838123253
0.806593346185 0.245537750437 0.0131678423169 0.0131678423169
1.23956440886 -0.90801761979 -0.0171841694633 -0.0171841694633
0.759265085744 -0.300150416483 0.0215553218912 0.0215553218912
0.864393936593 -0.50670765013 -0.0262075748865 -0.0262075748865
-0.320007340414 -0.693050975544 0.0310709939191 0.0310709939191
2.05585136252 -0.0737217969222 -0.0360874046928 -0.0360874046928
-0.329133667338 -1.37786935284 0.0412231944778 0.0412231944778
0.900147992605 -0.798162472034 -0.0464924997795 -0.0464924997795
-1.21816759831 -0.938312977251 0.0520054167113 0.0520054167113
0.0399810700466 0.142284109161 -0.0580856588842 -0.0580856588842
-0.917769796316 -1.26776301416 0.0656228342677 0.0656228342677
-0.22136188349 0.349644086977 -0.0775032922379 -0.0775032922379
-1.86289660654 -1.39392759176 0.109090639409 0.109090639409
1.01781329348 0.400115845795 0.995887062876 0.995887062876
