7.46210954955 7.37351558111 0.0904464291764 0.0677191564491
0.887704315609 -0.0820271028565 -0.0433040441658 -0.0205767714385
1.11409508519 0.0608604863126 0.0284557119845 0.00572843925721
0.884948056467 -0.0317637199272 -0.0211165851621 0.00161068756522
1.1159016777 -0.0170671228 0.0166965132139 -0.00603075951334
0.88342489844 0.126992200438 -0.0137122039941 0.00901506873318
1.11682836901 -0.730942159226 0.0115388184015 -0.0111884543258
0.88381257449 0.219194870815 -0.00986724639732 0.01286002633
1.11354029395 0.637904341801 0.00852688534423 -0.014200387383
0.894636109947 -0.416737653945 -0.00741572081245 0.0153115519148
1.07123029604 0.383588732993 0.00646885628515 -0.0162584164421
-0.114166481855 0.693157471594 -0.00564289065031 0.017084382077
-0.00749158796812 1.34487914219 0.00490754829561 -0.0178197244317
-1.33977233358 0.426649468687 -0.00424090976884 0.0184863629584
-0.443983918849 0.403188407195 0.00362654997954 -0.0191007227477
0.0403602606047 1.13551806447 -0.00305174147467 0.0196755312526
-0.447271633484 0.46481728314 0.00250627787381 -0.0202209948535
-1.30790093052 -0.202850112967 -0.00198166992043 0.0207456028068
-0.70108825965 0.136668916326 0.00147056948217 -0.0212567032451
-1.35304574296 0.688258118991 -0.000966332416384 0.0217609403109
0.492435904997 0.30830260071 0.909553570824 -0.0222646109946
4.51456040346 -0.292272251954 4.67112289955e-05 0.0227739839563
0.659496675293 0.415241614645 -0.000568342565241 -0.0232956152925
-0.122608571576 0.888195906896 0.00110942290437 0.0238366956316
0.143242505627 1.17257314719 -0.00167819621044 -0.0244054689377
-0.18578846018 0.7826344933 0.00228450505264 0.0250117777799
0.274781300696 1.30318620569 -0.0029405444333 -0.0256678171606
-0.921856251381 0.0532966695218 0.00366195609068 0.026389228818
-0.143310762198 0.87943426675 -0.00446948696903 -0.0271967596963
-0.849470650237 0.125254257475 0.00539161029546 0.0281188830227
-1.02577575059 0.934593085189 -0.00646885628515 -0.0291961290124
-1.01596969116 0.993330557332 0.00776133647366 0.0304886092009
-0.962251961805 1.05427605322 -0.00936261855731 -0.0320898912846
-1.05111679439 0.764181525779 0.011427253796 0.0341545265232
-0.940211100562 -0.256539121805 -0.0142307326371 -0.0369580053644
-1.06506903983 0.627114614397 0.0183173600731 0.0410446328003
-0.93315203273 0.550813769804 -0.0249351663277 -0.047662439055
-1.0625583719 -0.221491568411 0.0377188008947 0.060446073622
-0.962960758067 0.153140736384 -0.0736283083429 -0.0963555810701
-0.232650827986 -0.121799049184 0.895846727602 0.91857400033
