9.27255881161 10.913653617 0.13654451072 0.207921470355
0.943829706105 -0.303663242133 -0.0108450933158 -0.081220662091
0.60442266163 -0.191812643649 -0.0238450140829 0.0462562962492
-0.395712051249 -1.55148667622 0.0408952133907 -0.0297293417643
0.616014515856 -0.464941887543 -0.0521062630755 0.0200042663921
0.817752660584 -1.56908221712 0.0613416590635 -0.0135325178809
1.28818346451 -0.29996170772 -0.0706374477223 0.00886630947432
0.416348907324 -0.889228399204 0.0818559221518 -0.00530406383716
0.631420036745 -0.0184751806696 -0.0979509017146 0.00246418344122
1.00238001085 -0.471691231674 0.126126980636 -0.000120976971713
1.08181930395 -0.266699193619 -0.194442944042 -0.00186789191914
0.555053444497 -0.562751380707 0.676748540484 0.00359693833325
-3.04033304797 6.19214372613 0.251006990096 -0.00513169147147
-1.30144108281 0.248011494311 -0.0633206476563 0.00651933372428
-0.849017493904 0.0201554165925 -0.0108468331389 -0.00779503700436
-0.289530127348 -0.0833655491971 0.709049424196 0.00898591432305
3.01745174076 1.180704025 0.102840463863 -0.0101135908444
-0.595085297147 0.754263091816 -0.0576669685148 0.0111959488523
-0.0822298192081 1.32121525543 0.0435766176744 -0.0122483681938
-1.21727876095 0.435774797353 -0.0384772156224 0.0132846585128
-0.285170861981 0.661358420977 0.0383926852146 -0.0143178108629
-0.791642179307 0.247185545858 -0.0425665827888 0.01536065926
-0.974178216831 -0.0226221522959 0.051776253259 -0.0164265252897
-1.09002518137 -0.0160020321948 -0.068761843125 0.0175299156778
-0.869502155637 0.00390816068249 0.101226083227 -0.0186873528327
-1.18801622456 0.0631336489314 -0.177854360214 0.0199184447783
-0.468102780785 -0.288135649345 0.590176676336 -0.0212473519615
0.0493611935442 3.35097803628 0.321872160813 0.0227049016372
-0.913665047051 0.991797454229 0.103468278591 -0.0243317716598
0.897914147993 -0.598143326496 0.775202431787 0.0261834893497
1.65569755896 0.487516653802 -0.273743408942 -0.0283386319951
0.642279719404 -0.437687078609 0.196792077682 0.0309129573574
1.29405237202 0.410601393206 -0.165364595041 -0.0340852022365
0.72954089865 -0.394380218002 0.149759319123 0.0381476349365
1.26161787506 0.384120811086 -0.142543677372 -0.0436144035451
0.738896794881 -0.377402440265 0.141629099006 0.0514829855417
1.2681686639 0.372819026301 -0.147779410755 -0.0639789813865
0.712559612665 -0.3693406159 0.166403597959 0.0872911553302
1.34374536539 0.365853545879 -0.223120011156 -0.14748433512
0.113634446113 -0.360396769983 0.768773138667 0.695666026473
