12.0 7.0 0.0 0.0
1.0 -3.33066907388e-17 -6.10622663544e-17 -6.10622663544e-17
1.0 -1.0 0.0 0.0
1.0 1.7763568394e-16 -1.05588484211e-17 -1.05588484211e-17
1.0 8.881784197e-17 0.0 0.0
1.0 8.881784197e-17 -2.46601099199e-18 -2.46601099199e-18
1.0 -4.4408920985e-17 0.0 0.0
1.0 3.10862446895e-16 -8.881784197e-17 -8.881784197e-17
1.0 1.0 0.0 0.0
1.0 1.0 -2.06537868833e-17 -2.06537868833e-17
-2.6645352591e-16 1.0 0.0 0.0
-2.6645352591e-16 1.0 2.46519032882e-33 2.46519032882e-33
-1.0 1.0 0.0 0.0
1.7763568394e-16 1.0 3.45986822688e-19 3.45986822688e-19
-1.0 6.07529133112e-17 0.0 0.0
-5.86449422647e-17 1.0 0.0 0.0
-1.0 3.5527136788e-16 0.0 0.0
-1.0 1.0 2.74624656597e-17 2.74624656597e-17
-3.5527136788e-16 1.0 0.0 0.0
-8.881784197e-17 1.0 1.05588484211e-17 1.05588484211e-17
-3.5527136788e-16 1.0 0.0 0.0
1.0 1.0 -1.66533453694e-17 -1.66533453694e-17
-8.881784197e-17 1.0 0.0 0.0
-1.0 1.0 0.0 0.0
4.4408920985e-16 1.0 0.0 0.0
-8.881784197e-17 1.0 6.34476881747e-18 6.34476881747e-18
-1.0 -8.881784197e-17 0.0 0.0
-1.0 -1.7763568394e-16 6.5257272063e-18 6.5257272063e-18
-1.0 0.0 0.0 0.0
-1.0 1.0 2.95299260945e-17 2.95299260945e-17
-1.0 -1.0 0.0 0.0
-1.0 -3.5527136788e-16 0.0 0.0
-1.0 1.7763568394e-16 0.0 0.0
-1.0 -1.7763568394e-16 -7.60233247071e-18 -7.60233247071e-18
-1.0 1.7763568394e-16 0.0 0.0
-1.0 -1.0 -6.5257272063e-18 -6.5257272063e-18
-1.0 0.0 0.0 0.0
-1.0 -1.0 4.47545946754e-17 4.47545946754e-17
-1.0 6.07529133112e-17 0.0 0.0
3.6950738916e-16 0.0 1.0 1.0
