16.0 4.0 4.20084387696e-17 4.20084387696e-17
1.35373072932 1.26962944745 -0.0387739529946 -0.0387739529946
-2.22943575739 0.730382445948 0.0512034122389 0.0512034122389
0.998737976685 1.2588360614 -0.0557108302197 -0.0557108302197
-1.61859574759 0.758952683875 0.0562728570465 0.0562728570465
-0.369117250827 1.21811158487 -0.0543227039723 -0.0543227039723
-1.10502167849 0.808606283009 0.050565236266 0.050565236266
0.363146789313 1.16211490849 -0.0454420084493 -0.0454420084493
-1.59514180157 0.868529240206 0.0392864535487 0.0392864535487
0.954207594987 1.10068172157 -0.032384035739 -0.032384035739
-0.85488531442 0.928972842638 0.024997171394 0.024997171394
-0.577021851576 1.04389058137 -0.0173751995037 -0.0173751995037
-0.120218565992 0.979151771459 0.00975735611871 0.00975735611871
0.0401412947205 1.00386616782 -0.00237226171898 -0.00237226171898
0.0918130070413 1.00422084213 -0.00456436229954 -0.00456436229954
-0.279674118851 1.0016168043 0.0108528231536 0.0108528231536
1.21382304666 0.96681551679 -0.0163128852412 -0.0163128852412
-0.0824060585308 1.13291096958 0.0207871453423 0.0207871453423
0.837761222342 0.23494624959 -0.024144110531 -0.024144110531
0.880274091766 0.471746098492 0.0262808009946 0.0262808009946
1.20778472975 0.851766893767 -0.0271247442289 -0.0271247442289
0.757896234622 -0.411727872075 0.0266352593538 0.0266352593538
1.24406315428 0.298631275644 -0.0248039550539 -0.0248039550539
0.779510024379 -0.235741324725 0.0216543833936 0.0216543833936
1.17474877007 0.192456568 -0.0172408038475 -0.0172408038475
0.890615242235 -0.176348960962 0.0116460144956 0.0116460144956
1.02950310836 -1.00236763357 -0.00497819442303 -0.00497819442303
0.0542527270718 -0.993089135932 -0.00263333900444 -0.00263333900444
-0.194217353711 -1.03675850656 0.0110436460451 0.0110436460451
0.37373483263 -0.931799952783 -0.0200993350737 -0.0200993350737
-1.17454396023 -1.08986979707 0.0296481758853 0.0296481758853
-0.591792766172 -0.929884871676 -0.0395528311575 -0.0395528311575
-1.55684851553 -0.648085423653 0.0497124394316 0.0497124394316
-0.314958056332 0.466633053607 -0.0601009854277 -0.0601009854277
-1.8002807106 -0.510427032351 0.0708461268973 0.0708461268973
-0.0974744509119 0.773856808162 -0.0824207239241 -0.0824207239241
-1.98936743688 0.553445913148 0.0962176704529 0.0962176704529
0.0551849126999 0.138217605601 -0.116907271432 -0.116907271432
-2.07445370962 -0.240721484361 0.170159050841 0.170159050841
1.29749858926 0.285128954098 0.990779592424 0.990779592424
