18.0 25.0 3.52021934637e-17 3.52021934637e-17
-0.470432437329 -1.627379999 0.0123826178158 0.0123826178158
-0.547086955463 -0.374855718987 -0.0164756780662 -0.0164756780662
-0.384000312298 -1.62279627706 0.0185347976164 0.0185347976164
0.412101487948 -0.380755226597 -0.019786673058 -0.019786673058
-0.428661352327 -1.61346527385 0.0206369581156 0.0206369581156
0.446896534674 -0.396418568866 -0.0212587795628 -0.0212587795628
-0.474828131026 -1.58504957636 0.0217385179891 0.0217385179891
0.531352070598 -0.457047484195 -0.0221241389519 -0.0221241389519
-0.722608423805 -1.38331949632 0.0224444563122 0.0224444563122
-0.308254740725 0.553758362859 -0.0227178669031 -0.0227178669031
0.971229315634 -1.84686698044 0.0229567111664 0.0229567111664
1.00530122174 -0.227299730327 -0.0231696199267 -0.0231696199267
-0.523801178356 -1.74587969419 0.0233628565914 0.0233628565914
0.756919915483 -0.268250900518 -0.0235411250866 -0.0235411250866
0.470341302766 -1.71856869435 0.0237080785581 0.0237080785581
0.119266903229 -0.314700394002 -0.0238666534135 -0.0238666534135
-0.449003742727 -1.43496694939 0.0240192982475 0.0240192982475
-1.17303750889 1.0846653156 -0.0241681384263 -0.0241681384263
-0.470149154139 -1.45198320102 0.024315101533 0.024315101533
-0.341513018195 0.264940010825 -0.0244620203335 -0.0244620203335
-0.790776696969 -1.12640114644 0.024610725378 0.024610725378
-0.0474180419688 -0.051006027889 -0.0247631373625 -0.0247631373625
-1.53941863224 -0.329483848177 0.024921369333 0.024921369333
-0.573202100089 0.360049907687 -0.0250878506979 -0.0250878506979
-1.34684860464 0.0988916964193 0.0252654894082 0.0252654894082
-0.770736037075 1.68066086864 -0.0254578969632 -0.0254578969632
-0.571133719451 0.350814562519 0.0256697160196 0.0256697160196
-0.293061593302 1.64193689977 -0.0259071182813 -0.0259071182813
-0.853115489931 0.358686526485 0.0261785936118 0.0261785936118
0.630215591991 1.643421409 -0.0264962579393 -0.0264962579393
-0.570861450031 0.352531178574 0.0268781339259 0.0268781339259
0.552390426223 1.65422864382 -0.0273523749998 -0.0273523749998
-0.576409427001 0.332606860221 0.0279656919041 0.0279656919041
1.34696165633 1.70629495291 -0.0288018377032 -0.0288018377032
0.58010056514 -0.522692508166 0.0300276478108 0.0300276478108
1.43579575208 0.589562306242 -0.0320304125295 -0.0320304125295
0.555634609423 -0.606460903686 0.035962395607 0.035962395607
1.45843532217 0.613209295417 -0.0474746648521 -0.0474746648521
-0.412437585981 -0.615244343516 0.998972844211 0.998972844211
