14.2368497695 7.46130974795 0.149655536476 0.196427185606
0.817538470485 -0.61986959526 -0.0371667811787 -0.0767873924899
0.69692568554 -0.457854170561 0.00904590791929 0.0433110255989
0.345977348259 -0.410721110662 0.00264130948267 -0.027417012882
1.52017775795 0.161192494427 -0.00858515642689 0.0180431501637
0.161116386796 0.286744645468 0.0119492363601 -0.0117963803944
0.169150502964 1.2817549642 -0.0139725520933 0.00728804171908
-0.139052207717 0.844840481327 0.0152271788777 -0.00384386360595
-0.210385161134 0.778529099461 -0.0160077817615 0.0010965859977
-0.777151546273 0.236344319675 0.0164783632325 0.00117123106561
-0.256718009608 0.747639163361 -0.0167354828971 -0.00309683339551
-0.667919424334 0.265718985907 0.0168382982886 0.00477141765457
-0.841959872559 0.722113035053 -0.0168239408562 -0.00625824903496
-1.09395607188 0.290897629562 0.0167158438796 0.00760290352102
-0.0905214930533 0.69204339796 -0.0165284394458 -0.00883937221386
-0.846385962993 0.336440875444 0.016269864399 0.00999387063136
-0.218087171749 0.595280539706 -0.0159435020713 -0.0110873186909
-1.57652447233 -0.323327074443 0.0155487869905 0.0121370249293
-0.188782291858 -0.021041985327 -0.0150814870456 -0.0131578846346
-0.228297802049 -1.52326406809 0.0145335502222 0.0141632810944
-0.584429622699 0.334682109221 -0.013892509907 -0.0151658130615
-1.34396076729 -0.459046596912 0.0131403517448 0.0161779359465
-0.672506705416 0.971254880084 -0.012251626114 -0.0172125875436
-1.320749379 -0.0165161210101 0.0111904008569 0.0182838661723
-0.677817365243 1.31389176267 -0.00990531058704 -0.019407839113
-1.34936663062 0.192978759403 0.00832130775423 0.0206035851193
-0.0348766941715 0.888990534243 -0.00632538424546 -0.0218946247773
-0.0125493198859 0.738801037858 0.00374059707768 0.023310983729
1.29653444733 0.0823826979388 -0.000275754106792 -0.0248923013194
0.720609623004 -0.172626826414 -0.00458016519024 0.0266927144764
1.30513096453 0.266514199131 0.0118040158928 -0.0287888749297
0.448396807721 -0.584134274079 -0.0235002122092 0.0312937745217
0.500364811834 -0.364194813201 0.0451007519357 -0.0343820098619
1.28025529726 -0.0739193820944 -0.0958062299683 0.0383393454376
0.348465111144 -0.729002644165 0.321252984938 -0.0436690990451
1.94412806721 0.0539010811824 0.653237457175 0.0513493710978
2.54850325252 0.0316836531962 -0.235082138427 -0.0635679526583
0.187653343728 0.781743051365 0.188136027389 0.0864338421908
1.67646266508 -0.0842578218743 -0.218767850572 -0.145907342784
-0.149165417962 0.0974879536923 0.774866072673 0.717912384993
