15.0 5.0 4.20084387696e-17 4.20084387696e-17
0.191489875828 1.28635857819 -0.0387739529946 -0.0387739529946
-1.29053182648 0.767195625974 0.0512034122389 0.0512034122389
1.13491336536 1.15978251388 -0.0557108302197 -0.0557108302197
-0.93270317727 0.971564250485 0.0562728570465 0.0562728570465
0.235939633639 0.415802547659 -0.0543227039723 -0.0543227039723
-1.46269870591 0.255149193401 0.050565236266 0.050565236266
0.954206224186 1.36155136602 -0.0454420084493 -0.0454420084493
-0.673977778281 0.753953451974 0.0392864535487 0.0392864535487
0.281297223316 1.17574306592 -0.032384035739 -0.032384035739
-1.41506543166 0.877581773456 0.024997171394 0.024997171394
0.493899038342 1.07846913467 -0.0173751995037 -0.0173751995037
-0.243006024341 0.958798740252 0.00975735611871 0.00975735611871
0.055833333727 1.00946998386 -0.00237226171898 -0.00237226171898
0.104615831055 1.01743968152 -0.00456436229954 -0.00456436229954
-0.24752340459 0.959521431016 0.0108528231536 0.0108528231536
0.381188853695 1.06183791481 -0.0163128852412 -0.0163128852412
-0.536995864846 0.911826800733 0.0207871453423 0.0207871453423
1.14085456996 1.14837087061 -0.024144110531 -0.024144110531
0.625190631021 0.427809823901 0.0262808009946 0.0262808009946
1.43064950676 -0.195337429912 -0.0271247442289 -0.0271247442289
0.566041449869 0.21788737792 0.0266352593538 0.0266352593538
1.40018436308 -0.452885564234 -0.0248039550539 -0.0248039550539
0.672299778474 -0.841633315378 0.0216543833936 0.0216543833936
1.17526355751 0.0305655693718 -0.0172408038475 -0.0172408038475
-0.323529982178 -1.16184614377 0.0116460144956 0.0116460144956
0.14501991169 -0.95514770915 -0.00497819442303 -0.00497819442303
1.04394681725 -0.981524865196 -0.00263333900444 -0.00263333900444
-0.0666949972275 -1.06494809456 0.0110436460451 0.0110436460451
0.202445716333 -0.897270939405 -0.0200993350737 -0.0200993350737
-0.276030851701 -1.13404069615 0.0296481758853 0.0296481758853
-0.197098583761 -0.840952281409 -0.0395528311575 -0.0395528311575
-1.33582336343 -1.17673391819 0.0497124394316 0.0497124394316
1.27097606707 -0.81531930231 -0.0601009854277 -0.0601009854277
-1.68452974448 -1.17726127706 0.0708461268973 0.0708461268973
0.428503934807 -0.862922464424 -0.0824207239241 -0.0824207239241
-1.22271987446 -0.958706089332 0.0962176704529 0.0962176704529
-0.0285267790029 0.240127794947 -0.116907271432 -0.116907271432
-2.06588671041 -1.40307196893 0.170159050841 0.170159050841
1.28479963326 0.481443217496 0.990779592424 0.990779592424
