10.7246676722 22.2293125133 0.106678401451 0.106678401451
-0.224433448031 -1.58112212959 -0.0386198285181 -0.0386198285181
1.5703085594 -0.412566002334 0.0178365494932 0.0178365494932
0.0665955541168 -1.64396053135 -0.00767553570551 -0.00767553570551
0.861830209874 0.145438221391 0.00159110820153 0.00159110820153
0.160545230363 -1.03322421085 0.00250208821776 0.00250208821776
0.83555226396 -0.783968944662 -0.00547555138759 -0.00547555138759
0.151050961557 -1.15571067161 0.00775818913588 0.00775818913588
0.901362781962 0.153996493836 -0.00958585460569 -0.00958585460569
-0.191936394578 -1.42027762151 0.0110991898635 0.0110991898635
0.0711003061756 -0.719200210151 -0.0123874688029 -0.0123874688029
0.51708584317 -0.673375676894 0.0135102877648 0.0135102877648
0.529326680424 -0.305483745968 -0.0145091551538 -0.0145091551538
0.487093774873 -0.633994682202 0.0154140807819 0.0154140807819
0.436176524777 -0.578121889797 -0.0162475222392 -0.0162475222392
0.862940155405 -1.13642844067 0.0170268583187 0.0170268583187
0.861735922783 0.181873847994 -0.0177660060442 -0.0177660060442
-0.397582559078 -1.61866214637 0.0184765236671 0.0184765236671
0.369650332685 -0.524373404507 -0.0191683993197 -0.0191683993197
-1.07325224087 -0.680084432864 0.0198506480202 0.0198506480202
-0.837049299344 -0.355615198953 -0.0205317974483 -0.0205317974483
-1.16281037864 -0.427883985523 0.0212203202937 0.0212203202937
-0.856991025905 0.311443947416 -0.0219250606741 -0.0219250606741
-1.10472403674 0.126000175462 0.0226557009985 0.0226557009985
-0.980576976429 0.894822206028 -0.0234233233872 -0.0234233233872
-0.32816825049 0.136808516995 0.0242411386667 0.0242411386667
-0.699212390329 0.783602765567 -0.0251254920612 -0.0251254920612
-1.03733903604 -0.538208545856 0.026097320507 0.026097320507
-0.0843952986041 1.5938771344 -0.027184357638 -0.027184357638
-0.852970994616 0.539265634 0.0284246127249 0.0284246127249
-0.194028894235 0.996454246001 -0.0298721081928 -0.0298721081928
-0.758746338158 -0.0799159065505 0.0316068269117 0.0316068269117
-0.310724556251 1.76226741566 -0.0337530077361 -0.0337530077361
0.25015299454 0.29587992047 0.0365153267304 0.0365153267304
1.54909831445 0.633895533956 -0.0402573720228 -0.0402573720228
0.516237188048 -0.602292851054 0.0456940932212 0.0456940932212
1.45323061236 0.582548351078 -0.0544530895758 -0.0544530895758
0.556574787799 -0.566868458402 0.0712166405387 0.0712166405387
1.46813735251 0.552637100757 -0.117232928949 -0.117232928949
-0.19246842686 -0.535740858379 0.865343171344 0.865343171344
