12.0 8.0 -1.90323947079e-17 -9.51619735393e-18
0.790909449804 1.95409358234 -0.076813350061 -0.065274066465
-2.04322527891 0.154936391488 0.103518592095 0.0826840358104
1.86844680576 1.70154279854 -0.109349736497 -0.0825748769302
-1.99740944284 0.460346851912 0.101383119416 0.0726962057638
0.24613165454 1.37432982263 -0.0832924071882 -0.0568941875269
-0.499199485705 0.780156308462 0.0582222872143 0.0379733699956
0.272530118257 1.08985543279 -0.0293711181847 -0.0183199571557
1.06581410364e-15 1.0 -1.42610773319e-16 1.23777592385e-17
-0.290185194549 0.988538051111 0.026747585201 0.015292134507
1.15654262572 0.357901776841 -0.0480860617974 -0.026318230073
0.650210007346 -0.277152391088 0.0618251354655 0.0323661409913
1.40407151208 0.236161527587 -0.0665652483512 -0.0332826241756
0.623668280307 -0.189480669303 0.0618251354655 0.0294589944742
1.28694015311 0.135926307423 -0.0480860617974 -0.0217678317245
0.844776029881 -0.0778526653886 0.026747585201 0.011455450694
1.0 2.03012210217e-16 -8.66833552626e-18 1.00731185443e-17
1.17835794461 0.919929302174 -0.0293711181847 -0.011051161029
0.0972960692705 1.06444745773 0.0582222872143 0.0202489172187
-0.499128753704 0.927117535 -0.0832924071882 -0.0263982196614
-1.00107583023 1.09628682902 0.101383119416 0.028686913652
0.576157860607 0.876513848376 -0.109349736497 -0.0267748595667
-0.381038834942 1.13765953276 0.103518592095 0.0208345562848
0.157111599736 0.888133219567 -0.076813350061 -0.011539283596
-1.0 1.0 -1.85593833945e-17 2.61514459426e-18
-0.632147956148 0.620225245377 0.986858445951 0.0123426410647
3.14759872875 -5.17970717425 0.276471986545 -0.0238602497832
0.868338642036 -3.65655983255 -0.148717411718 0.0328981842676
-0.0550721668634 0.381646922552 0.0904589710705 -0.0379398634276
-0.17855513576 -1.9291929251 -0.0507256160778 0.0377563634522
0.234609159592 -0.397178333096 0.0227423010607 -0.031524137368
-0.16923952134 -1.30147611977 -0.0057329554622 0.0188946858527
2.18238125983e-15 -1.0 3.02675977155e-17 3.10503900083e-19
0.265885428991 -0.688252867935 -0.0057329554622 -0.0246276413149
-0.648165933649 -1.66548266394 0.0227423010607 0.0542664384286
1.53997601413 0.466588162663 -0.0507256160778 -0.0884819795301
-0.409871484494 -1.1968585085 0.0904589710705 0.128398834498
1.10068588931 -0.290980460918 -0.148717411718 -0.181615595985
-1.43485693375 -1.79481465456 0.276471986545 0.300332236328
1.64321369332 1.17550950291 0.986858445951 0.974515804886
