16.0 4.0 7.01193489237e-17 0.0
0.859584372093 1.18023364566 -0.0249901137887 -0.0253141048256
-0.909880241758 0.81281781698 0.0319779490455 0.0332659354587
1.76320350803 1.18905159864 -0.0333905226391 -0.0362587720026
-0.540199598646 0.811945573871 0.0318849696876 0.0369108382567
0.615212951896 1.18507907922 -0.0284424827319 -0.0361501990165
-0.614357761889 0.819363057018 0.0235740356942 0.0344217922128
0.59489086302 1.17510523689 -0.0176251438523 -0.0319938149118
-0.567591869483 0.831185508434 0.010875924561 0.0290596878669
0.536775181619 1.16209156682 -0.00357870552733 -0.0257777985526
-0.505399739207 0.844706050735 -0.00402745272374 0.0222883367499
0.476781925743 1.14885938257 0.0117120045873 -0.0187204813349
-0.456857763048 0.856587675724 -0.0192527068207 0.0151951088208
0.463078838171 1.14004841204 0.0264376212324 -0.0118252866554
-0.606619766377 0.8587274265 -0.033068177775 0.00871564465372
-0.725118547736 1.15525284646 0.0389626599415 -0.00596120272135
0.106689731551 0.767041246606 -0.0439597227252 0.00364598765306
1.19821670531 -0.0319114711026 0.0479216834514 -0.00184164613246
0.864173861641 -0.0121353746867 -0.0507374007476 0.000606191786493
1.07848561945 0.0155218746324 0.0523246050906 1.70171802408e-05
-7.01193489237e-16 2.33731163079e-16 1.0 1.31473779232e-17
-4.01363819741 -0.0533274742711 0.0516381117521 -0.000669476158262
-0.362929116353 1.00847082866 -0.0493556776091 0.00198791492502
-0.570881344072 0.0803347452653 0.0458268024894 -0.00393652709454
-1.33874979627 0.777838920312 -0.0411236022822 0.00648210809613
-0.696121445371 0.459635484661 0.0353454814303 -0.00957838123253
-1.27014328805 -0.335997682668 -0.0286159801118 0.0131678423169
-0.811383483095 0.363275904661 0.0210787384246 -0.0171841694633
-0.657408707413 -0.820466707815 -0.0128924937502 0.0215553218912
-0.022477620338 -0.940262868999 0.00422491103566 -0.0262075748865
-1.35114676363 -1.09508941003 0.00475520444537 0.0310709939191
1.24425185686 -0.926012006011 -0.0138883116675 -0.0360874046928
0.415278690372 -0.848248190174 0.0230394311719 0.0412231944778
1.62113700978 0.40302769284 -0.03212382872 -0.0464924997795
0.387831667839 -0.38495782726 0.0411576601927 0.0520054167113
1.49346966803 0.512755590041 -0.0503779425996 -0.0580856588842
-0.756799282927 0.732016218406 0.0605969656986 0.0656228342677
1.9755403994 0.0732780628812 -0.0746350428744 -0.0775032922379
0.0588465857451 -0.150120920083 0.107802652996 0.109090639409
0.81372858073 0.181646907639 0.996211053913 0.995887062876
