10.0 6.0 1.42336285208e-16 -5.69345140833e-18
1.2038802767 0.1392169338 -0.0154935999778 -0.0126987193734
0.845114232166 -0.105978432096 0.0222348856492 0.0170394541689
0.200703867098 -0.830763422375 -0.0265549626477 -0.0192511077136
0.706544786785 -0.285627543266 0.0297973335339 0.0206049999974
1.24678770839 0.293197438763 -0.0324423327352 -0.021528612988
0.759558420662 -1.11558255267 0.034714186906 0.0222061391504
1.27798804036 -0.110965270944 -0.0367367376993 -0.0227300593561
-0.000162041245918 0.753295934625 0.0385870076175 0.0231519577695
0.0843822719726 1.17733288873 -0.0403175130625 -0.0235029277516
-0.0983506557485 0.834880462654 0.0419669578189 0.023802875328
0.0992196045527 1.16149400688 -0.0435659750659 -0.0240651832856
-0.0955668717606 0.839621123876 0.0451405500476 0.0242992296542
0.0897545063601 1.1603358165 -0.0467142987567 -0.0245118320896
-0.0825957948079 0.839073888169 0.0483101943656 0.0247081193806
0.0743586125603 1.16202389467 -0.0499520870854 -0.0248920813543
-0.0650532254542 0.836355865989 0.0516662676856 0.0250669307312
0.0545147854918 1.16590581143 -0.0534833135423 -0.0252353516641
-0.0423955043602 0.830943887279 0.0554405134196 0.0253996788933
0.0280743074128 1.17356189418 -0.0575853111171 -0.0255620347504
-0.0104098363847 0.819653161136 0.059980497459 0.0257244420801
-0.0129500170084 1.19146054375 -0.0627124514539 -0.0258889263018
0.0479390073191 0.787588169537 0.0659048989845 0.026057617748
-0.115942467703 1.26397436188 -0.0697431835194 -0.0262328654719
0.393393675838 0.478329686176 0.0745199314479 0.0264173759163
1.10704435042 -0.00325459646106 -0.0807280686263 -0.026614394861
0.99096240747 -0.0632071164607 0.0892706606405 0.0268279605161
0.941979427917 0.0875830314682 -0.102004456599 -0.0270632728502
1.13157384751 -0.0996023675529 0.123460456761 0.0273272560562
0.766110021672 0.106293061034 -0.168397808485 -0.0276294519257
1.3740106672 -0.110057038108 0.32827158479 0.0279835040757
-1.6509952743 0.111825351241 0.890421593525 -0.0284097532263
-6.91965682374 -0.11185159642 -0.127217897138 0.0289400600007
0.116984596646 0.10984061835 0.0472324899945 -0.0296274663537
-1.65950500781 -0.104556065065 -0.0158045979275 0.0305675057107
-0.51610821751 0.0917651273783 -0.00187101805727 -0.0319516796148
-1.38861936253 -0.0484618731737 0.014388505328 0.0342288041485
-0.674417517112 1.14905583708 -0.0260227140505 -0.0387566747277
-1.27139730573 -0.205586825402 0.0450090882516 0.0524666014946
0.294015731474 0.169347441878 1.0023127746 0.99897290848
