6.0 8.0 0.0 0.0
2.0461636639 0.267388127926 -0.0773510129099 -0.0773510129099
0.0113127864321 -1.42437809966 0.0933900615642 0.0933900615642
1.8017696929 1.0646095789 -0.0853615328236 -0.0853615328236
0.451914805501 -0.77194218869 0.0649691986795 0.0649691986795
1.28716250691 0.484977510577 -0.0394553283386 -0.0394553283386
0.922582461358 -0.199459961143 0.0143802258003 0.0143802258003
0.994746015791 -0.1134937838 0.00615161852257 0.00615161852257
0.222630477621 1.16914336601 -0.0196823665576 -0.0196823665576
0.377164126648 0.0595418291287 0.0254895289727 0.0254895289727
1.36563783652 0.516997471611 -0.0244232188356 -0.0244232188356
0.792859376038 1.10081542467 0.018490381429 0.018490381429
1.07822274733 0.902976107013 -0.010267146141 -0.010267146141
0.995787807323 -0.065401943204 0.00226456617359 0.00226456617359
1.04634154596 -0.143810745076 0.00361792790843 0.00361792790843
0.159926687656 1.02077420865 -0.00644016670282 -0.00644016670282
0.492519152775 0.299131295973 0.00630683663085 0.00630683663085
0.918917114508 0.280122171411 -0.00418916393371 -0.00418916393371
-0.381162046102 1.20518933403 0.00154118202894 0.00154118202894
0.23168267176 0.930906363584 0.000185079310501 0.000185079310501
1.0 1.0 1.63268091857e-18 1.63268091857e-18
0.186714191362 1.03862863095 -0.00230499342272 -0.00230499342272
-0.251720865507 0.943676107439 0.00606257038076 0.00606257038076
0.371851894346 1.05645306241 -0.0098859819914 -0.0098859819914
-0.669274808438 0.958450025132 0.0120433499686 0.0120433499686
-0.753419773546 1.0166385521 -0.0109624218013 -0.0109624218013
0.00725683794568 1.00533278173 0.0057443539056 0.0057443539056
-0.0362793707002 1.02146138037 0.00344126131754 0.00344126131754
0.887061628629 0.17539515573 -0.015184560309 -0.015184560309
1.00121359129 0.363662159337 0.0269427625693 0.0269427625693
0.821822727865 1.50694926834 -0.0354192421948 -0.0354192421948
-0.713256434159 0.394243038177 0.0371413823859 0.0371413823859
-0.832843745722 0.0727813743391 -0.0291091680116 -0.0291091680116
-1.07106857578 -0.0352223506558 0.00934807165666 0.00934807165666
-1.19251982647 -0.103386541841 0.0228321592718 0.0228321592718
-0.390264268097 0.856646911041 -0.0671606763483 -0.0671606763483
-2.24634637034 1.16943125089 0.124063273345 0.124063273345
1.82514878953 -0.202268398696 -0.201444152009 -0.201444152009
1.85479994877 -3.92953482536 0.367369856683 0.367369856683
0.561415586452 1.81245870361 0.963336072061 0.963336072061
