7.94020875126 7.26804712486 0.24928242844 0.245833145095
0.187745205989 0.995408606712 -0.0964789061861 -0.0947455468692
0.769874748852 0.907907780707 0.0553849350071 0.0552259738017
0.247650812879 0.327549959568 -0.0355464556494 -0.0368545286122
0.759867538001 0.574851493341 0.0234399995254 0.0261348737634
0.102309347388 0.659725675332 -0.0150143732496 -0.0190381481304
-0.435151464308 1.20561262373 0.00862560514826 0.0139394906291
-1.23013299125 0.203933847131 -0.00347503431456 -0.0100573056201
-0.818445417533 0.703237173474 -0.000876224074967 0.00696866760932
-1.15142713512 0.410315795323 0.00469300896653 -0.0044244082462
-0.899270737669 1.35369132791 -0.00814815429806 0.00226786147141
-0.597351395378 0.68909313069 0.0113629369467 -0.000395255485397
0.464985490696 1.32953371605 -0.0144289823905 -0.00126520376413
0.873101694096 0.287927927966 0.0174213063557 0.00276511106945
1.13585760374 0.0589691807475 -0.0204070313079 -0.00414285865431
0.870492251301 -0.0763079390828 0.0234522046835 0.00542798947056
1.11804379842 0.0132051073912 -0.0266283175016 -0.00664402338207
0.898797323682 -0.803839546314 0.0300199855558 0.00781037088693
1.07371674398 0.188630307648 -0.0337357145752 -0.00894368994093
0.987448038048 -0.838134809496 0.0379250241339 0.0100589023247
0.610607814466 -0.222173472152 -0.0428084456431 -0.0111700096904
-0.203153516937 -1.37618802513 0.0487348739843 0.0122908082015
0.121761111088 -0.662939142145 -0.0563021599128 -0.0134355809901
-0.0392343076894 -1.36530652983 0.0666423995872 0.0146198434597
-0.23389264483 -0.398673688792 -0.082214165793 -0.0158612265242
-0.625927359459 -0.705229095971 0.109599688691 0.0171806101899
-0.610399240857 -0.118407486773 -0.174561970409 -0.018603673053
-0.920872359245 0.0148814581712 0.582292967814 0.0201631204213
1.82062495881 -0.690771583153 0.294673545924 -0.0219020318993
0.890243216796 -1.1798321918 -0.0937628083731 0.0238791056921
0.596511295229 -0.837543502714 0.0433986861359 -0.0261772408813
0.409665915682 -1.16128272841 -0.0188270372899 0.028918284583
0.165327186413 -0.826534068184 0.00286396415805 -0.0322898664798
-0.996844294176 -0.490459684289 0.00972129120693 0.0365977632658
-0.926734554559 -0.506346575235 -0.0214193965501 -0.0423775305172
-1.06247566963 0.733369559403 0.0341941910883 0.0506619303805
-0.995401125942 0.0280146600367 -0.0508298240074 -0.0637348139745
-0.427799710101 0.542480636593 0.0778764454824 0.0878531107986
-0.816604267299 0.272874594343 -0.141049604064 -0.148548755717
-0.63267002326 -0.193502143975 0.608417888684 0.613769121283
