10.0 8.0 0.0 0.0
1.4909202226 0.476546167682 -0.0253141048256 -0.0253141048256
0.516994512521 -1.40164901744 0.0332659354587 0.0332659354587
1.46210103105 0.220288693096 -0.0362587720026 -0.0362587720026
0.570010695293 -0.236866991199 0.0369108382567 0.0369108382567
1.38393207849 0.157253043924 -0.0361501990165 -0.0361501990165
0.697540119548 0.4803016204 0.0344217922128 0.0344217922128
0.794762173269 1.31360922277 -0.0319938149118 -0.0319938149118
-1.05703354894 0.78208910042 0.0290596878669 0.0290596878669
-0.418209014725 1.12427023609 -0.0257777985526 -0.0257777985526
0.232187376377 1.00968730958 0.0222883367499 0.0222883367499
-0.602678868818 0.581628107059 -0.0187204813349 -0.0187204813349
-0.637826959032 0.140351247605 0.0151951088208 0.0151951088208
-0.196962731143 1.25769478976 -0.0118252866554 -0.0118252866554
-0.934894121177 0.913114536352 0.00871564465372 0.00871564465372
0.046821501771 0.872561667033 -0.00596120272135 -0.00596120272135
-1.14931679 -0.0674560134861 0.00364598765306 0.00364598765306
0.279963640145 1.23586645611 -0.00184164613246 -0.00184164613246
-0.189600225196 0.833270673307 0.000606191786493 0.000606191786493
-0.97067094956 0.0202524943842 1.70171802408e-05 1.70171802408e-05
-9.34924652316e-17 1.0 1.31473779232e-17 1.31473779232e-17
0.025001201205 1.02820700266 -0.000669476158262 -0.000669476158262
-0.0769694113163 0.939209414469 0.00198791492502 0.00198791492502
0.906521883154 1.13633342667 -0.00393652709454 -0.00393652709454
1.01789189233 0.09073263806 0.00648210809613 0.00648210809613
1.02472956132 0.0327121431554 -0.00957838123253 -0.00957838123253
0.935042229556 -0.101785641265 0.0131678423169 0.0131678423169
1.10715311122 0.170266720524 -0.0171841694633 -0.0171841694633
0.848156535762 -0.254385670878 0.0215553218912 0.0215553218912
1.19850783261 0.38812053303 -0.0262075748865 -0.0262075748865
0.753760042191 -0.851367319172 0.0310709939191 0.0310709939191
1.29398007321 -0.440543915516 -0.0360874046928 -0.0360874046928
0.6593710584 -0.084525660661 0.0412231944778 0.0412231944778
1.38512963001 0.221558420672 -0.0464924997795 -0.0464924997795
0.573443411898 -0.304485620914 0.0520054167113 0.0520054167113
1.46426516814 0.369837806328 -0.0580856588842 -0.0580856588842
0.501730134423 -0.432685308306 0.0656228342677 0.0656228342677
1.53069610532 0.530369612324 -0.0775032922379 -0.0775032922379
0.423723573683 0.599082282073 0.109090639409 0.109090639409
0.478246877053 0.355798951191 0.995887062876 0.995887062876
