13.2918195818 6.60996092721 0.23025087348 0.228394319123
-1.36444056212 -0.895131471563 -0.0884013113798 -0.0887608147718
-0.672102876924 0.391316974294 0.0488409796977 0.0512593452856
-1.29670377395 0.493766689299 -0.0293212485895 -0.0336839201125
-0.753138953111 0.0862160329123 0.0171593870641 0.0233866599225
-0.559454993736 0.588649635524 -0.00851037030602 -0.0165524236952
-0.715826129821 0.136670433847 0.00179985441786 0.0116338917405
-0.744066477068 0.400038736734 0.00374502557101 -0.00788410197502
-0.334808521177 1.27317086852 -0.00855587248373 0.00489785545886
-0.0559034718278 0.802752632872 0.012900503481 -0.00243598046027
1.58932105182 1.12527248859 -0.0169625430032 0.000347875480408
0.283397105441 0.112835453159 0.0208822040192 0.00146633425725
0.767471643718 1.19990409684 -0.0247807396521 -0.00307581770902
0.822597534723 0.878613061542 0.02877896293 0.00453032886127
-0.0526991490067 0.883936961773 -0.0330166831212 -0.00586692218603
-1.36211398319 -0.283543570242 0.0376812043595 0.00711413563019
0.0479511444036 0.96317510519 -0.0430614055804 -0.00829470912487
-1.32699588664 -0.250776499536 0.0496731303799 0.00942742743286
-0.151870777214 0.816398581102 -0.0586168807216 -0.010528428379
-0.809793912408 0.985801377894 0.0729393965839 0.0116121843579
0.100529960006 1.04228927143 -0.106410927353 -0.0126922919665
0.219816335581 0.350696216046 0.769892444684 0.0137821651972
3.34950187489 0.614786606553 0.0119449338073 -0.014895708922
0.414550940847 -0.014328210806 0.0354269861539 0.0160480456724
0.613567474682 -0.88374741657 -0.0614464832057 -0.0172563788722
-0.45857732233 -0.946382138047 0.0910063169817 0.0185411027431
0.400091652765 -1.20104472158 -0.145176231652 -0.0199273215981
-0.356910101848 -0.421663280037 0.351738918709 0.0214470371144
0.298388201479 -1.59350632285 0.554392055295 -0.0231424380784
0.421485938178 -1.02837610628 -0.12602695876 0.0250710596276
1.41253197358 0.121773051214 0.0569434040378 -0.0273142361881
0.633303096384 -0.867916445913 -0.0264531845269 0.0299916458781
1.33253996729 -0.37238066716 0.0076115784959 -0.0332878186546
0.721543130824 -1.43180320115 0.00670846853341 0.0375039671711
0.708475201607 -0.615167185821 -0.0195830610671 -0.0431687657929
0.320384558971 -0.539267616236 0.0332054997701 0.0513046593655
0.259297775589 -0.851464140179 -0.0504620976968 -0.0641823695324
0.39689336363 -1.12351272162 0.0779742038666 0.0880672546544
0.378864501792 -0.955809802509 -0.141916464075 -0.14891272833
-0.314371663089 -0.511294593536 0.649024312672 0.653308608648
