11.9534349501 5.58590675001 0.188542338346 0.18402748378
-1.36010660391 0.127423140629 -0.0779216454294 -0.0718658719778
-0.674600957301 1.28923949488 0.0474871962659 0.0400379628756
-0.663090269853 0.763165452688 -0.0335880632102 -0.0248575745586
0.527664109292 1.21838706012 0.0258103616836 0.0158836368426
-0.531366167928 0.790378129154 -0.0209543542149 -0.00989472163643
0.586691578609 1.20507588677 0.0177153238683 0.00556816886198
-1.43245701228 0.797120457223 -0.0154651604463 -0.00226042978669
-0.20830094047 1.20226729045 0.0138666967157 -0.0003795313902
-0.899037029031 0.797071544915 -0.0127249249916 0.00255977509992
-0.00409402470588 1.20479664803 0.0119213086425 -0.00441173932052
-0.346151572097 0.792026010799 -0.011381846807 0.0060228229432
0.72349099533 1.21265001508 0.0110604691235 -0.00745369309225
0.195034985924 0.781529962727 -0.0109300797174 0.00874807774278
0.910013102995 1.21529243664 0.0109777950609 -0.00993860635755
0.85578090775 -0.228320693609 -0.0112027761891 0.0110504570345
1.22243272819 0.319095771914 0.0116159862554 -0.0121037324152
0.729948739954 -0.883816801644 -0.0122417897992 0.0131150742864
0.599272175705 -0.775261905042 0.0131218514925 -0.014098813056
0.321033536349 -0.365150811224 -0.0143225559496 0.015067833218
0.719720259537 -0.983611224633 0.0159485924399 -0.016034272771
0.250276680853 -1.0780893291 -0.0181684331218 0.0170101405852
-0.120665086218 -0.895213766753 0.021264904497 -0.0180079198383
-0.901027732287 -1.12242602354 -0.0257443266441 0.019041223005
0.400740544496 -0.860072686831 0.0326010363162 -0.0201255737216
-1.04009043704 -1.17089097894 -0.0440736687034 0.0212794160923
0.0451536237706 -0.686559180234 0.0664337493456 -0.0225255006388
-1.42808956268 -0.0103165374072 -0.126324926715 0.0238928848492
-0.0674017134466 0.0388636774604 0.703802326933 -0.0254199493029
1.43642292608 -0.770958067333 0.232346794062 0.0271591392176
1.32191469905 -0.268072976886 -0.109391749114 -0.0291847534313
0.686239405908 -0.752599158278 0.0769920525139 0.0316063868883
1.31361801139 0.382207094458 -0.0634693795057 -0.0345935193438
0.686180024809 -0.461003939539 0.0575694922836 0.0384238101889
1.3114729531 -0.527742298604 -0.0562512095433 -0.0435869220644
0.699341310885 0.0208483413914 0.0590241043122 0.0510360830892
1.24759453037 -0.0313512879884 -0.0673253414142 -0.0629089956628
-0.148399931391 -0.86544855967 0.0867687621892 0.085200901599
1.52950628217 0.199082929351 -0.142847282746 -0.143630455072
-0.055943159244 -0.146698338015 0.738085822896 0.740865022728
