17.2522295981 4.70093340023 0.0878094067108 0.0878094067108
-1.39534539791 -0.224902302733 -0.0299737243302 -0.0299737243302
-0.651781186135 0.327473668454 0.0120390973011 0.0120390973011
-1.29308497547 1.15348078333 -0.00322348195754 -0.00322348195754
-0.810433277875 0.425237855318 -0.00207029023193 -0.00207029023193
-0.605299865566 0.507248770755 0.00563791865112 0.00563791865112
-0.355305506508 0.499191147576 -0.0082327891933 -0.0082327891933
-0.609448813132 0.522617627048 0.0102266236483 0.0102266236483
-0.519986980074 1.31026486163 -0.011824197472 -0.011824197472
-1.23940199267 0.749091890967 0.0131477865421 0.0131477865421
0.20398006679 1.21703122103 -0.0142750899139 -0.0142750899139
-1.24314981601 0.806400162698 0.0152580228411 0.0152580228411
0.658784498978 1.17545831013 -0.0161327714552 -0.0161327714552
-0.555788989843 0.83983390615 0.0169255156343 0.0169255156343
0.503387119869 1.1459977291 -0.0176558596291 -0.0176558596291
-0.467746420058 0.870081213026 0.0183389840367 0.0183389840367
0.45626670349 1.09195660042 -0.0189870538115 -0.0189870538115
0.692420722617 -0.182159866311 0.0196101795032 0.0196101795032
1.07945633563 0.314597920746 -0.0202171052344 -0.0202171052344
-0.170510465012 1.12375882765 0.0208157301381 0.0208157301381
1.6058263852 0.54393558652 -0.0214135333118 -0.0214135333118
0.488231203737 -0.176258430972 0.0220179527486 0.0220179527486
1.46179137334 0.115055638506 -0.0226367598356 -0.0226367598356
0.57955496018 -0.0820001259588 0.0232784701722 0.0232784701722
1.37293871721 0.050266628122 -0.0239528384101 -0.0239528384101
0.705144641877 -0.00016655434099 0.0246715016407 0.0246715016407
1.04368724565 -0.185760039451 -0.0254488679072 -0.0254488679072
-0.0831279447402 -1.16813692338 0.0263034048467 0.0263034048467
1.15461449046 -0.901804297342 -0.0272595910423 -0.0272595910423
-0.705547468505 -1.06056261362 0.0283509973236 0.0283509973236
0.646118113543 -0.97217493647 -0.0296253730734 -0.0296253730734
-1.37398668969 -0.992013876519 0.0311534737046 0.0311534737046
-0.56144803874 -0.153421490404 -0.0330453170173 -0.0330453170173
-1.43659105879 0.298233389495 0.0354823822929 0.0354823822929
-0.574900355469 0.668269288499 -0.0387875907689 -0.0387875907689
-1.41004269943 0.358617048895 0.04359740178 0.04359740178
-0.608792096759 0.619258154609 -0.0513657886783 -0.0513657886783
-1.36448802073 0.397210379468 0.0663005423375 0.0663005423375
-0.689766540043 0.607031132922 -0.107755572169 -0.107755572169
-0.511790910845 -0.339171685795 0.891807092478 0.891807092478
