10.0 7.0 4.20084387696e-17 4.20084387696e-17
1.68807333174 0.564572153095 -0.0387739529946 -0.0387739529946
0.380830998669 -0.547918757809 0.0512034122389 0.0512034122389
1.53056813954 0.515106610182 -0.0557108302197 -0.0557108302197
0.581028911157 -0.459142657987 0.0562728570465 0.0562728570465
1.27109669011 0.351277214734 -0.0543227039723 -0.0543227039723
0.96706351732 0.111907624223 0.050565236266 0.050565236266
0.231632649024 1.53116897334 -0.0454420084493 -0.0454420084493
-1.11822505147 0.595943648227 0.0392864535487 0.0392864535487
0.405931180379 1.3010159279 -0.032384035739 -0.032384035739
-0.174434206287 0.807708938072 0.024997171394 0.024997171394
-0.0274341289019 1.03532853611 -0.0173751995037 -0.0173751995037
-1.06319427805 -0.130005740935 0.00975735611871 0.00975735611871
0.0380781394757 1.0659192701 -0.00237226171898 -0.00237226171898
0.0289184113829 1.13365130342 -0.00456436229954 -0.00456436229954
0.789181139236 -0.183484250505 0.0108528231536 0.0108528231536
1.18205581371 1.14619829875 -0.0163128852412 -0.0163128852412
0.907702672978 -0.0413030135366 0.0207871453423 0.0207871453423
0.462553471326 0.878326923105 -0.024144110531 -0.024144110531
0.251439049632 0.338893268321 0.0262808009946 0.0262808009946
1.05481765462 0.37392773622 -0.0271247442289 -0.0271247442289
-0.587808096963 1.17433713568 0.0266352593538 0.0266352593538
0.438353494485 0.931302206017 -0.0248039550539 -0.0248039550539
-0.329662470338 1.0285934071 0.0216543833936 0.0216543833936
0.229129540168 0.982259227821 -0.0172408038475 -0.0172408038475
-0.129228461787 1.02344853154 0.0116460144956 0.0116460144956
0.0318117131657 0.967157342944 -0.00497819442303 -0.00497819442303
-0.947702096236 0.0110246681508 -0.00263333900444 -0.00263333900444
-1.1699726204 0.868687183857 0.0110436460451 0.0110436460451
-0.725572328851 0.410597920744 -0.0200993350737 -0.0200993350737
-1.37252579862 -0.492912307056 0.0296481758853 0.0296481758853
-0.536469552832 1.17448020676 -0.0395528311575 -0.0395528311575
-1.54568406872 0.128197790623 0.0497124394316 0.0497124394316
-0.382950870531 0.2076829448 -0.0601009854277 -0.0601009854277
-1.67568021772 -0.325825847748 0.0708461268973 0.0708461268973
-0.280436021318 0.402169075494 -0.0824207239241 -0.0824207239241
-1.74616707946 -0.459692003726 0.0962176704529 0.0962176704529
-0.249715016315 0.504061168891 -0.116907271432 -0.116907271432
-1.70689642148 -0.536797935044 0.170159050841 0.170159050841
0.867059835737 0.558083224069 0.990779592424 0.990779592424
