14.0 10.0 0.0 0.0
2.38904166894 3.02919602939 -0.0995788526973 -0.102859012948
-3.64759293004 -0.582006490401 0.106139600382 0.113895064445
0.6905128145 2.02028976392 -0.0754005899775 -0.0857067666516
-1.74740576888 0.543046634799 0.0339589436473 0.0419933981273
-1.0 1.0 -1.38777878078e-17 -1.38777878078e-17
0.104696513049 1.26665799465 -0.0169357945521 -0.0286941013192
0.318471955879 0.71067969541 0.0167641048937 0.0392619469173
1.30087892722 0.958885258814 -0.00703530978767 -0.0334456179925
0.96590076573 -0.205348024975 -0.00144338409126 0.0176607693
1.0 1.0 -2.77555756156e-17 -1.38777878078e-17
-0.720002580369 1.36239292465 0.0135528392455 -0.012801984516
-0.545169294573 0.458389355027 -0.0332885775378 0.0174194959284
-0.132186349821 1.53348124794 0.0468595314466 -0.0144154849845
-1.1289438915 0.659196250336 -0.0397414064725 0.00718920978687
-1.0 1.0 0.0 0.0
-1.20466760034 1.42053161537 0.07968779845 -0.00403012898267
0.0115365899011 0.177106028865 -0.210762002478 0.00411084549591
-0.628747937823 2.00412180106 0.502214745871 -0.00175271055308
1.03243843063 -1.77346819529 0.935008353658 -0.00036070686957
5.0 -7.0 -2.60208521397e-18 -3.46944695195e-18
1.9419396659 -1.54309998631 -0.0995788526973 0.00328016025086
0.416756946295 0.792703112999 0.106139600382 -0.00775546406325
0.949211220281 -2.2040294904 -0.0754005899775 0.0103061766742
-0.0712081129272 -0.288240181808 0.0339589436473 -0.00803445448003
1.0 -7.49400541622e-16 -2.77555756156e-17 -5.20417042793e-18
0.268854307194 -1.18101997577 -0.0169357945521 0.011758306767
0.298284151168 -0.0873135555565 0.0167641048937 -0.0224978420236
1.31617592189 -0.394755138935 -0.00703530978767 0.0264103082049
0.899587969577 -1.09340147349 -0.00144338409126 -0.0191041533913
1.0 -1.0 0.0 -6.93889390391e-18
1.03906903 -0.146418533783 0.0135528392455 0.0263548237615
0.536675527887 -0.397454650861 -0.0332885775378 -0.0507080734663
-0.138828931812 -1.06450336561 0.0468595314466 0.061275016431
1.38727969335 0.256767663706 -0.0397414064725 -0.0469306162593
-2.22044604925e-16 -1.0 6.93889390391e-17 1.12757025938e-17
-0.117408279395 -0.722638299395 0.07968779845 0.0837179274327
3.14009344422 0.750557388582 -0.210762002478 -0.214872847973
-2.24017402141 -2.7941849496 0.502214745871 0.503967456424
3.31493015529 2.53387954665 0.935008353658 0.935369060527
