8.42519413072 3.00060402912 0.218560768295 0.218560768295
-0.233355655838 1.1340076531 -0.0852006975277 -0.0852006975277
-0.279153134846 0.356936065677 0.0488980614404 0.0488980614404
-0.775118297172 0.732651251057 -0.031812598788 -0.031812598788
-0.182836797259 1.19073680086 0.0217809824839 0.0217809824839
-0.891801175294 0.796591361585 -0.0151142914981 -0.0151142914981
0.144828637843 1.27132701779 0.0103120071963 0.0103120071963
-0.639325413221 0.325927608878 -0.00664840296605 -0.00664840296605
-0.267056968833 0.753957970154 0.00372928168742 0.00372928168742
0.0178306479211 0.98085181386 -0.00132173685447 -0.00132173685447
0.024984813801 1.12830339614 -0.000721001106101 -0.000721001106101
0.5635538787 0.161135370134 0.00249632730477 0.00249632730477
0.456894447093 1.10849485743 -0.00407172988461 -0.00407172988461
0.939662130039 0.375917878854 0.00549577732455 0.00549577732455
1.09992993019 0.0909639877544 -0.00680465767718 -0.00680465767718
0.883542170013 0.694762752734 0.0080262541944 0.0080262541944
1.12723879889 -0.0685373106065 -0.00918279554898 -0.00918279554898
0.863830395728 0.0338507817714 0.0102926534404 0.0102926534404
1.14501140285 1.19521124203 -0.0113716195655 -0.0113716195655
0.844718376504 0.249533095958 0.0124338644718 0.0124338644718
1.16925378307 -0.624537134918 -0.0134927097808 -0.0134927097808
0.808078223332 -0.521299491464 0.0145613069723 0.0145613069723
1.23902410853 -0.358650490555 -0.0156532978063 -0.0156532978063
0.590226831952 -0.90208575846 0.0167835279901 0.0167835279901
0.544537174066 -0.59120106031 -0.0179688958407 -0.0179688958407
0.380136009849 -0.524960626897 0.0192294444922 0.0192294444922
-0.1218290404 -1.16693341235 -0.0205898580808 -0.0205898580808
0.109431012559 -0.932657859796 0.0220816170885 0.0220816170885
-0.728562037285 -0.963946587783 -0.0237462419042 -0.0237462419042
-1.08922139023 -0.290957256914 0.0256403825268 0.0256403825268
-0.954611766623 -0.662084150231 -0.0278441627246 -0.0278441627246
-1.00402344963 0.248954859461 0.0304755474672 0.0304755474672
-1.07777112672 -0.231419334902 -0.0337165508304 -0.0337165508304
-0.436084690282 0.640997324787 0.0378645340365 0.0378645340365
-0.705849477358 0.354794809967 -0.0434419954595 -0.0434419954595
-0.834865764522 0.878960748435 0.0514609896811 0.0514609896811
-0.29410474502 1.09592371925 -0.0641742834283 -0.0641742834283
-0.546971071211 0.891213070624 0.0878213422685 0.0878213422685
0.363390022767 1.16436546888 -0.148458070257 -0.148458070257
-0.308384554303 0.315628872224 0.674131667908 0.674131667908
