10.0269181761 6.45809494995 0.0878094067108 0.0878094067108
-0.203018408222 0.837648518768 -0.0299737243302 -0.0299737243302
0.155870924501 1.17492553294 0.0120390973011 0.0120390973011
-0.0684371004035 0.816214320241 -0.00322348195754 -0.00322348195754
-0.369986957398 1.19190887576 -0.00207029023193 -0.00207029023193
-0.760947508052 0.799769019071 0.00563791865112 0.00563791865112
0.465744289535 1.20933000333 -0.0082327891933 -0.0082327891933
-1.1618782882 0.780175512799 0.0102266236483 0.0102266236483
0.126695211241 1.23262486974 -0.011824197472 -0.011824197472
-0.12701941785 0.750652962982 0.0131477865421 0.0131477865421
0.050005204531 1.27337769938 -0.0142750899139 -0.0142750899139
0.295621787042 0.68643477978 0.0152580228411 0.0152580228411
0.770541247855 1.40407079216 -0.0161327714552 -0.0161327714552
0.163571400493 0.0257243972788 0.0169255156343 0.0169255156343
1.48923828399 0.916378507218 -0.0176558596291 -0.0176558596291
0.59474754576 0.079147826976 0.0183389840367 0.0183389840367
1.36533614158 0.0824249690456 -0.0189870538115 -0.0189870538115
0.658644425961 -0.144088055134 0.0196101795032 0.0196101795032
1.32510103493 0.189466934337 -0.0202171052344 -0.0202171052344
0.686723216676 -0.241433534534 0.0208157301381 0.0208157301381
1.30429764979 0.338635070895 -0.0214135333118 -0.0214135333118
0.702744044606 -0.912252904642 0.0220179527486 0.0220179527486
1.29129752504 -0.144788460746 -0.0226367598356 -0.0226367598356
0.716036266138 -0.858104450019 0.0232784701722 0.0232784701722
0.366315082446 -0.98476373905 -0.0239528384101 -0.0239528384101
-0.349942084875 -1.06835628194 0.0246715016407 0.0246715016407
0.398038511888 -0.901955108315 -0.0254488679072 -0.0254488679072
-0.698899021334 -1.11869950051 0.0263034048467 0.0263034048467
-0.460131806232 -0.864709216209 -0.0272595910423 -0.0272595910423
0.0929871156942 -1.15034728715 0.0283509973236 0.0283509973236
-0.661974824123 -0.834152133017 -0.0296253730734 -0.0296253730734
-1.17550795101 -1.18440744773 0.0311534737046 0.0311534737046
-0.885264611403 -0.788381049687 -0.0330453170173 -0.0330453170173
-0.973044760388 -1.26613329981 0.0354823822929 0.0354823822929
0.0174145068007 -0.518691120784 -0.0387875907689 -0.0387875907689
-1.33909961358 -0.362503058189 0.04359740178 0.04359740178
-0.73953826666 -1.13995162686 -0.0513657886783 -0.0513657886783
-1.21603628649 -0.448172741332 0.0663005423375 0.0663005423375
-0.842676199593 0.222364973367 -0.107755572169 -0.107755572169
-0.363819820146 -0.204146167049 0.891807092478 0.891807092478
