10.0215064381 10.0938260181 0.140885425841 0.140885425841
0.024273152368 0.957937508662 -0.0538003035115 -0.0538003035115
-0.373080902757 1.08207222772 0.027992846759 0.027992846759
-0.658226090933 0.897153642206 -0.0155049531587 -0.0155049531587
-0.349663629599 1.11574036786 0.00806738530174 0.00806738530174
-0.578268447 0.874866609673 -0.00308071452521 -0.00308071452521
0.554287494661 1.13402320259 -0.000533353403678 -0.000533353403678
-0.923032716064 0.852534509229 0.0033029534943 0.0033029534943
0.307767627482 1.18710374578 -0.00551751559194 -0.00551751559194
1.05867939259 0.158128951819 0.00734918847405 0.00734918847405
1.04765907924 -0.0308946676037 -0.00890702442267 -0.00890702442267
0.917353586989 0.0715091797549 0.0102637019769 0.0102637019769
1.08826802358 -0.420495311353 -0.0114697687103 -0.0114697687103
0.946521821804 -0.612100343306 0.0125617224591 0.0125617224591
0.387872571005 -0.386403635418 -0.013566842725 -0.013566842725
0.635210105744 -0.601979712781 0.014506214049 0.014506214049
1.32609417811 -0.427382683551 -0.0153966995947 -0.0153966995947
0.412120101139 -0.492037754789 0.016252285216 0.016252285216
0.00757860651098 -1.05920460154 -0.0170850387073 -0.0170850387073
0.596062891993 -0.322652793828 0.0179058342759 0.0179058342759
0.465959338571 -0.699488450774 -0.0187249403165 -0.0187249403165
0.561693528162 -1.22513575107 0.0195525406985 0.0195525406985
0.113307686439 -0.793299571424 -0.0203992469357 -0.0203992469357
-0.201441351252 -1.19998801492 0.0212766568857 0.0212766568857
0.887010868867 -0.801554123214 -0.0221980245161 -0.0221980245161
-0.755825731944 -1.20169027446 0.0231791274333 0.0231791274333
-0.0155379333405 -0.785763480362 -0.0242394613449 -0.0242394613449
0.0556838923881 -1.26023626298 0.025403968069 0.025403968069
-0.528193162872 -0.286907342706 -0.0267056461297 -0.0267056461297
-1.1544238213 0.018898160435 0.0281896633176 0.0281896633176
-0.9517915226 -0.0301095663603 -0.0299201277681 -0.0299201277681
-0.803711559321 0.237579618452 0.0319918043258 0.0319918043258
-0.233338002993 0.745914044779 -0.0345516133786 -0.0345516133786
-0.744804882008 0.261398663385 0.0378410226694 0.0378410226694
-0.270183346926 0.736338164564 -0.0422876442392 -0.0422876442392
-0.717782593467 0.262136710904 0.0487287063762 0.0487287063762
-0.294320058385 0.743243735108 -0.059057919022 -0.059057919022
-0.688276428308 0.246203455898 0.0786636250583 0.0786636250583
-0.356266862577 0.773199588184 -0.131405960915 -0.131405960915
0.0165919912124 0.187516237368 0.81377145957 0.81377145957
