12.0 7.0 2.33731163079e-17 0.0
1.65140419772 -0.611182396569 -0.030648585004 -0.0253141048256
0.317759859537 -0.508543333454 0.0422475660231 0.0332659354587
1.68795717655 0.492782406429 -0.0475337545649 -0.0362587720026
0.326101972438 -0.502557258811 0.0493661824374 0.0369108382567
1.64273953184 0.5339651259 -0.0488638138416 -0.0361501990165
0.404717462886 -0.625772887609 0.0466354306429 0.0344217922128
1.52810600089 1.242446619 -0.0430985048521 -0.0319938149118
0.582436821204 0.0283490146276 0.0385879105505 0.0290596878669
0.965490294783 0.665343457159 -0.0333990708083 -0.0257777985526
-0.661798699836 0.979299975412 0.0278061775512 0.0222883367499
0.866404808411 1.09282094473 -0.0220695235227 -0.0187204813349
0.613190231514 0.881267716276 0.016437609582 0.0151951088208
-0.382080940563 1.13134133389 -0.0111466257383 -0.0118252866554
-0.957305427202 0.856599681068 0.00641864793285 0.00871564465372
0.29106602662 1.16889366444 -0.00245933166648 -0.00596120272135
-0.264771839943 0.733539972109 -0.000544380153012 0.00364598765306
-1.04424453326 0.0627244243446 0.00242613896661 -0.00184164613246
-0.982301647238 1.06825656486 -0.00304130501037 0.000606191786493
-1.01067740042 0.991883351349 0.00226691218618 1.70171802408e-05
-1.0 1.0 5.25895116928e-17 1.31473779232e-17
-0.996015960933 0.0342082086591 -0.00384639107439 -0.000669476158262
-0.173828520705 0.821641728181 0.00935070379942 0.00198791492502
0.256816452487 1.22493240784 -0.016595849414 -0.00393652709454
-1.06359222677 0.0163203060742 0.0256915365975 0.00648210809613
-0.768108789268 0.0920125237389 -0.0368137814372 -0.00957838123253
-1.35363383176 -0.14127293956 0.0502788747679 0.0131678423169
-0.519548520499 0.181762300625 -0.0666936235928 -0.0171841694633
-1.62327682338 -0.221544242376 0.0872959061356 0.0215553218912
-0.208860230809 0.263621176584 -0.114850725703 -0.0262075748865
-1.99980798365 -0.310901392891 0.1565767489 0.0310709939191
0.283009083963 0.369621208373 -0.237808836694 -0.0360874046928
-2.6596800469 -0.46099401286 0.545360451836 0.0412231944778
4.41904883231 0.732261357295 0.76361328844 -0.0464924997795
7.41803080778 0.54007116274 -0.145322131912 0.0520054167113
0.0963457266615 0.158458085271 0.0407930212233 -0.0580856588842
1.09201216439 -0.27100734906 0.00852521072445 0.0656228342677
1.26257285355 0.324462697193 -0.0440588626123 -0.0775032922379
0.512063517106 -0.35643691525 0.0909604385412 0.109090639409
0.504891179418 0.37395689322 1.00341949866 0.995887062876
