20.0 6.0 4.20084387696e-17 4.20084387696e-17
2.66581755108 1.4836589342 -0.0387739529946 -0.0387739529946
-1.51871573056 0.472600685088 0.0512034122389 0.0512034122389
1.5531653071 1.55228282531 -0.0557108302197 -0.0557108302197
-1.52691959786 0.438497370457 0.0562728570465 0.0562728570465
1.47112177277 1.5562250027 -0.0543227039723 -0.0543227039723
-1.40033589699 0.462864548362 0.050565236266 0.050565236266
1.34360757322 1.50482595548 -0.0454420084493 -0.0454420084493
-1.48247072231 0.54010831037 0.0392864535487 0.0392864535487
-0.0337419133846 1.40289961542 -0.032384035739 -0.032384035739
-0.423545265229 0.665762432196 0.024997171394 0.024997171394
0.276979967845 1.25374465592 -0.0173751995037 -0.0173751995037
-1.33282653497 0.840257742658 0.00975735611871 0.00975735611871
-0.909656725384 1.04575102604 -0.00237226171898 -0.00237226171898
0.12557141257 1.11810658199 -0.00456436229954 -0.00456436229954
-1.21709613653 -0.169921922937 0.0108528231536 0.0108528231536
0.203121668465 1.14915648185 -0.0163128852412 -0.0163128852412
-1.0510041993 -0.0707511672151 0.0207871453423 0.0207871453423
-0.697617219546 0.944244303425 -0.024144110531 -0.024144110531
-1.41673397548 0.221595286473 0.0262808009946 0.0262808009946
-0.518382546341 0.57969794142 -0.0271247442289 -0.0271247442289
-1.51142341888 0.657712177335 0.0266352593538 0.0266352593538
-0.487698108984 -0.0503456098784 -0.0248039550539 -0.0248039550539
-1.49344635337 -0.212987691154 0.0216543833936 0.0216543833936
-0.49941218568 -1.08673036186 -0.0172408038475 -0.0172408038475
-0.156242093843 -0.996999420898 0.0116460144956 0.0116460144956
0.0858278281625 -0.989144982418 -0.00497819442303 -0.00497819442303
0.0499102390091 -0.989604951886 -0.00263333900444 -0.00263333900444
-0.223978832442 -1.06133872406 0.0110436460451 0.0110436460451
0.438812864452 -0.850867065185 -0.0200993350737 -0.0200993350737
-0.732393107617 -1.31427962144 0.0296481758853 0.0296481758853
1.60279699735 0.0566596401861 -0.0395528311575 -0.0395528311575
-0.535685711196 -0.862668761476 0.0497124394316 0.0497124394316
1.46342694383 -0.337726964063 -0.0601009854277 -0.0601009854277
-0.377696235605 -0.431352834682 0.0708461268973 0.0708461268973
1.26781435023 -0.980722866046 -0.0824207239241 -0.0824207239241
-0.0382416227262 -1.22396041716 0.0962176704529 0.0962176704529
2.30048384647 -0.564413445742 -0.116907271432 -0.116907271432
-0.510493483039 -0.245529138894 0.170159050841 0.170159050841
1.46351551093 0.384586322019 0.990779592424 0.990779592424
