11.0 17.0 3.08395284618e-18 3.08395284618e-18
1.225981102 0.943034765054 -0.0512947984164 -0.0512947984164
-1.2490472299 -2.83373102732 0.0654854967475 0.0654854967475
1.82365477726 0.66602165704 -0.0671638034914 -0.0671638034914
-0.29255401876 -2.44994318527 0.0622374651096 0.0622374651096
0.366030358415 0.200521722972 -0.0533606146381 -0.0533606146381
-0.0380056233908 -1.9353419299 0.0422780161694 0.0422780161694
1.43667208912 -0.326992546893 -0.0303701033022 -0.0303701033022
0.760754796009 -1.43221006943 0.0187824884574 0.0187824884574
1.10141584175 -0.767117954184 -0.00843528207301 -0.00843528207301
1.0 -3.70074341542e-16 -6.16790569236e-18 -6.16790569236e-18
0.930874000014 -0.0271334559669 0.0061227688875 0.0061227688875
1.11025282652 -0.712199081052 -0.00981047251521 -0.00981047251521
0.866216682627 -0.704484905203 0.0112044720555 0.0112044720555
1.17203783472 1.0088223184 -0.0106736604121 -0.0106736604121
0.522334720499 0.834724457206 0.00875829969108 0.00875829969108
-0.227677666412 1.14331802042 -0.0060991304882 -0.0060991304882
0.226666643083 0.904314346341 0.00335856666438 0.00335856666438
-0.30258251444 1.04898184125 -0.00114172080001 -0.00114172080001
-0.928921073454 0.984745483316 -7.49097348613e-05 -7.49097348613e-05
-2.96059473233e-16 1.0 -6.16790569236e-18 -6.16790569236e-18
-0.938799926276 0.997943425499 0.00143643639137 0.00143643639137
-0.29286283985 1.00966076889 -0.00407087008485 -0.00407087008485
0.259327249602 1.02098920872 0.00751925832543 0.00751925832543
-0.703621731035 0.515996795807 -0.01121387611 -0.01121387611
-0.804594464965 -0.0107295324215 0.0144601958487 0.0144601958487
0.511034148518 1.69900800106 -0.0165079463602 -0.0165079463602
-0.631838179978 0.208226259781 0.0166289190243 0.0166289190243
-0.704355148086 0.414564857274 -0.0141931645695 -0.0141931645695
-0.0959099738405 0.839910905094 0.00873494383417 0.00873494383417
-1.0 -1.97372982156e-16 -1.23358113847e-17 -1.23358113847e-17
-0.0142947143535 1.03159861 -0.0120340513397 -0.0120340513397
-0.812801751653 0.776800039575 0.0271733037616 0.0271733037616
-1.09037248769 1.43639580785 -0.0450732516507 -0.0450732516507
-0.522539401787 0.377845451708 0.0653874300094 0.0653874300094
0.0541437768127 1.49710476454 -0.0880998556212 -0.0880998556212
-1.57640876141 -1.17364223765 0.114429954317 0.114429954317
1.15734488198 2.8731951393 -0.150368308578 -0.150368308578
-1.16495625238 -1.01348611931 0.233492242324 0.233492242324
1.20073536407 1.84217628639 0.983606673679 0.983606673679
