22.0 8.0 1.32026521847e-16 4.20084387696e-17
0.967486025927 0.611605002902 -0.0518604462353 -0.0387739529946
-3.00830897663 -1.44173529872 0.0735378020401 0.0512034122389
0.992857307409 0.189207427301 -0.0843335225034 -0.0557108302197
-2.92916817851 -0.359098207687 0.0887464424725 0.0562728570465
0.824014865414 0.956262557701 -0.0885625432675 -0.0543227039723
-2.68365862014 0.359082296398 0.0847581706381 0.050565236266
0.514443903823 0.303476451872 -0.078009503705 -0.0454420084493
-2.32328156516 1.23972612896 0.068870931209 0.0392864535487
0.118500016176 0.859876006281 -0.0578471649204 -0.032384035739
-1.9130749192 1.09221947575 0.0454237601388 0.024997171394
-0.250348156669 0.93978015239 -0.0320788706513 -0.0173751995037
-0.330386128451 1.03404077789 0.0182856268162 0.00975735611871
-0.940934888616 0.991037077144 -0.00450951718751 -0.00237226171898
0.0467465185336 0.978891738783 -0.00879693523501 -0.00456436229954
0.644899229432 1.08304516368 0.0212008636805 0.0108528231536
1.4933537059 0.167101155737 -0.0322962433941 -0.0163128852412
0.355579678063 -0.115706047148 0.041710942251 0.0207871453423
1.82157531875 0.179708402942 -0.0491131339021 -0.024144110531
-0.374585453626 -0.675778001741 0.0542166338238 0.0262808009946
0.99719142725 -0.695949983709 -0.056784733257 -0.0271247442289
0.663183387785 0.253383705418 0.0566320699892 0.0266352593538
1.15665253563 0.0200646519677 -0.0536239656415 -0.0248039550539
-0.529321635541 1.41772803721 0.0476724230106 0.0216543833936
0.257957484269 0.601772029895 -0.0387274998878 -0.0172408038475
-1.28901923759 0.12260095686 0.0267618104552 0.0116460144956
0.162631864969 1.0083587969 -0.0117438884889 -0.00497819442303
-0.888662339956 0.992289694964 -0.0064082981492 -0.00263333900444
-1.40819070014 1.05317353223 0.0279129285972 0.0110436460451
-0.291649116588 0.876424458565 -0.0532957264317 -0.0200993350737
-2.02628194349 1.22186684883 0.0837750585104 0.0296481758853
0.368588592274 0.635920883508 -0.122272508317 -0.0395528311575
-2.74794187172 1.60021410156 0.176727472512 0.0497124394316
1.19446246633 -0.264693930795 -0.275802480678 -0.0601009854277
-3.69990061779 1.18187986854 0.642673880592 0.0708461268973
5.79032091471 -3.54914529094 0.701925103232 -0.0824207239241
6.27637033771 -8.61627827862 -0.102276004015 0.0962176704529
1.39270860501 1.14942214399 -0.0234418443128 -0.116907271432
-0.331474860972 -1.05747047007 0.123731411375 0.170159050841
1.54828664705 0.790831118413 1.009383661 0.990779592424
