12.6237043813 5.40953569175 0.130979634469 0.106678401451
-0.572912600656 0.887559245976 -0.0599995774427 -0.0386198285181
-0.497514298539 1.12507174193 0.0366395519116 0.0178365494932
-0.0919640749804 0.869073639052 -0.0241619780695 -0.00767553570551
0.102230941424 1.136396974 0.0159588312737 0.00159110820153
0.520526162331 0.854065064187 -0.00989720786981 0.00250208821776
0.542478094666 1.16923143958 0.00506810271084 -0.00547555138759
-0.502279490705 0.740531864326 -0.00101195786744 0.00775818913588
-0.651276571331 0.252931361545 -0.00253310109979 -0.00958585460569
-1.4160494513 1.04846513024 0.00573075169792 0.0110991898635
-0.206403919969 1.00180716489 -0.00869161017766 -0.0123874688029
-0.167503626859 0.983487115662 0.0114960264883 0.0135102877648
0.214321952183 1.02181478472 -0.0142067144821 -0.0145091551538
-0.194385617447 0.974143808665 0.0168764306857 0.0154140807819
1.13365241079 1.04197538946 -0.0195531807787 -0.0162475222392
-0.212301190322 0.817017071795 0.0222842789913 0.0170268583187
1.645229757 -0.275372385978 -0.0251200998947 -0.0177660060442
-0.0755182874273 0.710429816791 0.0281182125516 0.0184765236671
0.976213050427 0.390303197775 -0.0313486719518 -0.0191683993197
0.741129357145 -0.112392264755 0.034901591481 0.0198506480202
1.36505229979 -0.000602897686483 -0.0388989075645 -0.0205317974483
0.453307717025 -1.04467773147 0.0435139288607 0.0212203202937
0.388563485245 -1.00509128354 -0.0490059848265 -0.0219250606741
-0.857153657745 -0.939755147696 0.0557863387127 0.0226557009985
-0.15911694235 -1.15812440919 -0.064554704714 -0.0234233233872
-0.870401591376 -0.138598331707 0.0766145679145 0.0242411386667
-0.0533440042111 -0.903293331763 -0.0947181618216 -0.0251254920612
-0.197023594735 -0.811420868884 0.12588587149 0.026097320507
-0.758531173806 -0.351960027692 -0.195028422495 -0.027184357638
0.0450683136304 -0.472940466134 0.503151498847 0.0284246127249
-0.0281247823699 -1.34225921622 0.597612846958 -0.0298721081928
0.5156039168 -2.45189857289 -0.160896042735 0.0316068269117
1.25545721794 0.434048675697 0.0806142449882 -0.0337530077361
0.762409461439 -0.42729174904 -0.0448836089895 0.0365153267304
0.181991884251 -0.650451128621 0.0227824553266 -0.0402573720228
-0.12590777435 -1.31671446468 -0.00552737388846 0.0456940932212
-0.16441847264 -0.689851447536 -0.0115631805262 -0.0544530895758
-1.36000882741 -1.3481135915 0.0345833276999 0.0712166405387
-0.72706336127 -0.0906811362565 -0.0855244824821 -0.117232928949
-0.534258830666 -0.119007420448 0.837656911401 0.865343171344
