14.0 9.0 0.0 0.0
10.5667436505 7.25995671812 -0.210762002478 -0.210762002478
3.2457953895 2.95658725027 -0.0995788526973 -0.0995788526973
-2.1437074383 -0.302395302477 0.07968779845 0.07968779845
-2.56820492002 -0.562629782156 0.106139600382 0.106139600382
-1.11022302463e-16 1.0 -1.11022302463e-16 -1.11022302463e-16
1.64999842633 1.99191324019 -0.0754005899775 -0.0754005899775
0.852833900416 1.50577774504 -0.0397414064725 -0.0397414064725
-0.72482566463 0.578468353717 0.0339589436473 0.0339589436473
-1.00763967331 0.429656991365 0.0468595314466 0.0468595314466
-1.11022302463e-16 1.0 1.38777878078e-17 1.38777878078e-17
0.757603657629 1.39256854677 -0.0332885775378 -0.0332885775378
0.407628553881 1.19650234247 -0.0169357945521 -0.0169357945521
-0.354912264102 0.846090934296 0.0135528392455 0.0135528392455
-0.499414651567 0.816342735604 0.0167641048937 0.0167641048937
8.881784197e-16 1.0 0.0 0.0
0.37652947046 1.05540420659 -0.00703530978767 -0.00703530978767
0.203163208179 0.992312962629 -0.00144338409126 -0.00144338409126
-0.181037886136 1.05447421768 -0.00144338409126 -0.00144338409126
-0.276255552207 1.18037242671 -0.00703530978767 -0.00703530978767
3.88578058619e-16 1.0 -1.38777878078e-17 -1.38777878078e-17
0.436721196142 0.443596263676 0.0167641048937 0.0167641048937
0.853549320219 0.00489078798899 0.0135528392455 0.0135528392455
1.05848376339 0.152484817882 -0.0169357945521 -0.0169357945521
0.772604615949 0.685582328854 -0.0332885775378 -0.0332885775378
0.0 1.0 2.42861286637e-17 2.42861286637e-17
-0.634776064067 0.921608721551 0.0468595314466 0.0468595314466
-0.414749710326 0.885522276119 0.0339589436473 0.0339589436473
0.453357408684 1.17357909958 -0.0397414064725 -0.0397414064725
0.816883726565 1.37540049027 -0.0754005899775 -0.0754005899775
2.22044604925e-16 1.0 2.77555756156e-17 2.77555756156e-17
-1.04975168575 0.412488934869 0.106139600382 0.106139600382
-0.747631276551 0.555545110835 0.07968779845 0.07968779845
0.873240004817 1.54520908686 -0.0995788526973 -0.0995788526973
1.68009385288 2.09717922614 -0.210762002478 -0.210762002478
-1.11022302463e-16 1.0 2.42861286637e-17 2.42861286637e-17
-2.59445818777 -0.932451659896 0.502214745871 0.502214745871
-2.15919984876 -1.14222344722 0.935008353658 0.935008353658
3.26079161284 1.90700382058 0.935008353658 0.935008353658
10.5905430651 6.52318055509 0.502214745871 0.502214745871
