13.6428571429 5.7380952381 -8.45884209238e-17 0.0238095238095
-1.36376522967 0.00530457017391 0.0215803334632 0.000583000741789
-0.559188280765 1.10351244038 -0.0269844988904 -0.00851511321389
-0.372087562674 0.904587924119 0.0286390092354 0.0124814417139
-0.738925020918 1.10039840846 -0.0288949401628 -0.0148849997004
0.0485421422562 0.891400503333 0.0284996958995 0.016514152402
-0.240608248689 1.11822573325 -0.0277547599725 -0.0177038481231
-0.903990248759 0.871032338918 0.0267983556549 0.0186207139904
0.013677458536 1.1411235216 -0.0256976752046 -0.0193570800385
-1.17392169887 0.844376350626 0.0244848112928 0.0199683222892
0.737474616333 1.17474383153 -0.0231724410706 -0.0204897520254
-1.09885431585 0.794922779541 0.0217611064241 0.020945030949
-0.213744592894 1.2753325282 -0.0202425483098 -0.0213506929179
0.438547825653 0.187253654748 0.0186009169263 0.0217187267508
1.38905763234 0.0505898480687 -0.0168125979246 -0.0220581292269
0.634902252549 -0.103740888217 0.0148448658037 0.0223758819255
1.35738976485 0.128843634514 -0.0126532266643 -0.0226775920543
0.645829292247 -0.142345591722 0.0101769589399 0.0229679311678
1.35315118199 0.138984793339 -0.00733184269952 -0.0232509501987
0.646045833113 0.750217249943 0.0039981371602 0.0235303192108
1.35714285714 0.261904761905 -4.22942104619e-17 -0.0238095238095
0.635153687507 -0.251816439889 -0.00493151690087 0.0240920413768
1.38501386461 0.250079281049 0.0112293634032 -0.0243815164194
0.527623783839 -0.19165529723 -0.0196378531264 0.0246819541514
0.24430092245 1.46035146825 0.0315535974133 -0.0249979549275
-0.286303494679 0.523739019048 -0.0499394731355 0.0253350203546
0.299656983408 1.55031032535 0.0823717108676 -0.0256999774643
-0.305784358143 0.313341546866 -0.155722651465 0.0261015956663
0.309087462227 1.86034066252 0.485018374467 -0.0265515234665
-0.311018781911 -3.59971993807 0.721723853357 0.0270657716102
0.31219199402 -4.10276039418 -0.23898253706 -0.0276671686087
-0.312911515461 -0.0868258123269 0.153906033522 0.0283896371375
0.313348647903 -1.4871065643 -0.118693075693 -0.0292861021864
-0.313612818952 -0.694483344268 0.0997665972533 0.0304442366887
0.313785958666 -1.20498615495 -0.0884231038893 -0.0320209154583
-0.313943017555 -0.858405297517 0.0816258326786 0.0343277335849
0.314167259697 -1.09916066379 -0.0785485366729 -0.0380848797746
-0.314558750452 -0.928029359206 0.0805042255086 0.0454189056865
0.315194816901 -1.06610219933 -0.0972686525856 -0.0665749720287
-0.315687349615 -0.0504458974093 0.999370056919 0.972371702816
