11.4486127751 7.82434586346 0.140885425841 0.140885425841
-0.828059049688 0.731812233411 -0.0538003035115 -0.0538003035115
-0.130740634391 1.36785491944 0.027992846759 0.027992846759
-0.919700016218 0.097635610139 -0.0155049531587 -0.0155049531587
-0.000179926757861 0.888014902865 0.00806738530174 0.00806738530174
-0.353674224747 0.874913999429 -0.00308071452521 -0.00308071452521
-0.459873845303 1.24532372559 -0.000533353403678 -0.000533353403678
-0.615448493841 0.382303136765 0.0033029534943 0.0033029534943
-0.362416352387 0.561381344234 -0.00551751559194 -0.00551751559194
-0.0420866021362 1.09191536324 0.00734918847405 0.00734918847405
0.165919093295 0.954304775556 -0.00890702442267 -0.00890702442267
-0.286914161179 1.08502734094 0.0102637019769 0.0102637019769
0.682026626773 0.569939935974 -0.0114697687103 -0.0114697687103
0.315278092301 0.399093591994 0.0125617224591 0.0125617224591
0.7195331313 0.584673617647 -0.013566842725 -0.013566842725
1.0445935495 -0.315226940728 0.014506214049 0.014506214049
1.02341544037 1.29380977887 -0.0153966995947 -0.0153966995947
0.943168325004 -0.95306791022 0.016252285216 0.016252285216
1.07597430964 -0.155332688503 -0.0170850387073 -0.0170850387073
0.913131912031 -0.201745192951 0.0179058342759 0.0179058342759
1.09139054254 0.320559041231 -0.0187249403165 -0.0187249403165
0.910991354926 -0.569930266882 0.0195525406985 0.0195525406985
1.07519020028 -0.395493672935 -0.0203992469357 -0.0203992469357
0.972867866428 -0.597720985906 0.0212766568857 0.0212766568857
0.352093767216 -1.027190438 -0.0221980245161 -0.0221980245161
-0.182313412968 -1.05558473026 0.0231791274333 0.0231791274333
0.122215371623 -0.906099601029 -0.0242394613449 -0.0242394613449
-0.0346816377603 -1.11658687649 0.025403968069 0.025403968069
-0.493051128498 -0.86819605437 -0.0267056461297 -0.0267056461297
-0.526584773117 -1.14273556589 0.0281896633176 0.0281896633176
-0.539255744226 -0.849209680245 -0.0299201277681 -0.0299201277681
-0.177774714789 -1.15649422348 0.0319918043258 0.0319918043258
-0.191424217766 -0.840366967498 -0.0345516133786 -0.0345516133786
-0.867239696183 -1.15868590704 0.0378410226694 0.0378410226694
0.523785167667 -0.852327614577 -0.0422876442392 -0.0422876442392
-1.34193924512 -0.254102328444 0.0487287063762 0.0487287063762
-0.631572394684 0.168244070959 -0.059057919022 -0.059057919022
-1.36347471449 0.111798297497 0.0786636250583 0.0786636250583
-0.665017854729 1.47741023817 -0.131405960915 -0.131405960915
-0.700098018315 -0.114264141963 0.81377145957 0.81377145957
