17.0 8.0 3.08395284618e-18 3.08395284618e-18
0.840789006491 0.782769316648 -0.0512947984164 -0.0512947984164
-2.64434585756 0.0571521568734 0.0654854967475 0.0654854967475
0.389616885637 1.77370605904 -0.0671638034914 -0.0671638034914
-2.07153392111 0.369563213559 0.0622374651096 0.0622374651096
-0.339822374489 1.48341492883 -0.0533606146381 -0.0533606146381
-0.848050622588 0.664734770687 0.0422780161694 0.0422780161694
1.46243758551 1.1935721637 -0.0303701033022 -0.0303701033022
-0.442327337067 0.933221285187 0.0187824884574 0.0187824884574
0.101473207915 0.962850932669 -0.00843528207301 -0.00843528207301
-1.0 -1.97372982156e-16 -6.16790569236e-18 -6.16790569236e-18
-0.234183387674 0.851875142584 0.0061227688875 0.0061227688875
0.269452014669 1.13725530004 -0.00981047251521 -0.00981047251521
-0.187032218036 0.958480878603 0.0112044720555 0.0112044720555
-0.389385233279 0.478025005579 -0.0106736604121 -0.0106736604121
-0.94969407868 0.1508555345 0.00875829969108 0.00875829969108
0.45115055171 1.39416717063 -0.0060991304882 -0.0060991304882
-0.257824224805 0.751624551858 0.00335856666438 0.00335856666438
0.115598393896 1.15088524447 -0.00114172080001 -0.00114172080001
0.000670636039865 0.927871738074 -7.49097348613e-05 -7.49097348613e-05
1.0 1.0 -6.16790569236e-18 -6.16790569236e-18
1.08219331287 1.09771562141 0.00143643639137 0.00143643639137
0.883239365154 0.107113285662 -0.00407087008485 -0.00407087008485
1.13047415727 -0.0135738108062 0.00751925832543 0.00751925832543
0.857284167127 -0.0406799633246 -0.01121387611 -0.01121387611
1.19021512519 0.123989195512 0.0144601958487 0.0144601958487
0.543785456084 -0.420563403258 -0.0165079463602 -0.0165079463602
0.0978388520375 -0.915307259839 0.0166289190243 0.0166289190243
1.11693588546 0.117975898624 -0.0141931645695 -0.0141931645695
-0.191179283048 -1.19003487179 0.00873494383417 0.00873494383417
0.0 -1.0 -1.23358113847e-17 -1.23358113847e-17
0.152991163881 -0.829279784815 -0.0120340513397 -0.0120340513397
-0.258018209764 -1.39955384765 0.0271733037616 0.0271733037616
-0.224041085628 0.222583274472 -0.0450732516507 -0.0450732516507
-1.3277150237 -0.977915664292 0.0653874300094 0.0653874300094
0.930685665059 -0.620345268075 -0.0880998556212 -0.0880998556212
-2.71217357237 -1.5570890083 0.114429954317 0.114429954317
0.764927823193 -0.335436860197 -0.150368308578 -0.150368308578
-2.76611827888 -1.68095811116 0.233492242324 0.233492242324
2.01724100904 0.956001850968 0.983606673679 0.983606673679
