17.8043234208 6.65835950362 0.228394319123 0.228394319123
-0.314140071628 1.04399728386 -0.0887608147718 -0.0887608147718
0.245886402632 0.924849634115 0.0512593452856 0.0512593452856
-0.966914247023 0.341099345146 -0.0336839201125 -0.0336839201125
-0.118154145015 0.577838356836 0.0233866599225 0.0233866599225
-0.759753380012 0.544548743841 -0.0165524236952 -0.0165524236952
0.542291889998 1.23544085033 0.0116338917405 0.0116338917405
-0.479721317118 0.830425295396 -0.00788410197502 -0.00788410197502
-0.289746576354 1.12646802184 0.00489785545886 0.00489785545886
-0.374896824293 0.918167202365 -0.00243598046027 -0.00243598046027
-0.224927919179 1.00389110042 0.000347875480408 0.000347875480408
-1.54993051865 0.282899826992 0.00146633425725 0.00146633425725
-0.493048465457 0.629821288613 -0.00307581770902 -0.00307581770902
-1.48887270174 0.458622837146 0.00453032886127 0.00453032886127
-0.520608499641 0.250715193406 -0.00586692218603 -0.00586692218603
-1.47458583947 -0.164677718067 0.00711413563019 0.00711413563019
-0.526347529533 0.102864247823 -0.00829470912487 -0.00829470912487
-1.4778098284 -0.0112858815417 0.00942742743286 0.00942742743286
-0.507573518783 -0.645056675888 -0.010528428379 -0.010528428379
-1.5417390119 -0.918677496239 0.0116121843579 0.0116121843579
-0.0604524047275 -0.22508444861 -0.0126922919665 -0.0126922919665
-0.953911259433 -1.31826434406 0.0137821651972 0.0137821651972
0.145705662282 -0.77621731842 -0.014895708922 -0.014895708922
0.320687843558 -1.16024719683 0.0160480456724 0.0160480456724
0.531831064571 -0.925097413402 -0.0172563788722 -0.0172563788722
-0.0818989563565 -0.716568575225 0.0185411027431 0.0185411027431
1.03806027056 -0.359420633044 -0.0199273215981 -0.0199273215981
-0.0265383378195 -1.40171438423 0.0214470371144 0.0214470371144
1.03553475754 -0.28124311903 -0.0231424380784 -0.0231424380784
-0.0806273651614 -0.662877912699 0.0250710596276 0.0250710596276
1.33866949727 -0.382415865955 -0.0273142361881 -0.0273142361881
0.605977519718 -0.555907733988 0.0299916458781 0.0299916458781
1.41892867328 -0.574271257213 -0.0332878186546 -0.0332878186546
0.556997342794 0.261524404767 0.0375039671711 0.0375039671711
1.48818672772 0.614721258429 -0.0431687657929 -0.0431687657929
0.318755928345 -0.191143422984 0.0513046593655 0.0513046593655
0.753006564503 1.45004389805 -0.0641823695324 -0.0641823695324
0.865779945534 0.520880117282 0.0880672546544 0.0880672546544
0.973692563164 0.65453356051 -0.14891272833 -0.14891272833
-0.39939008386 0.293004881168 0.653308608648 0.653308608648
