16.1808529667 5.78327043117 0.0463875480774 0.0463875480774
-1.44529285513 -0.27684173682 -0.0103989467788 -0.0103989467788
-0.522500656633 0.443551205803 -0.00111723372709 -0.00111723372709
-1.54507566943 0.580689187254 0.00684194917684 0.00684194917684
-0.196739133777 0.392518340355 -0.0103001946599 -0.0103001946599
-0.682992015372 0.660622637198 0.0126395740335 0.0126395740335
-0.466830629375 0.214198834395 -0.0143455484586 -0.0143455484586
0.0458390706422 1.35243011133 0.0156589352274 0.0156589352274
-0.484963410062 0.215553343879 -0.0167129040466 -0.0167129040466
-0.722295267068 0.572974601129 0.0175872028437 0.0175872028437
0.478038577648 1.18488796913 -0.0183326223359 -0.0183326223359
-0.427796847795 0.865550092713 0.0189831627012 0.0189831627012
0.407884275673 1.11006313584 -0.0195625613459 -0.0195625613459
-0.399747510841 0.9151756868 0.0200880169573 0.0200880169573
0.42052419972 1.01926539199 -0.0205724263475 -0.0205724263475
0.732235620029 -0.0485481978802 0.0210257900952 0.0210257900952
1.14267492695 1.23490787208 -0.0214561338237 -0.0214561338237
-0.413059842225 0.806970501327 0.021870138302 0.021870138302
0.286871046099 1.18293311266 -0.0222735913815 -0.0222735913815
0.0981718805731 0.811230510174 0.0226717314462 0.0226717314462
1.03406529762 1.23033668139 -0.0230695282615 -0.0230695282615
-0.183272684741 0.355187690968 0.023471934424 0.023471934424
1.87722964652 -0.132611663162 -0.0238841349603 -0.0238841349603
-0.454380705021 0.745015769566 0.0243118222717 0.0243118222717
1.29594667071 0.393680680216 -0.0247615284766 -0.0247615284766
0.562935607169 -0.237747541999 0.0252410587255 0.0252410587255
1.45853445902 0.193222192779 -0.0257600909297 -0.0257600909297
-0.418185262148 -1.1552501714 0.0263310471927 0.0263310471927
1.46777975977 -0.851605126154 -0.0269704156766 -0.0269704156766
-0.670402248896 -1.12496057839 0.0277008415873 0.0277008415873
0.712008873515 -0.930451583653 -0.0285545854569 -0.0285545854569
-0.990591252428 -0.81723362019 0.0295795386052 0.0295795386052
-0.12247971465 0.0105573424752 -0.030850331031 -0.030850331031
-0.757465141787 -1.54342973039 0.0324904075322 0.0324904075322
-0.760914605572 -0.110991644787 -0.0347202189329 -0.0347202189329
-1.33944658176 -0.191464742315 0.0379764489439 0.0379764489439
-0.604647738608 0.252253313128 -0.0432642620011 -0.0432642620011
-1.46240161369 -0.321409753963 0.0535306571714 0.0535306571714
0.242526811823 1.12604582046 -0.0827405176714 -0.0827405176714
-0.349382489199 -0.0965928767472 0.945492529128 0.945492529128
