10.0490904624 8.31864876139 0.0878094067108 0.0878094067108
-0.275359435838 0.691382990639 -0.0299737243302 -0.0299737243302
0.331157418572 1.40396393367 0.0120390973011 0.0120390973011
-0.643089794391 0.259321316292 -0.00322348195754 -0.00322348195754
-0.494601718277 0.622363018348 -0.00207029023193 -0.00207029023193
0.0695408532993 0.935035845299 0.00563791865112 0.00563791865112
-0.00013598787029 1.15207286546 -0.0082327891933 -0.0082327891933
-0.0221875308181 0.806066618754 0.0102266236483 0.0102266236483
0.0273728518617 1.22252958694 -0.011824197472 -0.011824197472
-0.02194931767 0.752279980918 0.0131477865421 0.0131477865421
0.00558557896603 1.27596266188 -0.0142750899139 -0.0142750899139
0.0291916797215 0.682569339273 0.0152580228411 0.0152580228411
-0.11587278405 1.40683803334 -0.0161327714552 -0.0161327714552
0.683533886459 0.0263327988535 0.0169255156343 0.0169255156343
0.375675314511 0.909835232221 -0.0176558596291 -0.0176558596291
0.628946798096 0.0949569419318 0.0183389840367 0.0183389840367
1.20716551563 0.941268298485 -0.0189870538115 -0.0189870538115
0.860833850724 -0.0912391993212 0.0196101795032 0.0196101795032
1.07785369949 0.0959960543188 -0.0202171052344 -0.0202171052344
1.02352762334 -0.0561593660974 0.0208157301381 0.0208157301381
0.515843723875 -0.305816397733 -0.0214135333118 -0.0214135333118
0.413303137092 -1.32939803472 0.0220179527486 0.0220179527486
0.633609338594 -0.719857998775 -0.0226367598356 -0.0226367598356
-0.402084310374 -1.26479323071 0.0232784701722 0.0232784701722
0.386211422641 -0.740962066028 -0.0239528384101 -0.0239528384101
0.633432843804 -1.25708055047 0.0246715016407 0.0246715016407
0.121617193702 -0.743094634948 -0.0254488679072 -0.0254488679072
-0.136009985392 -1.25763325748 0.0263034048467 0.0263034048467
0.116289683843 -0.741207442074 -0.0272595910423 -0.0272595910423
-0.0512700403485 -1.26004133618 0.0283509973236 0.0283509973236
-0.61584567912 -0.739005276375 -0.0296253730734 -0.0296253730734
-0.442766305791 -1.26099191171 0.0311534737046 0.0311534737046
0.33015974745 -0.741484580791 -0.0330453170173 -0.0330453170173
-0.385846346792 -1.24910534581 0.0354823822929 0.0354823822929
-0.859391863292 -0.785931944863 -0.0387875907689 -0.0387875907689
-1.16430169935 -0.967875694367 0.04359740178 0.04359740178
-0.83509100121 0.503332239427 -0.0513657886783 -0.0513657886783
-1.15584763189 -0.51993375276 0.0663005423375 0.0663005423375
-0.877549010109 1.18076037957 -0.107755572169 -0.107755572169
-0.354075514827 -0.138793764695 0.891807092478 0.891807092478
