6.37303707822 11.6594215998 0.207921470355 0.207921470355
-0.683749370986 0.776474533614 -0.081220662091 -0.081220662091
-0.236910594522 1.26381129384 0.0462562962492 0.0462562962492
-0.887809001701 0.712157335141 -0.0297293417643 -0.0297293417643
0.439606571538 1.30769016654 0.0200042663921 0.0200042663921
0.958695581876 0.6749454118 -0.0135325178809 -0.0135325178809
1.12718193706 0.655700883916 0.00886630947432 0.00886630947432
0.82291267928 0.315895943519 -0.00530406383716 -0.00530406383716
1.22165515188 0.270298967881 0.00246418344122 0.00246418344122
0.723958857927 -0.357781593129 -0.000120976971713 -0.000120976971713
1.37335770542 0.461255563918 -0.00186789191914 -0.00186789191914
0.105184785433 -0.982720153556 0.00359693833325 0.00359693833325
1.03805651218 0.123937320021 -0.00513169147147 -0.00513169147147
0.509043091495 -0.574000526699 0.00651933372428 0.00651933372428
0.621601799512 -0.298574116946 -0.00779503700436 -0.00779503700436
0.863072372067 -0.213309421751 0.00898591432305 0.00898591432305
0.429100129375 -0.498132640176 -0.0101135908444 -0.0101135908444
0.462532432607 -0.606449527738 0.0111959488523 0.0111959488523
0.62985932481 -0.305134889603 -0.0122483681938 -0.0122483681938
0.131166569268 -0.929650055954 0.0132846585128 0.0132846585128
-0.0785570759995 -1.02213306632 -0.0143178108629 -0.0143178108629
0.68366268162 -0.368301899971 0.01536065926 0.01536065926
0.187484467005 -0.764465809776 -0.0164265252897 -0.0164265252897
-0.142813702341 -1.19024495911 0.0175299156778 0.0175299156778
0.112279231497 -0.818637610686 -0.0186873528327 -0.0186873528327
-0.96062164858 -1.17735337078 0.0199184447783 0.0199184447783
0.343915975415 -0.828294512686 -0.0212473519615 -0.0212473519615
-0.952162933594 -1.15873478827 0.0227049016372 0.0227049016372
0.128355558769 -0.880174907293 -0.0243317716598 -0.0243317716598
-0.533902194292 -0.824717882412 0.0261834893497 0.0261834893497
-1.00203852602 0.933620036084 -0.0283386319951 -0.0283386319951
-1.05045672706 0.170915961184 0.0309129573574 0.0309129573574
-0.967917370108 0.787847890577 -0.0340852022365 -0.0340852022365
-0.476929686056 0.24464968188 0.0381476349365 0.0381476349365
-0.612469091099 0.696847490259 -0.0436144035451 -0.0436144035451
-1.31159382263 0.628434360191 0.0514829855417 0.0514829855417
-0.681755701407 1.37387486234 -0.0639789813865 -0.0639789813865
-1.37056920477 0.609541265419 0.0872911553302 0.0872911553302
-0.335409304326 1.44760223129 -0.14748433512 -0.14748433512
-0.207601708587 0.00464365063632 0.695666026473 0.695666026473
