7.0 8.0 6.72862439167e-18 6.72862439167e-18
2.2941299929 1.65338856962 -0.0915924040904 -0.0915924040904
-0.134134741438 -1.42864125173 0.108168727803 0.108168727803
1.86073244516 1.07401282978 -0.0930047642914 -0.0930047642914
0.468897999163 -0.656133919891 0.0615938384848 0.0615938384848
1.20347193821 0.248085986481 -0.02473802562 -0.02473802562
1.07013886213 0.0838789828343 -0.00883371268776 -0.00883371268776
0.747490277176 -0.292902067834 0.0327359575025 0.0327359575025
1.3272466546 0.360323019892 -0.043532895711 -0.043532895711
0.699419879996 -0.299162689082 0.040993638597 0.040993638597
1.19850584485 0.153343619352 -0.027787485742 -0.027787485742
0.940074644421 -0.00653947591033 0.00864068647186 0.00864068647186
0.927307743695 0.875767602838 0.0108730445906 0.0108730445906
1.16311355139 0.582274269596 -0.0256471788823 -0.0256471788823
0.810396066513 -0.498860090538 0.0321783640477 0.0321783640477
1.15030778673 0.356729768935 -0.0292826634529 -0.0292826634529
0.933442058157 -0.113538644135 0.0182473481505 0.0182473481505
0.998651212974 1.05382293882 -0.00240118236081 -0.00240118236081
0.206319478717 1.26630185447 -0.0137836690885 -0.0137836690885
-0.210549028717 0.506066728353 0.0258411668186 0.0258411668186
-0.126204414613 1.63595533728 -0.0304408689144 -0.0304408689144
-1.45325946192 0.241117177715 0.0262325057699 0.0262325057699
-0.780212396484 0.22910949295 -0.0142069965659 -0.0142069965659
-0.960290624135 1.00907941793 -0.00251385840185 -0.00251385840185
-1.36033113161 0.821193042111 0.0194158903943 0.0194158903943
0.123783155387 1.41519038133 -0.0316944674954 -0.0316944674954
-0.722911232197 0.17843493199 0.0354696980658 0.0354696980658
-0.697170917767 0.333187237813 -0.0288352382472 -0.0288352382472
-0.0285572636908 0.994770001707 0.0124941783925 0.0124941783925
-0.930909603943 0.96078276799 0.0101752137761 0.0101752137761
-1.14082111499 1.17558023738 -0.033654482335 -0.033654482335
-0.408180179944 0.696861306489 0.0513138542459 0.0513138542459
-0.0732143317414 1.35591036124 -0.0567073208219 -0.0567073208219
-1.23335921344 0.711036268778 0.0448211313347 0.0448211313347
0.138317742093 1.08344057299 -0.0129083110059 -0.0129083110059
0.36376429633 1.25033079645 -0.0395607975914 -0.0395607975914
-1.45803942284 0.323714099546 0.112864080394 0.112864080394
0.318955299222 2.14793199897 -0.215846696917 -0.215846696917
-0.983419127586 -0.689034098769 0.43661117861 0.43661117861
1.30255182269 1.51022093928 0.950423728894 0.950423728894
