8.0 12.0 5.35969736026e-17 5.35969736026e-17
3.47765279319 3.12678999387 -0.141135780989 -0.141135780989
-0.670938913924 -3.28496706264 0.129841883884 0.129841883884
1.61015897408 1.0442324909 -0.0534304078756 -0.0534304078756
1.28042312776 0.445989842976 -0.0259875743926 -0.0259875743926
0.303683136142 -1.03232127159 0.0663251854744 0.0663251854744
1.58255885653 0.794056552363 -0.0561007594754 -0.0561007594754
0.863351495555 -0.164718829816 0.0131614568064 0.0131614568064
0.684260791417 -0.295044654021 0.0301699355757 0.0301699355757
1.50174443424 0.0170803334144 -0.0472297991906 -0.0472297991906
0.660229836028 -1.3410113041 0.0312837744598 0.0312837744598
0.963333818573 -0.0703159255407 0.00327474825967 0.00327474825967
1.37528957358 0.573966157528 -0.0321460307856 -0.0321460307856
0.540336541194 -0.58977010702 0.0370852084768 0.0370852084768
1.22818756741 0.235797841366 -0.0167455062139 -0.0167455062139
1.22534340124 0.152086665146 -0.0137481176416 -0.0137481176416
-0.000280639073098 0.0809502601763 0.033502217209 0.033502217209
0.222312268621 1.59772849804 -0.0296411902139 -0.0296411902139
-0.0546761435823 0.902402444661 0.00540070788472 0.00540070788472
-0.273778319774 0.618920980251 0.0224047016561 0.0224047016561
0.52174707889 1.56610277828 -0.0346860899662 -0.0346860899662
-0.490908915207 0.63966663146 0.0227915511371 0.0227915511371
-1.05797976675 0.913932874513 0.00559002709689 0.00559002709689
0.0190888956591 1.46974405584 -0.0312305600455 -0.0312305600455
-0.543352496552 0.470663525499 0.0359566970367 0.0359566970367
-0.922145881817 1.21700182822 -0.0150452122249 -0.0150452122249
-0.0792142361824 1.2644967001 -0.0187102602867 -0.0187102602867
-0.0561992600853 0.412901443201 0.0423813444708 0.0423813444708
0.162103512003 1.51087913082 -0.0376620004492 -0.0376620004492
-0.0307451652929 0.947663673109 0.00394540578568 0.00394540578568
-0.972186022914 0.496198948778 0.0389187602131 0.0389187602131
-0.542488878936 1.76835699582 -0.0610131988939 -0.0610131988939
0.0784503472495 0.502534319166 0.040792314088 0.040792314088
0.0201503945836 0.779033329609 0.0188410959769 0.0188410959769
-0.508163360988 1.96552786311 -0.0865488573501 -0.0865488573501
-1.22705655071 -0.182813767934 0.11355473607 0.11355473607
0.29501768292 1.48939869146 -0.0521374444278 -0.0521374444278
0.591860597442 2.1054410152 -0.141928876754 -0.141928876754
-1.63664920763 -2.36084042728 0.698923378313 0.698923378313
2.54913380751 4.07432645057 0.880292882129 0.880292882129
