13.0 8.0 0.0 -5.69345140833e-18
0.377490322296 1.17494915766 -0.0160565348801 -0.0126987193734
-1.36835789497 0.823330365212 0.0231159952888 0.0170394541689
0.334346265949 1.20929410899 -0.027599425006 -0.0192511077136
-1.26768286648 -0.113699698525 0.0309021591614 0.0206049999974
0.130886505207 0.982553561759 -0.0335356225074 -0.021528612988
-0.129100718065 0.963095373787 0.0357431787768 0.0222061391504
-0.675458582423 1.05081430553 -0.0376605572659 -0.0227300593561
-0.51103731471 0.943443541751 0.0393720453496 0.0231519577695
0.358371091708 1.06028719103 -0.0409343098844 -0.0235029277516
0.304376430747 0.935390940161 0.042387962685 0.023802875328
1.63946230865 1.0721997915 -0.0437637891155 -0.0240651832856
-0.266572872202 0.910591446188 0.0450864036465 0.0242992296542
0.984814917302 1.14443689458 -0.0463765728763 -0.0245118320896
0.79917799099 0.342727866145 0.0476528207876 0.0247081193806
1.24969142775 -0.200059759766 -0.048932652167 -0.0248920813543
0.73150549324 0.65396040823 0.0502336008944 0.0250669307312
1.27791849481 0.760673023562 -0.0515742534297 -0.0252353516641
0.712241014621 -0.937998273025 0.0529753841282 0.0253996788933
1.32140288704 -0.376913057158 -0.0544613592908 -0.0255620347504
0.37100667073 -0.34295415172 0.0560620265828 0.0257244420801
-0.125636950932 -1.23074261244 -0.0578154271052 -0.0258889263018
0.508374327255 -0.858928420461 0.0597718982018 0.026057617748
0.467137723752 -1.09429987562 -0.0620005836399 -0.0262328654719
-1.22151186833 -0.961404386339 0.0646002778011 0.0264173759163
0.367470379341 -0.809331887483 -0.0677184893489 -0.026614394861
-1.74371079133 0.32148759848 0.0715871522641 0.0268279605161
-0.369264334535 -0.29810580352 -0.0765949723356 -0.0270632728502
-1.58805881677 0.448493437703 0.0834495236983 0.0273272560562
-0.423730127222 0.967322870818 -0.0935933275445 -0.0276294519257
-1.59498707323 0.992880210275 0.110503696381 0.0279835040757
-0.288369637811 -0.3334394216 -0.145272741254 -0.0284097532263
-0.437786634342 1.75585364773 0.262974333777 0.0289400600007
0.595623511095 -1.88718431411 0.920783775125 -0.0296274663537
0.534894715212 -9.93641294523 -0.0952729793295 0.0305675057107
0.390028339891 0.29285325425 0.025652478671 -0.0319516796148
0.660588045233 -0.630849064403 0.00216656437442 0.0342288041485
0.306096671641 -0.62575180223 -0.0201899485949 -0.0387566747277
0.711770367526 -0.23208481904 0.0423289811713 0.0524666014946
0.286846991625 0.21736745116 1.00328533809 0.99897290848
