8.96155236863 10.302974132 0.18402748378 0.18402748378
-0.517033880898 0.96085299123 -0.0718658719778 -0.0718658719778
-0.91680713483 1.09074441646 0.0400379628756 0.0400379628756
-1.11565524788 0.881800028667 -0.0248575745586 -0.0248575745586
0.0852722271561 1.13549540752 0.0158836368426 0.0158836368426
-0.114100003192 0.852008670603 -0.00989472163643 -0.00989472163643
0.0934995866025 1.15933667836 0.00556816886198 0.00556816886198
0.682331068511 0.824635382315 -0.00226042978669 -0.00226042978669
1.21194170109 1.21810003685 -0.0003795313902 -0.0003795313902
0.812509220139 0.437432100959 0.00255977509992 0.00255977509992
1.17393698135 -0.0682592022869 -0.00441173932052 -0.00441173932052
0.83843647761 0.0895952871733 0.0060228229432 0.0060228229432
1.14586856283 -0.384436849262 -0.00745369309225 -0.00745369309225
0.880149297555 -0.561314214605 0.00874807774278 0.00874807774278
1.05462787881 -0.558311764686 -0.00993860635755 -0.00993860635755
0.140247876557 -1.05192924185 0.0110504570345 0.0110504570345
0.850510199967 -0.0369029066716 -0.0121037324152 -0.0121037324152
-0.356244489221 -1.43866139064 0.0131150742864 0.0131150742864
1.02876565806 0.0942962482825 -0.014098813056 -0.014098813056
-0.163378550708 -1.21730870977 0.015067833218 0.015067833218
0.104022954594 -0.851496163979 -0.016034272771 -0.016034272771
0.553276236477 -0.482086525949 0.0170101405852 0.0170101405852
0.293283082582 -0.681809109177 -0.0180079198383 -0.0180079198383
0.0892830640441 -0.921364306944 0.019041223005 0.019041223005
0.905604351855 -0.107231087982 -0.0201255737216 -0.0201255737216
-0.584730488011 -1.52161326436 0.0212794160923 0.0212794160923
0.707588564597 -0.553018496707 -0.0225255006388 -0.0225255006388
0.291668081026 -1.41379659981 0.0238928848492 0.0238928848492
0.19198751866 -0.610187444687 -0.0254199493029 -0.0254199493029
-0.315498220845 -1.32821198832 0.0271591392176 0.0271591392176
-0.775276100099 0.455967332439 -0.0291847534313 -0.0291847534313
-1.25672466841 -0.470334288739 0.0316063868883 0.0316063868883
-0.708201572721 0.524449868311 -0.0345935193438 -0.0345935193438
-1.36001894079 0.228581514661 0.0384238101889 0.0384238101889
-0.316063718436 0.855568057897 -0.0435869220644 -0.0435869220644
-0.682738890462 0.063321059472 0.0510360830892 0.0510360830892
-0.981796445505 1.09689233414 -0.0629089956628 -0.0629089956628
-1.07137290608 0.486717064564 0.085200901599 0.085200901599
-0.944332402298 0.644416587221 -0.143630455072 -0.143630455072
-0.504624592427 0.266853063228 0.740865022728 0.740865022728
