12.0 4.0 -3.08395284618e-18 3.08395284618e-18
2.32386204434 1.36482870976 -0.0586260608157 -0.0512947984164
-0.341598787833 -0.0500976912286 0.0773480240565 0.0654854967475
2.3070226127 -0.03783392183 -0.0809350882629 -0.0671638034914
-0.240241960707 0.636193763071 0.0756982289696 0.0622374651096
2.17772779534 0.672246451089 -0.0648665469262 -0.0533606146381
-0.302529312318 0.0261466530435 0.0508618215687 0.0422780161694
0.77226957946 1.35030609802 -0.0357653198601 -0.0303701033022
0.643389362999 0.81851050131 0.021368489519 0.0187824884574
0.055784684142 1.07765022155 -0.00911084220899 -0.00843528207301
9.86864910778e-17 1.0 2.46716227694e-17 -6.16790569236e-18
-0.106530892785 0.938880995723 0.00544720875152 0.0061227688875
0.262226666938 1.10894644157 -0.00722447145368 -0.00981047251521
-0.987866901084 0.855183977743 0.0058092554976 0.0112044720555
-0.380253739407 1.1694667078 -0.00208985501277 -0.0106736604121
0.136678053563 0.816512015787 -0.00274763259706 0.00875829969108
-0.290840799361 1.18745657912 0.0073616333718 -0.0060991304882
-1.2865084155 0.81806622229 -0.010412718107 0.00335856666438
-0.696025390988 1.16737524386 0.010720806509 -0.00114172080001
-0.0595538808512 0.856057268309 -0.00740617213418 -7.49097348613e-05
-1.0 -1.97372982156e-16 -1.23358113847e-17 -6.16790569236e-18
-0.0804123099475 0.933346563441 0.0114867812187 0.00143643639137
-0.717354423588 1.00310188235 -0.026543564373 -0.00407087008485
-0.591258214097 1.11150956793 0.0441913624139 0.00751925832543
0.00792786298944 0.361779718129 -0.0630625847269 -0.01121387611
-1.76439225334 -0.0618845539107 0.0815216836924 0.0144601958487
-0.296363977731 -0.0774797546414 -0.0978149181136 -0.0165079463602
-1.64129182982 0.304902806691 0.110234427376 0.0166289190243
-0.465713646444 0.959893191782 -0.117280109763 -0.0141931645695
-1.33751378339 -0.0852938933557 0.117802532653 0.00873494383417
2.46716227694e-16 0.0 1.0 -1.23358113847e-17
6.01843734266 -0.897908237284 0.0970335374794 -0.0120340513397
1.88566999187 -0.389929352669 -0.0759136414319 0.0271733037616
0.71241983624 0.369621105189 0.0485322567012 -0.0450732516507
0.924165364315 -0.389656334893 -0.0159195417441 0.0653874300094
1.38752880675 0.411641287722 -0.0210383677775 -0.0880998556212
0.327741039194 -0.428161559768 0.0625812457001 0.114429954317
1.93556508425 0.436683947882 -0.11369620449 -0.150368308578
-0.209087138812 -0.436879322161 0.211019548035 0.233492242324
1.13914375249 0.432150033924 0.993657018506 0.983606673679
