13.1021900395 24.0669638494 0.0677191564491 0.0677191564491
-0.491368409102 -1.51019628943 -0.0205767714385 -0.0205767714385
0.734047906181 -0.488019107381 0.00572843925721 0.00572843925721
0.25937693392 -1.51365892839 0.00161068756522 0.00161068756522
0.758865967288 -0.485477280315 -0.00603075951334 -0.00603075951334
0.224861606783 -1.51484994196 0.00901506873318 0.00901506873318
0.783282361411 -0.484922374344 -0.0111884543258 -0.0111884543258
0.241581743644 -1.51588150347 0.01286002633 0.01286002633
0.0762946385014 -0.48128883912 -0.014200387383 -0.014200387383
-0.195791348993 -1.52803070346 0.0153115519148 0.0153115519148
0.314550616272 -0.431620884994 -0.0162584164421 -0.0162584164421
0.591475300318 -0.573595433565 0.017084382077 0.017084382077
0.431065838423 -0.61513778963 -0.0178197244317 -0.0178197244317
0.61254759306 -1.40590538185 0.0184863629584 0.0184863629584
0.0540409760326 -0.603229653819 -0.0191007227477 -0.0191007227477
-0.167817872395 -1.36603467014 0.0196755312526 0.0196755312526
0.268529343032 -0.716288390826 -0.0202209948535 -0.0202209948535
-0.874377856961 -0.639504110064 0.0207456028068 0.0207456028068
-0.906308477847 -0.294674214868 -0.0212567032451 -0.0212567032451
-1.1463746896 -0.714523929948 0.0217609403109 0.0217609403109
-0.829462766757 0.614854332421 -0.0222646109946 -0.0222646109946
-1.18208429282 0.452191688231 0.0227739839563 0.0227739839563
-0.817041338048 0.267113892702 -0.0232956152925 -0.0232956152925
-1.16721212224 0.000980683932403 0.0238366956316 0.0238366956316
-0.894635362132 1.05163316491 -0.0244054689377 -0.0244054689377
-0.693277916241 -0.0691454796683 0.0250117777799 0.0250117777799
-0.121893795317 1.08623450514 -0.0256678171606 -0.0256678171606
-1.60097166715 -0.135738672118 0.026389228818 0.026389228818
0.238006153534 1.8474940278 -0.0271967596963 -0.0271967596963
-0.358668509144 0.22768811239 0.0281188830227 0.0281188830227
0.412722111 1.74980270318 -0.0291961290124 -0.0291961290124
0.633285583715 0.197832244391 0.0304886092009 0.0304886092009
1.3899316263 0.604141966584 -0.0320898912846 -0.0320898912846
0.58715704879 -0.631655493021 0.0341545265232 0.0341545265232
1.44195309409 0.646272762301 -0.0369580053644 -0.0369580053644
0.513153919954 -0.670981865966 0.0410446328003 0.0410446328003
1.58198198767 0.740838619125 -0.047662439055 -0.047662439055
-0.24000066061 -1.364519778 0.060446073622 0.060446073622
1.1916839322 0.254425171326 -0.0963555810701 -0.0963555810701
-0.209844690788 -0.417223371113 0.91857400033 0.91857400033
