19.9192280333 23.7035940118 0.0463875480774 0.0463875480774
-1.42781826946 -1.49422535411 -0.0103989467788 -0.0103989467788
0.637212860084 -0.508095828576 -0.00111723372709 -0.00111723372709
-0.813890147395 -1.49294386181 0.00684194917684 0.00684194917684
-0.301558593088 -0.505575197742 -0.0103001946599 -0.0103001946599
-0.369855396731 -1.49555440731 0.0126395740335 0.0126395740335
0.529558794843 -0.503961095062 -0.0143455484586 -0.0143455484586
-1.01474495753 -1.49570274012 0.0156589352274 0.0156589352274
-0.154098007106 -0.505646931383 -0.0167129040466 -0.0167129040466
-0.182830024311 -1.49168262435 0.0175872028437 0.0175872028437
0.247292389278 -0.512901408852 -0.0183326223359 -0.0183326223359
-0.243801044813 -1.47916140429 0.0189831627012 0.0189831627012
-0.574409887057 -0.537940683163 -0.0195625613459 -0.0195625613459
-1.33725187336 -0.543660724986 0.0200880169573 0.0200880169573
0.280150373157 -0.520768284367 -0.0205724263475 -0.0205724263475
-1.31172504583 -1.44056005959 0.0210257900952 0.0210257900952
0.510091499394 -0.620435355472 -0.0214561338237 -0.0214561338237
-0.599384837021 -1.1637350031 0.021870138302 0.021870138302
-0.898902463867 0.466164290328 -0.0222735913815 -0.0222735913815
-0.753586772916 -0.0305813290177 0.0226717314462 0.0226717314462
-0.142410765847 1.1365373089 -0.0230695282615 -0.0230695282615
-0.899381460957 -0.253610139916 0.023471934424 0.023471934424
-0.079515362693 1.87284200024 -0.0238841349603 -0.0238841349603
-0.931961678309 0.210274667431 0.0243118222717 0.0243118222717
-0.0612615143812 1.75747581589 -0.0247615284766 -0.0247615284766
-0.94972908828 0.253863383206 0.0252410587255 0.0252410587255
0.810806624266 1.74865405902 -0.0257600909297 -0.0257600909297
-0.766180810384 0.234152831594 0.0263310471927 0.0263310471927
0.74045595372 1.80925116582 -0.0269704156766 -0.0269704156766
-0.658287180698 0.0435348070492 0.0277008415873 0.0277008415873
2.00464612709 0.770299784715 -0.0285545854569 -0.0285545854569
-0.26321277351 -1.11924236382 0.0295795386052 0.0295795386052
1.17590626867 0.0551402341604 -0.030850331031 -0.030850331031
-0.143098373788 -1.02167717907 0.0324904075322 0.0324904075322
1.12690727018 -0.0174215679309 -0.0347202189329 -0.0347202189329
-0.116485008598 -0.896565350994 0.0379764489439 0.0379764489439
1.10367345124 -0.755946722462 -0.0432642620011 -0.0432642620011
-0.0640266569707 -1.32694652979 0.0535306571714 0.0535306571714
0.292088360145 -0.656814758813 -0.0827405176714 -0.0827405176714
-0.365121638355 -0.50763675643 0.945492529128 0.945492529128
