23.0 21.0 4.20084387696e-17 4.20084387696e-17
1.96726268308 0.678879702431 -0.0387739529946 -0.0387739529946
-2.87905677798 -2.54586806636 0.0512034122389 0.0512034122389
1.69982128113 0.334274211477 -0.0557108302197 -0.0557108302197
-2.44000923944 -1.51478599325 0.0562728570465 0.0562728570465
1.10455289396 0.696418150212 -0.0543227039723 -0.0543227039723
-1.67702170771 -2.26724819988 0.050565236266 0.050565236266
-0.0757577371459 0.0208029696614 -0.0454420084493 -0.0454420084493
-1.90190761667 -1.80371641089 0.0392864535487 0.0392864535487
-0.0495959715032 -0.401975646205 -0.032384035739 -0.032384035739
-0.366552312504 -1.40203198175 0.024997171394 0.024997171394
0.220374586791 -0.782193793987 -0.0173751995037 -0.0173751995037
-1.29194949598 -1.04424645748 0.00975735611871 0.00975735611871
-0.922465844338 0.0287668257912 -0.00237226171898 -0.00237226171898
0.0917137899326 -0.921904424564 -0.00456436229954 -0.00456436229954
-1.08346560636 -0.229170152372 0.0108528231536 0.0108528231536
-0.774765921989 -0.620701785108 -0.0163128852412 -0.0163128852412
-1.32448163121 0.0143720935818 0.0207871453423 0.0207871453423
-0.604927822452 1.14255540574 -0.024144110531 -0.024144110531
-1.43775211987 -0.466224451688 0.0262808009946 0.0262808009946
-0.549006533051 2.17001050986 -0.0271247442289 -0.0271247442289
-1.43116724924 -0.343930942437 0.0266352593538 0.0266352593538
-0.633538245269 0.865324773939 -0.0248039550539 -0.0248039550539
-1.17716446872 0.649574766614 0.0216543833936 0.0216543833936
0.45059382559 1.30854030709 -0.0172408038475 -0.0172408038475
-0.281788975237 0.80267551745 0.0116460144956 0.0116460144956
0.133908481045 1.06297056505 -0.00497819442303 -0.00497819442303
1.03169125093 0.0686514673125 -0.00263333900444 -0.00263333900444
0.830640464351 -0.233512198503 0.0110436460451 0.0110436460451
1.32080163147 0.368806297401 -0.0200993350737 -0.0200993350737
0.52980895933 -0.434363991127 0.0296481758853 0.0296481758853
1.6024832303 -0.076282545018 -0.0395528311575 -0.0395528311575
0.322278817065 -1.34251480482 0.0497124394316 0.0497124394316
1.38694290555 0.750249631805 -0.0601009854277 -0.0601009854277
-0.879619035573 -2.14830714883 0.0708461268973 0.0708461268973
2.34143883562 1.5430428878 -0.0824207239241 -0.0824207239241
-1.89842664111 -3.03368110246 0.0962176704529 0.0962176704529
2.00619321997 1.06311633867 -0.116907271432 -0.116907271432
-0.81351433893 -1.75003251016 0.170159050841 0.170159050841
1.75072573348 1.76663315798 0.990779592424 0.990779592424
