16.0 5.0 -5.69345140833e-18 -5.69345140833e-18
-0.631856693842 1.10406112074 -0.0126987193734 -0.0126987193734
-0.354047799266 0.897655839031 0.0170394541689 0.0170394541689
-0.643221346333 1.10051402003 -0.0192511077136 -0.0192511077136
-0.373425876501 0.901347451923 0.0206049999974 0.0206049999974
-0.596336727315 1.09658608378 -0.021528612988 -0.021528612988
-0.449528678605 0.905897411284 0.0222061391504 0.0222061391504
-0.481376038295 1.09094580848 -0.0227300593561 -0.0227300593561
-0.645073565258 0.913235149363 0.0231519577695 0.0231519577695
0.462421283857 1.08102079524 -0.0235029277516 -0.0235029277516
-0.301440510413 0.927200893201 0.023802875328 0.023802875328
-0.501955661132 1.06037631264 -0.0240651832856 -0.0240651832856
-0.0794396463693 0.959965170328 0.0242992296542 0.0242992296542
1.15634809025 1.00193553185 -0.0245118320896 -0.0245118320896
-0.948346130745 1.09173806034 0.0247081193806 0.0247081193806
1.41748157089 0.331971757546 -0.0248920813543 -0.0248920813543
-0.0558166247695 0.385475648784 0.0250669307312 0.0250669307312
0.268695872825 1.28981373946 -0.0252353516641 -0.0252353516641
0.0947764461779 0.837226644411 0.0253996788933 0.0253996788933
1.61742433438 0.754141206213 -0.0255620347504 -0.0255620347504
0.428125672358 -0.418516412039 0.0257244420801 0.0257244420801
1.56179237652 0.371235899583 -0.0258889263018 -0.0258889263018
0.427205469835 -0.380015914292 0.026057617748 0.026057617748
1.62469773323 0.446513479549 -0.0262328654719 -0.0262328654719
0.0915561261654 -0.763536933724 0.0264173759163 0.0264173759163
0.58640969589 -0.48510445163 -0.026614394861 -0.026614394861
0.899965160158 -0.299443438001 0.0268279605161 0.0268279605161
0.977894059169 -1.06722102355 -0.0270632728502 -0.0270632728502
-0.401922207866 -1.04786482933 0.0273272560562 0.0273272560562
0.195964700663 -0.884021763308 -0.0276294519257 -0.0276294519257
-1.53880061551 -1.19974661922 0.0279835040757 0.0279835040757
-0.542658311483 -0.544796588624 -0.0284097532263 -0.0284097532263
-1.4136814166 1.05129874315 0.0289400600007 0.0289400600007
-0.632139650542 -0.221421273584 -0.0296274663537 -0.0296274663537
-1.26874353328 0.208448110257 0.0305675057107 0.0305675057107
0.387105032512 0.963612756636 -0.0319516796148 -0.0319516796148
-1.44515348608 -0.058004334558 0.0342288041485 0.0342288041485
0.476064557035 1.12013552724 -0.0387566747277 -0.0387566747277
-1.48672160394 -0.168770897319 0.0524666014946 0.0524666014946
0.476732301204 0.133290805299 0.99897290848 0.99897290848
