10.7286628831 8.3383514376 0.170671241135 0.170671241135
0.511340206931 -0.473271243501 -0.0664195490452 -0.0664195490452
0.512180006279 -0.991308048307 0.0364116612637 0.0364116612637
1.03879218004 -0.433782796232 -0.0220321765691 -0.0220321765691
1.04396706395 -0.56086982654 0.0135111817645 0.0135111817645
0.917877302194 -0.195856137109 -0.00781603967365 -0.00781603967365
1.10717447634 0.168805804959 0.00369747177368 0.00369747177368
0.869041382979 -0.139754716421 -0.000546336481484 -0.000546336481484
0.371552942992 0.88945895608 -0.0019701335544 -0.0019701335544
0.632321294376 0.122058648817 0.00404939333283 0.00404939333283
-0.0311001369637 1.25303225841 -0.00581629175274 -0.00581629175274
-0.00308846559884 0.819044836432 0.00735390687096 0.00735390687096
-0.0120478797983 1.12830169324 -0.00871994260917 -0.00871994260917
0.0831664667713 0.957653937935 0.00995601446532 0.00995601446532
-0.526800584253 0.599890566454 -0.0110931920473 -0.0110931920473
-0.449107309023 0.398594722021 0.0121554624364 0.0121554624364
-0.721890594557 1.34420848344 -0.0131619878464 -0.0131619878464
-0.906010962355 0.712740806209 0.0141286409156 0.0141286409156
-0.121694512077 1.28964260274 -0.0150690985855 -0.0150690985855
-1.42736909776 0.150830979184 0.0159956665154 0.0159956665154
0.142092245635 0.767706270485 -0.0169199461588 -0.0169199461588
-1.29613370114 0.273363309278 0.0178534244753 0.0178534244753
-0.763204894192 0.695709925584 -0.0188080512904 -0.0188080512904
-0.634205987981 0.3355094672 0.0197968669823 0.0197968669823
-0.329847355883 0.622422251762 -0.0208347527783 -0.0208347527783
-0.631365305055 0.461227931107 0.0219394003646 0.0219394003646
-0.769711633243 0.0934541151539 -0.0231326444712 -0.0231326444712
-1.2839223202 -0.0826652961275 0.024442387773 0.024442387773
-0.680284586924 -0.0388581584028 -0.0259055048771 -0.0259055048771
-1.38392790506 -0.839923366221 0.0275724106136 0.0275724106136
-0.2237375876 -0.169914445873 -0.0295145698455 -0.0295145698455
-0.17255028116 -1.38648401513 0.0318374689753 0.0318374689753
0.251522124377 -0.694441128877 -0.0347043669559 -0.0347043669559
-0.33169251956 -1.26769009198 0.0383830031083 0.0383830031083
0.731737529037 -0.756920422584 -0.0433461714037 -0.0433461714037
0.869066752765 -1.22328136884 0.0505159445871 0.0505159445871
1.20627315714 -0.796279978784 -0.0619657881195 -0.0619657881195
0.740131415232 -1.1781705028 0.0835374926753 0.0835374926753
1.34351655017 -0.876819547542 -0.140542709141 -0.140542709141
-0.000722359885578 -0.515717912826 0.764510213178 0.764510213178
