15.1705785192 4.80049024263 0.0463875480774 0.0463875480774
-0.31761397493 0.954083631349 -0.0103989467788 -0.0103989467788
-0.87742823396 0.902476952226 -0.00111723372709 -0.00111723372709
-0.963452319828 0.0229877994884 0.00684194917684 0.00684194917684
0.106658774002 1.2401538181 -0.0103001946599 -0.0103001946599
-1.50139772313 0.855370488674 0.0126395740335 0.0126395740335
-0.296759412069 1.07661441372 -0.0143455484586 -0.0143455484586
0.0057034523981 1.02817020901 0.0156589352274 0.0156589352274
-0.523770325492 0.422822662598 -0.0167129040466 -0.0167129040466
-0.581849937945 0.422692377864 0.0175872028437 0.0175872028437
-0.371357381167 1.30110721053 -0.0183326223359 -0.0183326223359
-0.671657659686 0.770109407179 0.0189831627012 0.0189831627012
0.495770043249 1.19644449951 -0.0195625613459 -0.0195625613459
-0.439201615201 0.819639143919 0.0200880169573 0.0200880169573
0.433986337492 1.18413863061 -0.0205724263475 -0.0205724263475
0.738556479517 0.735583196856 0.0210257900952 0.0210257900952
1.10706199159 0.145470752265 -0.0214561338237 -0.0214561338237
-0.227544214189 1.18611552478 0.021870138302 0.021870138302
1.56517661519 0.60215917269 -0.0222735913815 -0.0222735913815
0.505857777738 -0.0152767481025 0.0226717314462 0.0226717314462
1.47541869673 -0.461391090268 -0.0230695282615 -0.0230695282615
0.515837619283 -0.724476107974 0.023471934424 0.023471934424
1.54497482869 0.422521005186 -0.0238841349603 -0.0238841349603
-0.196639436623 -0.992847375504 0.0243118222717 0.0243118222717
1.06479683499 -0.180251811877 -0.0247615284766 -0.0247615284766
0.792558325464 0.0689992448517 0.0252410587255 0.0252410587255
0.372124456169 -0.940709965126 -0.0257600909297 -0.0257600909297
0.599657909576 -1.0102933203 0.0263310471927 0.0263310471927
0.326874689934 -1.01470425294 -0.0269704156766 -0.0269704156766
-0.441735338671 -0.966362803782 0.0277008415873 0.0277008415873
-0.830157382244 -0.971115509476 -0.0285545854569 -0.0285545854569
-1.20647223771 0.648037511122 0.0295795386052 0.0295795386052
-0.795203449791 0.467928028269 -0.030850331031 -0.030850331031
-1.17976780537 0.497061039537 0.0324904075322 0.0324904075322
-0.897286758782 0.516382191263 -0.0347202189329 -0.0347202189329
-0.549834750215 0.476735484845 0.0379764489439 0.0379764489439
-0.278297848962 0.533528760985 -0.0432642620011 -0.0432642620011
-1.51650671151 0.425657204559 0.0535306571714 0.0535306571714
0.216145686391 1.36390061241 -0.0827405176714 -0.0827405176714
-0.28078126437 -0.135533627021 0.945492529128 0.945492529128
