14.0 11.0 4.62592926927e-18 4.62592926927e-18
7.44170877772 5.44495884883 -0.186432046766 -0.186432046766
-0.942739957579 -1.62128699097 0.0826804065155 0.0826804065155
-0.259230583761 -0.998456046039 0.063801372214 0.063801372214
2.47561390157 0.908537655072 -0.0830804771504 -0.0830804771504
1.0 -1.0 9.25185853854e-18 9.25185853854e-18
0.144196521463 -1.51640254056 0.0576581590828 0.0576581590828
1.34982437684 0.778566162968 -0.0302439306962 -0.0302439306962
0.614311568541 1.32467627005 -0.0258081840333 -0.0258081840333
-0.767488949417 0.465134845198 0.0356806305678 0.0356806305678
0.0 1.0 1.85037170771e-17 1.85037170771e-17
0.549343422208 1.44726425151 -0.0257343051351 -0.0257343051351
-0.288654657484 0.748804551075 0.0132975563707 0.0132975563707
-0.227451709354 0.770057064874 0.0109041189634 0.0109041189634
0.135366355908 1.34485745293 -0.0140327823311 -0.0140327823311
-1.0 1.0 0.0 0.0
-1.68807337549 0.680988026308 0.00734449610025 0.00734449610025
-0.504056936688 1.20489738462 -0.00257411331011 -0.00257411331011
0.188129400067 1.24024118963 -0.000641320771502 -0.000641320771502
-0.671898528063 0.383279218324 -0.00207678166632 -0.00207678166632
-1.0 2.59052039079e-16 1.38777878078e-17 1.38777878078e-17
-0.221138000123 0.568774283904 0.00842305429407 0.00842305429407
-0.118214015571 1.11789828401 -0.0072545801612 -0.0072545801612
-0.875080120383 1.0670020861 -0.00940123411164 -0.00940123411164
-0.786114529277 0.953370577879 0.0189012786869 0.0189012786869
2.22044604925e-16 1.0 1.61907524425e-17 1.61907524425e-17
-0.34547478235 0.503687888162 -0.0272351264252 -0.0272351264252
-1.15746946312 -0.110814452221 0.0198324630106 0.0198324630106
-0.420060874205 0.574021143961 0.0232411407193 0.0232411407193
0.325153787554 1.55600371356 -0.0440106362211 -0.0440106362211
-1.0 1.0 7.40148683083e-17 7.40148683083e-17
-1.80715412302 0.508268416283 0.0610207753354 0.0610207753354
-0.509049479898 1.2470699939 -0.0451069068713 -0.0451069068713
-0.511639689648 0.60879776121 -0.0550078038253 -0.0550078038253
-1.66711488197 -0.782584857239 0.111904197971 0.111904197971
3.70074341542e-17 1.0 5.55111512313e-17 5.55111512313e-17
1.15865177327 2.75590745473 -0.213810073642 -0.213810073642
-2.4501507895 -0.42524822922 0.233016796297 0.233016796297
-2.450772967 -1.64645276562 0.935275549273 0.935275549273
7.28672852877 5.56484802344 0.756134974383 0.756134974383
