14.0 6.0 6.72862439167e-18 6.72862439167e-18
2.89306506636 2.12051015354 -0.0915924040904 -0.0915924040904
-3.01466747312 0.00366041758955 0.108168727803 0.108168727803
0.525730895154 1.76170498348 -0.0930047642914 -0.0930047642914
-1.73726618026 0.527873955161 0.0615938384848 0.0615938384848
0.415133054157 1.18152397134 -0.02473802562 -0.02473802562
-0.785268214644 1.06280403898 -0.00883371268776 -0.00883371268776
-1.78776148742 0.772845243598 0.0327359575025 0.0327359575025
0.541579694934 1.29630586831 -0.043532895711 -0.043532895711
-1.01919417743 0.725225191528 0.040993638597 0.040993638597
-0.569062084947 1.18411296423 -0.027787485742 -0.027787485742
-0.0276533813994 0.943146657997 0.00864068647186 0.00864068647186
-0.0531870500979 0.928444097591 0.0108730445906 0.0108730445906
0.0698870134684 1.17114886238 -0.0256471788823 -0.0256471788823
0.371832409445 0.775344605349 0.0321783640477 0.0321783640477
1.05118572957 1.23318033962 -0.0292826634529 -0.0292826634529
-0.232302036048 0.773153049949 0.0182473481505 0.0182473481505
1.06232753242 -0.0129392673378 -0.00240118236081 -0.00240118236081
1.29510328873 -0.0782800470249 -0.0137836690885 -0.0137836690885
0.487332251992 0.711423401958 0.0258411668186 0.0258411668186
1.58797415519 0.808063367583 -0.0304408689144 -0.0304408689144
0.488073926105 -0.373972496021 0.0262325057699 0.0262325057699
1.29425845474 0.176414586612 -0.0142069965659 -0.0142069965659
1.06208023892 0.0359207385877 -0.00251385840185 -0.00251385840185
-0.229309769063 -0.960888081219 0.0194158903943 0.0194158903943
1.04332856912 -0.927339566213 -0.0316944674954 -0.0316944674954
0.387427048448 -1.10327770603 0.0354696980658 0.0354696980658
0.0424701337845 -0.934142828058 -0.0288352382472 -0.0288352382472
-0.0141314014342 -0.990667402432 0.0124941783925 0.0124941783925
0.859232690634 -0.110970447427 0.0101752137761 0.0101752137761
1.36403759848 0.25065195319 -0.033654482335 -0.033654482335
0.535448151925 -0.287291954782 0.0513138542459 0.0513138542459
1.25350295911 0.0715339876643 -0.0567073208219 -0.0567073208219
-0.584633737267 -1.47593349044 0.0448211313347 0.0448211313347
0.130667277975 -0.868257508069 -0.0129083110059 -0.0129083110059
-0.426346873511 0.16283170094 -0.0395607975914 -0.0395607975914
-2.3557491974 -0.60504370546 0.112864080394 0.112864080394
1.42608186859 1.37937306914 -0.215846696917 -0.215846696917
-2.32634857095 -0.161039351066 0.43661117861 0.43661117861
2.79330344392 1.01466482708 0.950423728894 0.950423728894
