13.0 8.0 0.0 0.0
1.67557606972 0.405145026315 -0.0329967942572 -0.0253141048256
0.324823628706 -1.29711932032 0.0459405496879 0.0332659354587
1.6450415436 0.111519215584 -0.0520075293718 -0.0362587720026
0.414385567571 -0.156367477289 0.0542814132729 0.0369108382567
1.48735692605 0.172966884395 -0.0540045459864 -0.0361501990165
0.692276205839 -0.225407513629 0.0518571902995 0.0344217922128
0.574020942493 0.746399559072 -0.0482998645808 -0.0319938149118
0.335928062984 1.06853150973 0.0436940088929 0.0290596878669
0.389669083072 0.956109967191 -0.0383515627013 -0.0257777985526
-1.23981899423 1.04647566697 0.0325567896667 0.0222883367499
0.385277723906 0.940609285712 -0.0265756842909 -0.0187204813349
-1.82882683734 1.07934095175 0.0206592778176 0.0151951088208
-0.139606927584 0.891508188027 -0.0150437832497 -0.0118252866554
-0.322384331199 1.1593867704 0.00994910040907 0.00871564465372
0.454263177257 0.686026541482 -0.00557654935521 -0.00596120272135
0.809209626931 0.0832470520098 0.00210637771499 0.00364598765306
0.0237449247107 1.10388776987 0.000304580973798 -0.00184164613246
1.08041703342 0.974980887707 -0.0015248102671 0.000606191786493
-0.125987363706 0.999756249596 0.00144933063284 1.70171802408e-05
-1.0 1.0 -7.01193489237e-17 1.31473779232e-17
0.02490950791 1.04270076842 -0.0028753690034 -0.000669476158262
-0.96945380939 0.00851194662949 0.00720541885827 0.00198791492502
-0.923401426621 0.901755830766 -0.012999695385 -0.00393652709454
-1.22751580548 0.230057540203 0.0202559781767 0.00648210809613
0.0401389526873 0.58245577266 -0.0289719994027 -0.00957838123253
-0.849005484786 0.711962030214 0.039164422944 0.0131678423169
-0.867962625826 -0.618697679676 -0.0509009278677 -0.0171841694633
-1.2862733923 1.12929655895 0.0643581909083 0.0215553218912
-0.569682794609 0.187849937565 -0.0799364008755 -0.0262075748865
-1.60529952399 0.238755407357 0.0985125823681 0.0310709939191
0.0280746043554 -0.656904448041 -0.122090731373 -0.0360874046928
-0.572577091691 -0.823106604857 0.155859276632 0.0412231944778
0.79307775032 -1.40563275208 -0.217313602467 -0.0464924997795
-1.04816075237 -0.15798154896 0.419477642738 0.0520054167113
1.68799448588 -1.33448882955 0.842102454091 -0.0580856588842
3.28534471562 -6.02248162655 -0.0897801919028 0.0656228342677
1.25688951939 1.1517689339 -0.0109988491682 -0.0775032922379
0.427983813291 -0.679661177687 0.0780583607301 0.109090639409
0.581658558579 0.503684831425 1.00771910259 0.995887062876
