12.0 26.0 -5.69345140833e-18 -5.69345140833e-18
1.32253717702 -0.313094711202 -0.0126987193734 -0.0126987193734
-0.306838461556 -1.68678953161 0.0170394541689 0.0170394541689
1.2659428652 -0.312704247417 -0.0192511077136 -0.0192511077136
-0.191566276166 -1.68752111231 0.0206049999974 0.0206049999974
1.04514703067 -0.312985970424 -0.021528612988 -0.021528612988
0.970217634142 -1.68529167009 0.0222061391504 0.0222061391504
0.202303764267 -0.31841375391 -0.0227300593561 -0.0227300593561
0.668168221819 -1.67442579562 0.0231519577695 0.0231519577695
0.50617370919 -0.339482859952 -0.0235029277516 -0.0235029277516
-0.336371347129 -1.63074416541 0.023802875328 0.023802875328
0.22289137836 -0.452213503546 -0.0240651832856 -0.0240651832856
0.41060147109 -0.887012702471 0.0242992296542 0.0242992296542
1.38296152393 0.156591518101 -0.0245118320896 -0.0245118320896
0.732369867366 -1.93748653344 0.0247081193806 0.0247081193806
0.735852630128 -0.108082581171 -0.0248920813543 -0.0248920813543
-0.479918356889 -1.88409877854 0.0250669307312 0.0250669307312
0.403018892103 -0.0993537502982 -0.0252353516641 -0.0252353516641
-0.319248994767 -1.96311146035 0.0253996788933 0.0253996788933
-0.0764669861339 0.355007032698 -0.0255620347504 -0.0255620347504
-1.58987655457 -0.697277159545 0.0257244420801 0.0257244420801
-0.463141064208 0.771711605645 -0.0258889263018 -0.0258889263018
-1.52867356943 -0.819215857853 0.026057617748 0.026057617748
-0.452791021966 0.872836800032 -0.0262328654719 -0.0262328654719
-1.61050025251 -0.965709482093 0.0264173759163 0.0264173759163
-0.107983598915 1.28169913596 -0.026614394861 -0.026614394861
-0.618267083222 -0.0690724294746 0.0268279605161 0.0268279605161
-0.757502923806 0.918887132934 -0.0270632728502 -0.0270632728502
-1.38266180923 0.215525137375 0.0273272560562 0.0273272560562
-0.395601848239 0.637405865708 -0.0276294519257 -0.0276294519257
-0.404085943156 0.623206801516 0.0279835040757 0.0279835040757
-0.766483203035 1.4796371253 -0.0284097532263 -0.0284097532263
0.0712180155956 0.490731311426 0.0289400600007 0.0289400600007
1.287980687 1.45951361661 -0.0296274663537 -0.0296274663537
0.725758823661 -0.70956869438 0.0305675057107 0.0305675057107
1.27987133069 0.674280334027 -0.0319516796148 -0.0319516796148
0.712043953715 -0.6688699339 0.0342288041485 0.0342288041485
1.29801940272 0.669325783259 -0.0387566747277 -0.0387566747277
0.68275886636 -0.67096025092 0.0524666014946 0.0524666014946
0.272398460138 0.671743119948 0.99897290848 0.99897290848
