12.5714285714 25.380952381 0.0238095238095 0.0238095238095
-0.127698709078 -1.67512366163 0.000583000741789 0.000583000741789
1.12719505669 -0.313588944542 -0.00851511321389 -0.00851511321389
-0.139144388695 -1.69807519607 0.0124814417139 0.0124814417139
1.16687353698 -0.287864376215 -0.0148849997004 -0.0148849997004
-0.221219871632 -1.73211170283 0.016514152402 0.016514152402
1.33703097552 -0.233957797369 -0.0177038481231 -0.0177038481231
-0.72867659079 -1.8413339363 0.0186207139904 0.0186207139904
0.950436904016 0.173910878217 -0.0193570800385 -0.0193570800385
0.31507637634 -0.973818492021 0.0199683222892 0.0199683222892
0.113404917607 -0.527390469833 -0.0204897520254 -0.0204897520254
-0.109792700023 -1.61009933956 0.020945030949 0.020945030949
-0.355600261412 0.102457287687 -0.0213506929179 -0.0213506929179
-1.35235192461 -0.364704802506 0.0217187267508 0.0217187267508
-0.768820901719 0.350926734896 -0.0220581292269 -0.0220581292269
-0.51288668996 0.323096747105 0.0223758819255 0.0223758819255
-0.361003531833 0.826064486723 -0.0226775920543 -0.0226775920543
-1.47854064018 -0.677754944931 0.0229679311678 0.0229679311678
-0.567854421088 0.634949811146 -0.0232509501987 -0.0232509501987
-1.41356492763 -0.607707607945 0.0235303192108 0.0235303192108
-0.571428571429 -0.380952380952 -0.0238095238095 -0.0238095238095
0.62610962803 -1.5764596105 0.0240920413768 0.0240920413768
0.245058306645 -0.476048897366 -0.0243815164194 -0.0243815164194
-0.158796010441 -1.38077396117 0.0246819541514 0.0246819541514
1.36338915584 0.433709891193 -0.0249979549275 -0.0249979549275
0.736970479249 -1.47880192214 0.0253350203546 0.0253350203546
1.0136926688 0.546139924038 -0.0256999774643 -0.0256999774643
-0.189813531705 -1.6782044703 0.0261015956663 0.0261015956663
1.59793830777 1.13072881297 -0.0265515234665 -0.0265515234665
0.483778446533 -1.40275750492 0.0270657716102 0.0270657716102
1.49079141452 0.137307184747 -0.0276671686087 -0.0276671686087
0.506923493625 -0.522658439053 0.0283896371375 0.0283896371375
1.54320172415 0.531044331459 -0.0292861021864 -0.0292861021864
-0.0658189933631 -0.0319378880231 0.0304442366887 0.0304442366887
0.294489816905 1.82405217249 -0.0320209154583 -0.0320209154583
-0.348747861665 0.194361127337 0.0343277335849 0.0343277335849
0.409737553166 1.84749904872 -0.0380848797746 -0.0380848797746
-1.21271959323 -0.651954179881 0.0454189056865 0.0454189056865
0.129422443945 1.59245631275 -0.0665749720287 -0.0665749720287
-0.195612514413 -0.572243273046 0.972371702816 0.972371702816
