12.0 8.0 -1.13869028167e-17 -5.69345140833e-18
0.311855002449 1.18888076381 -0.0105454803796 -0.0126987193734
-1.23874528339 0.807918178419 0.0128585254895 0.0170394541689
-0.797039004943 1.18735654222 -0.0131342092642 -0.0192511077136
-0.285141101749 0.848387495647 0.0126152177487 0.0206049999974
-0.620971355064 0.290493873179 -0.0117037682846 -0.021528612988
-0.542706290458 0.526991290467 0.0105607290068 0.0222061391504
0.536710569196 1.47962132855 -0.00925598435394 -0.0227300593561
-1.31127928291 -0.262885094941 0.00781811646544 0.0231519577695
0.113846602515 1.06712532686 -0.00625363378717 -0.0235029277516
-0.30297435285 0.771759153324 0.00455492242973 0.023802875328
0.967012976529 1.33576984511 -0.00270321830539 -0.0240651832856
0.872777119724 0.0391584112027 0.000668858513051 0.0242992296542
1.16577180867 0.148150096406 0.00159048147316 -0.0245118320896
0.819541628139 -0.202678769165 -0.0041336651092 0.0247081193806
1.18569686039 0.23484845695 0.00704287823135 -0.0248920813543
0.81462127426 -0.260899269678 -0.0104350850265 0.0250669307312
1.18029191389 0.286672325862 0.0144817339951 -0.0252353516641
0.830924586582 -0.316721416553 -0.0194441404987 0.0253996788933
1.14607558622 0.358908537944 0.0257409838047 -0.0255620347504
0.912742646552 -0.4395804157 -0.0340877122458 0.0257244420801
0.756623520716 0.798333420664 0.0458162769554 -0.0258889263018
-0.378555955401 0.7813490686 -0.0637218618051 0.026057617748
0.352677064198 1.32628921679 0.0948334070596 -0.0262328654719
-0.575326125459 0.588100405802 -0.163314159681 0.0264173759163
-0.857048237957 1.43037545653 0.44411242246 -0.026614394861
0.804015542371 -1.91115362256 0.837267282509 0.0268279605161
1.82315905598 -3.42710688722 -0.232285753949 -0.0270632728502
-0.578417217729 -0.530636232614 0.139934777868 0.0273272560562
0.404594165578 -1.17894192149 -0.102400540997 -0.0276294519257
-0.326047222631 -0.940199925764 0.0819921410843 0.0279835040757
0.259612173952 -0.993916062395 -0.0691672433578 -0.0284097532263
-0.122899828497 -1.04850484062 0.0604091527111 0.0289400600007
1.29418175863 -0.921531863524 -0.0541501461081 -0.0296274663537
-0.460099602546 -1.10093920089 0.0496395655638 0.0305675057107
0.384619251944 -0.881608192708 -0.0465833793576 -0.0319516796148
-0.353323026858 -1.13195139631 0.0451313333114 0.0342288041485
0.335097513986 -0.85866811936 -0.0464464079139 -0.0387566747277
-0.322697250736 -1.14059074174 0.0573270273063 0.0524666014946
0.31364302952 0.205870932743 0.99665260772 0.99897290848
