22.9115829595 6.7589293886 0.0463875480774 0.0463875480774
-1.61705650429 0.747631691509 -0.0103989467788 -0.0103989467788
-0.397036325963 0.112725989847 -0.00111723372709 -0.00111723372709
-1.59471979213 -0.139914104564 0.00684194917684 0.00684194917684
-0.411286986087 0.148338936544 -0.0103001946599 -0.0103001946599
-1.5836993966 -0.15181272423 0.0126395740335 0.0126395740335
-0.420928402355 0.153134237539 -0.0143455484586 -0.0143455484586
-1.57441537429 -0.153130651736 0.0156589352274 0.0156589352274
-0.430676892548 0.15198050581 -0.0167129040466 -0.0167129040466
-1.56323139538 -0.149464449781 0.0175872028437 0.0175872028437
-0.444881626018 0.1448258311 -0.0183326223359 -0.0183326223359
-1.54257696391 -0.135953180618 0.0189831627012 0.0189831627012
-0.483090940327 0.114631095414 -0.0195625613459 -0.0195625613459
-0.572125945174 0.82406495797 0.0200880169573 0.0200880169573
0.466376583519 1.08103298298 -0.0205724263475 -0.0205724263475
-1.46122350388 -0.103232901959 0.0210257900952 0.0210257900952
0.511524980213 1.28506191085 -0.0214561338237 -0.0214561338237
-1.65857230386 0.763380141849 0.021870138302 0.021870138302
1.28330549284 1.21115613384 -0.0222735913815 -0.0222735913815
-0.0775985015136 0.834092558361 0.0226717314462 0.0226717314462
0.91118348851 0.829540022959 -0.0230695282615 -0.0230695282615
0.669103870817 -0.548869775313 0.023471934424 0.023471934424
1.38431339117 1.09596181537 -0.0238841349603 -0.0238841349603
0.650561009878 0.0177232268854 0.0243118222717 0.0243118222717
0.620276240008 0.931908623465 -0.0247615284766 -0.0247615284766
0.298837328712 0.100255772287 0.0252410587255 0.0252410587255
1.58408553109 0.0315129525739 -0.0257600909297 -0.0257600909297
0.468935073339 0.912528812149 0.0263310471927 0.0263310471927
1.43517016207 1.09350596928 -0.0269704156766 -0.0269704156766
-0.566997472604 0.900802658585 0.0277008415873 0.0277008415873
0.369164130117 1.0999112529 -0.0285545854569 -0.0285545854569
-1.71167353999 0.90591253945 0.0295795386052 0.0295795386052
-0.353218844144 1.07596967108 -0.030850331031 -0.030850331031
-1.62056526186 0.980649962618 0.0324904075322 0.0324904075322
-0.395138316411 0.602519672536 -0.0347202189329 -0.0347202189329
-1.59285661606 -0.283256416944 0.0379764489439 0.0379764489439
-0.418724025838 0.232011255626 -0.0432642620011 -0.0432642620011
-1.56615168368 -0.215018742105 0.0535306571714 0.0535306571714
-0.46701510587 0.210277708656 -0.0827405176714 -0.0827405176714
-0.666865497733 -0.215511377888 0.945492529128 0.945492529128
