9.33036368407 7.78283409495 0.106678401451 0.106678401451
1.07085853167 0.106818595617 -0.0386198285181 -0.0386198285181
1.05777459346 -0.399480326282 0.0178365494932 0.0178365494932
0.867162597648 -0.616306046262 -0.00767553570551 -0.00767553570551
1.18423905955 -0.394715896995 0.00159110820153 0.00159110820153
0.775780586591 -0.59355813202 0.00250208821776 0.00250208821776
1.25997267834 0.297233508853 -0.00547555138759 -0.00547555138759
0.700718266677 -0.110671752608 0.00775818913588 0.00775818913588
1.36282197599 1.02948114143 -0.00958585460569 -0.00958585460569
0.371744844204 -0.0524988741681 0.0110991898635 0.0110991898635
0.163565379368 1.45893286085 -0.0123874688029 -0.0123874688029
-0.235469750407 0.632895569862 0.0135102877648 0.0135102877648
0.270433079504 1.3241119789 -0.0145091551538 -0.0145091551538
-0.296389720272 0.703838999512 0.0154140807819 0.0154140807819
0.321791819599 1.27373054145 -0.0162475222392 -0.0162475222392
-0.355010723517 0.748548266188 0.0170268583187 0.0170268583187
0.422751259896 1.22183200685 -0.0177660060442 -0.0177660060442
-0.853620084662 0.84235822993 0.0184765236671 0.0184765236671
-0.807118101596 0.578035698684 -0.0191683993197 -0.0191683993197
-1.25327122268 -0.359875693535 0.0198506480202 0.0198506480202
-0.71976930388 0.313847297469 -0.0205317974483 -0.0205317974483
-1.29655960171 -0.292860891745 0.0212203202937 0.0212203202937
-0.692290780772 0.279978076135 -0.0219250606741 -0.0219250606741
-1.31521462807 -0.270563379346 0.0226557009985 0.0226557009985
-0.681188276932 0.262495644159 -0.0234233233872 -0.0234233233872
-1.31596574078 -0.253681899182 0.0242411386667 0.0242411386667
-0.702768181491 0.238459306414 -0.0251254920612 -0.0251254920612
-1.20736606414 -0.176908169697 0.026097320507 0.026097320507
0.197636809326 1.33147389712 -0.027184357638 -0.027184357638
-1.31462550866 0.671999976635 0.0284246127249 0.0284246127249
1.13032563565 1.37737930894 -0.0298721081928 -0.0298721081928
0.552606605748 0.104724498957 0.0316068269117 0.0316068269117
1.4962502022 0.14687013729 -0.0337530077361 -0.0337530077361
0.468877030116 -0.202595038073 0.0365153267304 0.0365153267304
1.57023961253 0.253726017751 -0.0402573720228 -0.0402573720228
0.388436010701 -0.44094853456 0.0456940932212 0.0456940932212
1.49081967305 -0.918427706665 -0.0544530895758 -0.0544530895758
-1.45093950575 -1.18020904419 0.0712166405387 0.0712166405387
5.08941545879 -0.244705198885 -0.117232928949 -0.117232928949
1.21385136588 0.0481400607172 0.865343171344 0.865343171344
