9.0 13.0 3.08395284618e-18 3.08395284618e-18
0.97146479752 2.36280400725 -0.0512947984164 -0.0512947984164
-0.92953855136 -0.309149759317 0.0654854967475 0.0654854967475
0.878123852033 2.20642062005 -0.0671638034914 -0.0671638034914
-0.846713555025 -0.0754545660419 0.0622374651096 0.0622374651096
1.08613601431 1.95051240148 -0.0533606146381 -0.0533606146381
0.682459194525 -0.00175775200422 0.0422780161694 0.0422780161694
1.26247352409 0.295123861099 -0.0303701033022 -0.0303701033022
0.826908966394 -0.200650289988 0.0187824884574 0.0187824884574
1.08182142567 0.0890072524927 -0.00843528207301 -0.00843528207301
1.0 -2.46716227694e-17 -6.16790569236e-18 -6.16790569236e-18
0.933093856738 -0.0537927894514 0.0061227688875 0.0061227688875
1.11644184198 0.0678538223418 -0.00981047251521 -0.00981047251521
0.851710011167 -0.0412720464408 0.0112044720555 0.0112044720555
1.16379133099 -0.0275402455632 -0.0106736604121 -0.0106736604121
0.834486585112 0.154974738535 0.00875829969108 0.00875829969108
1.15680329403 -0.502040021556 -0.0060991304882 -0.0060991304882
0.858633543518 -0.796075601022 0.00335856666438 0.00335856666438
1.12307209787 -0.00947921020812 -0.00114172080001 -0.00114172080001
0.893007547959 -1.09817213918 -7.49097348613e-05 -7.49097348613e-05
-3.94745964311e-16 -1.0 -6.16790569236e-18 -6.16790569236e-18
0.00252587810565 -0.993045638756 0.00143643639137 0.00143643639137
-0.0466371294694 -0.952820962946 -0.00407087008485 -0.00407087008485
0.156688795237 -1.18833999108 0.00751925832543 0.00751925832543
-0.724283640556 -0.202832298898 -0.01121387611 -0.01121387611
-0.625036433101 -0.484948325827 0.0144601958487 0.0144601958487
-0.0346683401351 -0.838791562026 -0.0165079463602 -0.0165079463602
-1.37067190081 0.26856289426 0.0166289190243 0.0166289190243
-0.784729335013 -0.228193698009 -0.0141931645695 -0.0141931645695
-1.10537080156 -1.01546410943 0.00873494383417 0.00873494383417
-1.0 1.97372982156e-16 -1.23358113847e-17 -1.23358113847e-17
-0.889294479699 0.126722598571 -0.0120340513397 -0.0120340513397
-1.22816882725 -0.241716040593 0.0271733037616 0.0271733037616
-0.650016770793 0.321946733691 -0.0450732516507 -0.0450732516507
-1.47143736265 0.0234330499608 0.0653874300094 0.0653874300094
-0.413828141042 1.59627271921 -0.0880998556212 -0.0880998556212
-1.68611266895 -1.41679614103 0.114429954317 0.114429954317
-0.241205305402 1.64875462631 -0.150368308578 -0.150368308578
-1.76163175983 -0.41739765746 0.233492242324 0.233492242324
1.04081355649 1.31667485491 0.983606673679 0.983606673679
