16.0 6.0 0.0 0.0
2.87995208912 1.90422020464 -0.0773510129099 -0.0773510129099
-3.39232987787 0.113864836933 0.0933900615642 0.0933900615642
1.64007455208 1.87567327703 -0.0853615328236 -0.0853615328236
-1.76812383151 -0.0270065388373 0.0649691986795 0.0649691986795
-0.0645645994463 0.47087050827 -0.0394553283386 -0.0394553283386
-0.283664316555 0.89013714743 0.0143802258003 0.0143802258003
-1.09021063194 -0.0107041512611 0.00615161852257 0.00615161852257
0.151136221851 0.838381035348 -0.0196823665576 -0.0196823665576
-0.928491166398 1.05005711316 0.0254895289727 0.0254895289727
-0.502205003614 1.02027256635 -0.0244232188356 -0.0244232188356
0.118328352761 0.942150212183 0.018490381429 0.018490381429
-0.0525155207397 1.05948356537 -0.010267146141 -0.010267146141
0.0176428597982 0.978041698574 0.00226456617359 0.00226456617359
0.0562963678892 0.939354374814 0.00361792790843 0.00361792790843
-0.237821321545 1.21942739012 -0.00644016670282 -0.00644016670282
0.932931597693 0.180033948471 0.00630683663085 0.00630683663085
0.146506387598 0.37783572816 -0.00418916393371 -0.00418916393371
-1.04819345811 1.12602833463 0.00154118202894 0.00154118202894
0.166346335954 0.9785068095 0.000185079310501 0.000185079310501
3.39597631062e-16 1.0 1.63268091857e-18 1.63268091857e-18
0.7737987142 1.0001432987 -0.00230499342272 -0.00230499342272
1.25227586548 0.538638463457 0.00606257038076 0.00606257038076
0.742330546745 -0.96939326893 -0.0098859819914 -0.0098859819914
1.26746805312 -0.452998069294 0.0120433499686 0.0120433499686
0.659886396193 -0.216476198123 -0.0109624218013 -0.0109624218013
0.0355475460422 -0.972192677602 0.0057443539056 0.0057443539056
0.972135025994 -0.0170152771436 0.00344126131754 0.00344126131754
0.272606533686 -0.815309559982 -0.015184560309 -0.015184560309
0.301469729644 -0.494286531157 0.0269427625693 0.0269427625693
1.20619845191 -0.111541083168 -0.0354192421948 -0.0354192421948
-0.764348792827 -1.38293806882 0.0371413823859 0.0371413823859
0.510512674719 -0.836960525749 -0.0291091680116 -0.0291091680116
-0.163048660036 -1.01547566558 0.00934807165666 0.00934807165666
-1.20402077143 -0.168133712116 0.0228321592718 0.0228321592718
-0.321808272437 0.240442607462 -0.0671606763483 -0.0671606763483
-2.1945951744 0.158915141883 0.124063273345 0.124063273345
0.679306180466 1.44779084625 -0.201444152009 -0.201444152009
-3.00403124053 -1.06920254205 0.367369856683 0.367369856683
2.70781039172 1.03289417284 0.963336072061 0.963336072061
