13.0 25.0 3.52021934637e-17 3.52021934637e-17
-0.326625744787 -1.6176590031 0.0123826178158 0.0123826178158
0.325158331361 -0.391887592427 -0.0164756780662 -0.0164756780662
-0.28756344807 -1.60057770945 0.0185347976164 0.0185347976164
1.37447946659 -0.405844038344 -0.019786673058 -0.019786673058
-0.538574412681 -1.58863519925 0.0206369581156 0.0206369581156
0.612328396806 -0.415816330251 -0.0212587795628 -0.0212587795628
0.51014244964 -1.58159474037 0.0217385179891 0.0217385179891
0.296018430705 -0.416482967864 -0.0221241389519 -0.0221241389519
-0.393434968473 -1.60093516661 0.0224444563122 0.0224444563122
0.566837676509 -0.277034774434 -0.0227178669031 -0.0227178669031
0.759818049831 -0.329177873571 0.0229567111664 0.0229567111664
1.31710980234 0.194042763625 -0.0231696199267 -0.0231696199267
0.637078638371 -1.61062308078 0.0233628565914 0.0233628565914
1.42556955421 -0.455406994679 -0.0235411250866 -0.0235411250866
0.321029048949 -1.50999771289 0.0237080785581 0.0237080785581
0.180259906535 -0.523919886854 -0.0238666534135 -0.0238666534135
-0.215210917225 -1.4278400958 0.0240192982475 0.0240192982475
-0.0343145191847 -0.669506737053 -0.0241681384263 -0.0241681384263
-1.65042216633 -0.904887957297 0.024315101533 0.024315101533
0.032216689603 0.0869017657844 -0.0244620203335 -0.0244620203335
-0.786005617016 -1.27438497918 0.024610725378 0.024610725378
-0.794097394816 0.870555331253 -0.0247631373625 -0.0247631373625
-1.35781160886 -0.843894744321 0.024921369333 0.024921369333
-0.0929363323615 1.31015857821 -0.0250878506979 -0.0250878506979
-0.655775728357 -0.00786775967997 0.0252654894082 0.0252654894082
-1.13390715628 0.181214487066 -0.0254578969632 -0.0254578969632
-0.290926953917 0.424283830852 0.0256697160196 0.0256697160196
-0.547724241338 0.709251324772 -0.0259071182813 -0.0259071182813
-0.561811615953 0.209856317351 0.0261785936118 0.0261785936118
-0.333744177567 0.860694563153 -0.0264962579393 -0.0264962579393
-0.81920589036 0.0350217119711 0.0268781339259 0.0268781339259
0.72251518208 1.76942449572 -0.0273523749998 -0.0273523749998
-1.52350784424 0.298998391024 0.0279656919041 0.0279656919041
1.20925703873 1.65641855022 -0.0288018377032 -0.0288018377032
-0.229762478518 0.398367263472 0.0300276478108 0.0300276478108
1.18949837022 0.736156713394 -0.0320304125295 -0.0320304125295
0.718682689061 -0.669955827537 0.035962395607 0.035962395607
1.32331205619 0.645038815888 -0.0474746648521 -0.0474746648521
-0.289411976033 -0.628307390554 0.998972844211 0.998972844211
