6.0 9.0 1.42336285208e-16 -5.69345140833e-18
1.11902998021 0.232562277693 -0.0154935999778 -0.0126987193734
0.893173318575 -0.229976474459 0.0222348856492 0.0170394541689
1.09535097763 0.223604816188 -0.0265549626477 -0.0192511077136
0.915203524413 -0.211472364429 0.0297973335339 0.0206049999974
1.07494948756 0.186727343415 -0.0324423327352 -0.021528612988
0.934484456754 -0.118649360788 0.034714186906 0.0222061391504
1.05613265664 -0.706708871287 -0.0367367376993 -0.0227300593561
0.953720169187 -0.475230457355 0.0385870076175 0.0231519577695
1.03502074874 0.351824412026 -0.0403175130625 -0.0235029277516
0.979775500463 -0.301197567922 0.0419669578189 0.023802875328
0.995507824583 0.228666757978 -0.0435659750659 -0.0240651832856
1.06851877271 0.36939130677 0.0451405500476 0.0242992296542
0.371050823196 1.47507698728 -0.0467142987567 -0.0245118320896
-0.204153453441 0.530740208857 0.0483101943656 0.0247081193806
0.235384583973 1.54075331377 -0.0499520870854 -0.0248920813543
-0.733212109731 -0.069971700925 0.0516662676856 0.0250669307312
-0.615656122458 0.764651961081 -0.0534833135423 -0.0252353516641
0.380860466836 0.908441955619 0.0554405134196 0.0253996788933
-0.764334817501 1.16075696679 -0.0575853111171 -0.0255620347504
-0.567227268468 0.812770754905 0.059980497459 0.0257244420801
0.159683611383 1.19758552696 -0.0627124514539 -0.0258889263018
-0.0830859213564 0.802362062963 0.0659048989845 0.026057617748
0.0592366857379 1.18524677238 -0.0697431835194 -0.0262328654719
-0.0755478370736 0.85741206496 0.0745199314479 0.0264173759163
0.279727851239 0.913420445446 -0.0807280686263 -0.026614394861
1.24760062535 -0.412785221013 0.0892706606405 0.0268279605161
0.7784865968 0.35170144191 -0.102004456599 -0.0270632728502
1.25285340011 -0.335146967528 0.123460456761 0.0273272560562
0.676091155552 0.335919476703 -0.168397808485 -0.0276294519257
1.42402012734 -0.357291550542 0.32827158479 0.0279835040757
-1.57987493736 0.465734579633 0.890421593525 -0.0284097532263
-5.69835132936 0.836052508984 -0.127217897138 0.0289400600007
0.95865676401 1.21953886888 0.0472324899945 -0.0296274663537
-0.525347955293 0.762483602928 -0.0158045979275 0.0305675057107
0.363846973326 1.24611786154 -0.00187101805727 -0.0319516796148
-0.279286739781 0.748386250498 0.014388505328 0.0342288041485
0.227073658048 1.25715315648 -0.0260227140505 -0.0387566747277
-0.191690054934 0.729834794632 0.0450090882516 0.0524666014946
0.166943190996 0.215819751298 1.0023127746 0.99897290848
