15.0 26.0 0.0 0.0
2.55726382198 3.5351039415 -0.0773510129099 -0.0773510129099
-2.26686624109 -4.99372824055 0.0933900615642 0.0933900615642
1.82333477995 2.20045274397 -0.0853615328236 -0.0853615328236
-1.29166961336 -3.26496112654 0.0649691986795 0.0649691986795
0.745790776158 0.31293817846 -0.0394553283386 -0.0394553283386
-0.258836052354 -1.46298603324 0.0143802258003 0.0143802258003
-0.10252683738 -1.19300091375 0.00615161852257 0.00615161852257
0.261340791587 -0.396511541705 -0.0196823665576 -0.0196823665576
0.244691935156 -1.7627941037 0.0254895289727 0.0254895289727
1.21750862616 -0.292166573564 -0.0244232188356 -0.0244232188356
-0.698798028707 -1.50747588289 0.018490381429 0.018490381429
0.407483323402 -0.751695047185 -0.010267146141 -0.010267146141
-0.117216241987 -1.03085582581 0.00226456617359 0.00226456617359
-1.07070853052 -0.179408350894 0.00361792790843 0.00361792790843
-0.745247351248 0.234684577234 -0.00644016670282 -0.00644016670282
-1.43463864236 -0.125905259509 0.00630683663085 0.00630683663085
-0.197925614942 -0.309897109947 -0.00418916393371 -0.00418916393371
-0.349959530847 -0.988071258734 0.00154118202894 0.00154118202894
-0.949289285916 0.107440545625 0.000185079310501 0.000185079310501
0.0 -1.0 1.63268091857e-18 1.63268091857e-18
0.0537663326605 -1.17045208327 -0.00230499342272 -0.00230499342272
-0.035649791254 -0.753966424838 0.00606257038076 0.00606257038076
-0.0475444269592 -1.30928543934 -0.0098859819914 -0.0098859819914
0.346696501588 -0.449558195732 0.0120433499686 0.0120433499686
1.0042633438 -0.130140022657 -0.0109624218013 -0.0109624218013
-0.101819485853 -1.03868751953 0.0057443539056 0.0057443539056
0.887008860294 -0.0624193951308 0.00344126131754 0.00344126131754
1.34561214545 -0.627505344361 -0.015184560309 -0.015184560309
0.496129359617 -0.37676603346 0.0269427625693 0.0269427625693
1.57532115592 1.79842107055 -0.0354192421948 -0.0354192421948
0.476498490865 -1.32369078188 0.0371413823859 0.0371413823859
1.2989175778 0.985312991845 -0.0291091680116 -0.0291091680116
-0.176151944791 0.794168553533 0.00934807165666 0.00934807165666
-0.370515143546 0.492106618273 0.0228321592718 0.0228321592718
1.02924301138 2.4246307747 -0.0671606763483 -0.0671606763483
-2.15260845796 -1.42525058107 0.124063273345 0.124063273345
1.20750206022 4.39824425334 -0.201444152009 -0.201444152009
-2.11960863277 -3.29014506557 0.367369856683 0.367369856683
2.50920695985 4.40440814113 0.963336072061 0.963336072061
