17.0 7.0 0.0 0.0
10.2116029086 5.02012640936 -0.208264988505 -0.208264988505
-1.0 1.0 0.0 0.0
-4.23042243435 -0.370300609146 0.120710678119 0.120710678119
-3.99680288865e-16 1.0 0.0 0.0
2.32993516292 1.80585665307 -0.0815925843564 -0.0815925843564
-1.99840144433e-16 1.0 -8.881784197e-17 -8.881784197e-17
-1.60778461218 0.451902015556 0.0585424783056 0.0585424783056
0.0 1.0 0.0 0.0
1.25443966465 1.39395890411 -0.0427040342732 -0.0427040342732
6.88582704612e-16 1.0 0.0 0.0
-1.37711726349 0.713135754954 0.030640039407 0.030640039407
-1.0 1.0 0.0 0.0
-0.130268010922 1.20455091456 -0.0207106781187 -0.0207106781187
-1.66533453694e-16 1.0 0.0 0.0
-0.0928639945632 0.863731993334 0.012003937954 0.012003937954
3.5527136788e-16 1.0 0.0 0.0
-0.0166437329006 1.07595871307 -0.00393508534123 -0.00393508534123
-2.45381326706e-16 1.0 0.0 0.0
0.210957184106 0.980324573294 -0.00393508534123 -0.00393508534123
7.77156117238e-17 1.0 0.0 0.0
-0.756814080574 0.964385549999 0.012003937954 0.012003937954
-1.0 1.0 0.0 0.0
-0.384604171976 1.09273430584 -0.0207106781187 -0.0207106781187
3.5527136788e-16 1.0 0.0 0.0
-0.186460516874 0.845095891881 0.030640039407 0.030640039407
-1.54298962159e-16 1.0 0.0 0.0
0.441591348038 1.22654427072 -0.0427040342732 -0.0427040342732
4.32986979604e-16 1.0 0.0 0.0
-0.687019975649 0.685233316055 0.0585424783056 0.0585424783056
6.2172489379e-16 1.0 0.0 0.0
0.983318772504 1.43284745419 -0.0815925843564 -0.0815925843564
0.0 1.0 0.0 0.0
-1.39897729275 0.389733815743 0.120710678119 0.120710678119
-1.55675652792e-16 1.0 0.0 0.0
2.09103013501 1.93252905722 -0.208264988505 -0.208264988505
-4.4408920985e-16 1.0 0.0 0.0
-3.61979412646 -0.884900167836 0.635310236809 0.635310236809
-1.66533453694e-16 -8.881784197e-17 1.0 1.0
10.9658950369 4.17655118404 0.635310236809 0.635310236809
