9.68426239904 6.66185014287 0.205838252524 0.18402748378
-0.194737518827 0.765737774448 -0.0930071989181 -0.0718658719778
0.116069130085 1.24830406194 0.0605510501376 0.0400379628756
0.571734444823 0.734403200483 -0.0447727930252 -0.0248575745586
0.373684457904 1.31596929099 0.0352222759381 0.0158836368426
1.03141114504 0.366288672436 -0.0286701406646 -0.00989472163643
0.41922806764 0.598014005347 0.0237864878663 0.00556816886198
-0.0655999926668 1.14982855352 -0.0199208379057 -0.00226042978669
-0.2510676958 0.66081702883 0.0167151835164 -0.0003795313902
-0.627210986278 0.39585740636 -0.0139540989483 0.00255977509992
-0.493357784913 0.531663356899 0.0114979905987 -0.00441173932052
-0.260342322463 0.669400888329 -0.00925002692053 0.0060228229432
-0.19017729982 0.931778970911 0.00713818865591 -0.00745369309225
-0.719242714052 0.0870385026625 -0.00510457829311 0.00874807774278
0.246728832495 1.56981980289 0.00309826378219 -0.00993860635755
0.0542613226244 0.313210321986 -0.00106962003086 0.0110504570345
0.798930453675 0.738259579239 -0.00103525436791 -0.0121037324152
0.289586850524 0.236408754887 0.00328150384656 0.0131150742864
1.33757462429 0.0974180751417 -0.00575607207896 -0.014098813056
0.817355283175 -0.336675407049 0.00858615727086 0.015067833218
0.735987062793 -1.01965715868 -0.011975426375 -0.016034272771
-0.297488285909 -1.03097713318 0.0162837755773 0.0170101405852
0.180733310831 -0.951338939988 -0.0222293719107 -0.0180079198383
-0.0558669334167 -1.08008503089 0.0315100474244 0.019041223005
-0.500710966347 -0.491989199336 -0.0494034010657 -0.0201255737216
-0.404224903685 -0.355357326689 0.10504245688 0.0212794160923
0.121032409095 -1.06573010922 0.762315076655 -0.0225255006388
0.342988568368 -1.84264868065 -0.0748760115174 0.0238928848492
0.571135269664 -0.19248625784 0.0350581051387 -0.0254199493029
-0.123394632846 -1.25162396423 -0.0194716741745 0.0271591392176
0.878708017675 -0.0170207876455 0.0102323207315 -0.0291847534313
0.241112056197 -0.869309395266 -0.00334049763687 0.0316063868883
0.637055758687 -0.220526615676 -0.0027201440671 -0.0345935193438
-0.319001935054 -1.55245036867 0.00881753707081 0.0384238101889
-0.0390311970605 -0.267207248537 -0.0157410676029 -0.0435869220644
-1.39395463872 -0.183862217993 0.0246125017302 0.0510360830892
-0.705970901255 0.148081312395 -0.037671758456 -0.0629089956628
-1.22591268116 -1.03308204926 0.0609798405525 0.085200901599
-0.862809358527 0.366683722083 -0.120299793832 -0.143630455072
-0.523398284444 -0.33460945541 0.718330202876 0.740865022728
