10.0792854925 5.53061496699 0.0909040274471 0.0878094067108
0.804220857605 -0.191907722881 -0.0347880757246 -0.0299737243302
1.18762397715 0.224898848884 0.0185850387498 0.0120390973011
0.819985707665 -0.497434510266 -0.0115348059466 -0.00322348195754
1.17428902621 -0.729314972967 0.00806387102813 -0.00207029023193
0.828618563995 0.872044859466 -0.00640325265457 0.00563791865112
1.17334114607 0.258814856441 0.00583102357797 -0.0082327891933
0.814267011016 0.718438146072 -0.00601394515323 0.0102266236483
0.339443646477 1.13163820459 0.00679601129529 -0.011824197472
0.564560980912 0.927350011633 -0.00811887202297 0.0131477865421
-0.87060202296 1.01929088446 0.00999149373709 -0.0142750899139
0.224306548678 1.07166716956 -0.0124836938355 0.0152580228411
-0.513339418116 0.487718787563 0.0157371089993 -0.0161327714552
-1.18774613681 0.382806823504 -0.0199973819182 0.0169255156343
-0.210662612319 1.32064659255 0.0256838824568 -0.0176558596291
-0.690655874686 -0.0132609903054 -0.033541272971 0.0183389840367
-1.22809360865 0.0635358874399 0.0449992848901 -0.0189870538115
-0.74294210167 -0.0498996099582 -0.0631620474647 0.0196101795032
-1.33664745118 0.0225959184976 0.096228336063 -0.0202171052344
-0.51441638628 0.0216971223344 -0.175121934174 0.0208157301381
-1.64069815201 -0.116211441425 0.609138742864 -0.0214135333118
5.06628279566 0.690242776278 0.51939923514 0.0220179527486
3.36664103241 0.36385789449 -0.197013811565 -0.0226367598356
-0.773114283922 0.644700864187 0.12698594959 0.0232784701722
0.497155394036 1.18871409915 -0.0964147185122 -0.0239528384101
-0.297649093528 0.880424736461 0.0793457195502 0.0246715016407
-0.0246311686378 1.05950589049 -0.0685217315525 -0.0254488679072
-0.967686692795 1.03614318647 0.0611254855785 0.0263034048467
0.00358960643471 0.51980784026 -0.0558460212299 -0.0272595910423
-1.52116356791 0.353373766694 0.052004882861 0.0283509973236
-0.590776360879 1.3478288451 -0.0492349028968 -0.0296253730734
-1.35093639323 -0.0381821093981 0.0473481818564 0.0311534737046
-0.687790924394 0.0854968418307 -0.0462846051203 -0.0330453170173
-1.28311190551 -0.0666171895264 0.0461086457285 0.0354823822929
-0.74063927385 0.0269359539662 -0.0470595835193 -0.0387875907689
-1.23844158127 0.0589244666008 0.0497119478251 0.04359740178
-0.781946424258 -0.499231539272 -0.055472289365 -0.0513657886783
-1.19395995647 -0.624010318843 0.0685108353025 0.0663005423375
-0.851844836033 0.297662120374 -0.108150662342 -0.107755572169
-0.370782226159 -0.225752401935 0.890441681205 0.891807092478
