13.6798650484 8.35569486982 0.0878094067108 0.0878094067108
0.719804570145 -0.440993226147 -0.0299737243302 -0.0299737243302
1.28313338085 -0.768911131838 0.0120390973011 0.0120390973011
0.72722219072 -1.32656883228 -0.00322348195754 -0.00322348195754
1.24875976431 -0.274333783741 -0.00207029023193 -0.00207029023193
0.813234699669 -0.15421937599 0.00563791865112 0.00563791865112
0.544269400574 0.840927766422 -0.0082327891933 -0.0082327891933
-0.357982754041 0.968378777909 0.0102266236483 0.0102266236483
0.303139122844 1.07443080435 -0.011824197472 -0.011824197472
-0.260786394671 0.909224577536 0.0131477865421 0.0131477865421
0.207522043416 1.09688229143 -0.0142750899139 -0.0142750899139
-0.106406335394 0.902790096934 0.0152580228411 0.0152580228411
-0.359406357737 1.09314938287 -0.0161327714552 -0.0161327714552
-0.700534541368 0.915263853271 0.0169255156343 0.0169255156343
-0.272029961924 1.07088044777 -0.0176558596291 -0.0176558596291
-1.45915443237 0.951271421764 0.0183389840367 0.0183389840367
0.233821032958 1.0111341795 -0.0189870538115 -0.0189870538115
-1.16729927789 1.06460645839 0.0196101795032 0.0196101795032
0.180185124227 0.67728343705 -0.0202171052344 -0.0202171052344
-1.46305318163 0.307302650606 0.0208157301381 0.0208157301381
-0.695081028271 0.689767242065 -0.0214135333118 -0.0214135333118
-0.717987777653 0.312497647783 0.0220179527486 0.0220179527486
-0.201475712988 0.705633043828 -0.0226367598356 -0.0226367598356
-1.56203794325 -0.45625612276 0.0232784701722 0.0232784701722
-0.505433922791 0.422105706438 -0.0239528384101 -0.0239528384101
-1.46022264053 0.632733032095 0.0246715016407 0.0246715016407
-0.558095384444 -0.0453657439745 -0.0254488679072 -0.0254488679072
-1.44987572674 -1.34742964829 0.0263034048467 0.0263034048467
-0.26912682131 -0.704082923325 -0.0272595910423 -0.0272595910423
0.459392525985 -1.27519907392 0.0283509973236 0.0283509973236
0.686740775109 -0.737095277176 -0.0296253730734 -0.0296253730734
-0.47157200066 -1.25430760747 0.0311534737046 0.0311534737046
1.2886087186 0.136634439898 -0.0330453170173 -0.0330453170173
-0.280843311324 -1.24241411644 0.0354823822929 0.0354823822929
1.49178254784 -0.762226289584 -0.0387875907689 -0.0387875907689
0.554206930933 -1.23324154366 0.04359740178 0.04359740178
1.42958036717 -0.772285949397 -0.0513657886783 -0.0513657886783
0.572062764814 -1.21784076401 0.0663005423375 0.0663005423375
1.45575551861 -0.813666261462 -0.107755572169 -0.107755572169
-0.227347686851 -0.423265567367 0.891807092478 0.891807092478
