11.0 6.0 4.20084387696e-17 4.20084387696e-17
1.86162883347 0.486380339784 -0.0387739529946 -0.0387739529946
0.129548464463 -0.488727488859 0.0512034122389 0.0512034122389
1.85537226382 0.493474800139 -0.0557108302197 -0.0557108302197
0.179778314437 -0.503499970619 0.0562728570465 0.0562728570465
1.76626056755 0.527850627086 -0.0543227039723 -0.0543227039723
0.306562580513 -0.598916223795 0.050565236266 0.050565236266
1.59903344129 0.968890205728 -0.0454420084493 -0.0454420084493
0.530659737894 0.389649671778 0.0392864535487 0.0392864535487
1.19618928826 0.296176897327 -0.032384035739 -0.032384035739
-0.513402910514 1.06526119967 0.024997171394 0.024997171394
0.330831411556 1.0086514906 -0.0173751995037 -0.0173751995037
-0.18750268969 0.981720735367 0.00975735611871 0.00975735611871
0.0487230215986 1.00645190216 -0.00237226171898 -0.00237226171898
0.113274218357 1.0153704848 -0.00456436229954 -0.00456436229954
-1.10216751095 0.956876137566 0.0108528231536 0.0108528231536
-0.735610475887 1.0763662392 -0.0163128852412 -0.0163128852412
-1.4512210882 0.879982571351 0.0207871453423 0.0207871453423
0.135166961236 1.2012811748 -0.024144110531 -0.024144110531
-0.833757518541 0.353432108102 0.0262808009946 0.0262808009946
-0.808478680826 -0.11367106403 -0.0271247442289 -0.0271247442289
-1.2932612795 0.300834366348 0.0266352593538 0.0266352593538
-0.658426160419 1.32466954106 -0.0248039550539 -0.0248039550539
-1.37177966691 0.578422367217 0.0216543833936 0.0216543833936
-0.560675205597 0.122195767382 -0.0172408038475 -0.0172408038475
-0.184971081573 1.07313316895 0.0116460144956 0.0116460144956
-0.95651257942 0.989865579438 -0.00497819442303 -0.00497819442303
0.000941124324667 0.998928602228 -0.00263333900444 -0.00263333900444
-0.0960402693557 0.992832228996 0.0110436460451 0.0110436460451
0.9622721366 1.04705236987 -0.0200993350737 -0.0200993350737
0.888719263327 0.34952169051 0.0296481758853 0.0296481758853
1.22397283411 -0.86528552438 -0.0395528311575 -0.0395528311575
0.669207992573 -0.526459080791 0.0497124394316 0.0497124394316
1.43459563395 0.254438702418 -0.0601009854277 -0.0601009854277
0.465395881081 -0.157995167198 0.0708461268973 0.0708461268973
1.62951647406 -0.0968891124884 -0.0824207239241 -0.0824207239241
0.281226012431 -1.25482708296 0.0962176704529 0.0962176704529
1.80515718411 0.590426150505 -0.116907271432 -0.116907271432
0.0873798156662 -0.513286883381 0.170159050841 0.170159050841
0.792934201245 0.492123180838 0.990779592424 0.990779592424
