9.0 9.0 5.35969736026e-17 5.35969736026e-17
3.8400647519 3.0754293609 -0.141135780989 -0.141135780989
-0.915156563523 -2.03272575809 0.129841883884 0.129841883884
1.69713737969 0.728911516232 -0.0534304078756 -0.0534304078756
1.31860810385 0.32905677592 -0.0259875743926 -0.0259875743926
0.214974959315 -0.802583115933 0.0663251854744 0.0663251854744
1.65029171708 0.659562582218 -0.0561007594754 -0.0561007594754
0.849348447424 -0.15198701971 0.0131614568064 0.0131614568064
0.657333242274 -0.345115133305 0.0301699355757 0.0301699355757
1.53350868568 0.539393940708 -0.0472297991906 -0.0472297991906
0.648691864728 -0.359922211884 0.0312837744598 0.0312837744598
0.963623421759 -0.0384399159589 0.00327474825967 0.00327474825967
1.34760036746 0.393646293596 -0.0321460307856 -0.0321460307856
0.630250589373 -0.497773195235 0.0370852084768 0.0370852084768
1.11222444871 0.28785123393 -0.0167455062139 -0.0167455062139
0.302425908571 1.0363390025 -0.0137481176416 -0.0137481176416
-0.659085843108 0.793877629309 0.033502217209 0.033502217209
0.611485470106 1.21634099561 -0.0296411902139 -0.0296411902139
-0.134910967896 0.957718633823 0.00540070788472 0.00540070788472
-1.27910489573 0.818169243131 0.0224047016561 0.0224047016561
-0.010063595085 1.28730934586 -0.0346860899662 -0.0346860899662
-0.376330087995 0.808939194399 0.0227915511371 0.0227915511371
-1.04259124398 0.952817896811 0.00559002709689 0.00559002709689
-0.0428840814403 1.26448489905 -0.0312305600455 -0.0312305600455
-0.477927542847 0.695248049843 0.0359566970367 0.0359566970367
-0.953247774531 1.1273542524 -0.0150452122249 -0.0150452122249
-0.131729606226 1.15788852337 -0.0187102602867 -0.0187102602867
0.135666813736 0.644094920165 0.0423813444708 0.0423813444708
-0.206494873268 1.3141549426 -0.0376620004492 -0.0376620004492
-1.02177224049 0.967379157447 0.00394540578568 0.00394540578568
-0.572203618028 0.681866207744 0.0389187602131 0.0389187602131
0.724181949535 1.49145403642 -0.0610131988939 -0.0610131988939
-0.533787666574 0.677683919434 0.040792314088 0.040792314088
-1.11905490123 0.854918368658 0.0188410959769 0.0188410959769
0.118870333025 1.64293901419 -0.0865488573501 -0.0865488573501
-0.468202031818 0.200005349953 0.11355473607 0.11355473607
0.237375848016 1.33715346793 -0.0521374444278 -0.0521374444278
0.584025429976 1.78077211213 -0.141928876754 -0.141928876754
-1.75187199081 -1.49997693054 0.698923378313 0.698923378313
2.82907461998 2.8678313799 0.880292882129 0.880292882129
