11.4474761131 7.65599985581 0.151795745412 0.0878094067108
1.14417621605 -0.391017361656 -0.081853981338 -0.0299737243302
0.698042900386 0.103414815267 0.0553788393869 0.0120390973011
0.16132114486 -1.15591306688 -0.04014637951 -0.00322348195754
1.31132447576 0.564285305082 0.0297995902226 -0.00207029023193
0.753669058919 -0.451311850407 -0.0221037980255 0.00563791865112
1.21868977202 0.389788092547 0.0160337944577 -0.0082327891933
0.808822696791 -0.34786044533 -0.0110400349167 0.0102266236483
0.238699053932 1.22581201147 0.00679601129529 -0.011824197472
-0.142405274402 0.788845193227 -0.00309278225949 0.0131477865421
-0.101656311247 1.15416957597 -0.000211277142666 -0.0142750899139
-0.947555434441 0.957647696221 0.0032168515354 0.0152580228411
0.0266517234545 0.561384091352 -0.00599861019519 -0.0161327714552
-1.57600783981 0.401464303513 0.00861419164529 0.0169255156343
-0.528289906466 0.576383955793 -0.0111099181803 -0.0176558596291
-0.693762870003 0.485193429169 0.0135246326424 0.0183389840367
0.663263359705 1.25869900943 -0.0158924330753 -0.0189870538115
0.292920051048 -0.118588534116 0.0182447682306 0.0196101795032
0.697293783788 1.07562323114 -0.0206121954078 -0.0202171052344
0.37069387178 -0.109867689956 0.023026023103 0.0208157301381
0.194086174843 1.52387843864 -0.0255200339985 -0.0214135333118
-0.28621357629 0.574187087936 0.0281324987938 0.0220179527486
0.351477768437 1.40212883665 -0.0309087525861 -0.0226367598356
-1.1328016923 -0.127551016263 0.0339047336079 0.0232784701722
0.0980477394293 1.05312465225 -0.0371921265131 -0.0239528384101
-1.1148563728 -0.0422004874451 0.0408662097925 0.0246715016407
0.191109361486 1.1068310127 -0.0450583977306 -0.0254488679072
-1.54184221677 -0.490061893942 0.049957290384 0.0263034048467
-0.505069584004 0.826267900192 -0.0558460212299 -0.0272595910423
-1.49125380802 0.364778374121 0.0631730780554 0.0283509973236
-0.497015637031 -0.102542684909 -0.0726982367187 -0.0296253730734
-1.52472409452 0.105135266294 0.085827691614 0.0311534737046
-0.447486266157 -0.193635528968 -0.105507197119 -0.0330453170173
-1.53906780359 -0.774343642247 0.139189861711 0.0354823822929
0.916784443653 -1.45065305819 -0.213164642498 -0.0387875907689
-1.25168964203 0.120511362345 0.540978684171 0.04359740178
3.35130354265 -2.79878533389 0.579186487497 -0.0513657886783
2.78733888858 -2.77112062856 -0.129637121974 0.0663005423375
0.586671736328 1.12097473803 0.00868986912863 -0.107755572169
0.3451677862 -0.737741679051 0.80903486551 0.891807092478
