9.58753118737 7.07008573242 0.140885425841 0.140885425841
0.455643322912 -0.585820066104 -0.0538003035115 -0.0538003035115
0.541297331758 -0.455329151995 0.027992846759 0.027992846759
0.915787818919 -0.0566624466242 -0.0155049531587 -0.0155049531587
1.19509820542 0.118047875018 0.00806738530174 0.00806738530174
0.676916252244 -0.081446640604 -0.00308071452521 -0.00308071452521
0.397292035243 1.08802431538 -0.000533353403678 -0.000533353403678
0.894217699944 -0.497712273671 0.0033029534943 0.0033029534943
1.18749622263 0.980041065198 -0.00551751559194 -0.00551751559194
0.753513742141 0.0488682656739 0.00734918847405 0.00734918847405
1.32731082195 1.04755704984 -0.00890702442267 -0.00890702442267
0.432248454318 0.839749186067 0.0102637019769 0.0102637019769
0.596688623056 1.20623260655 -0.0114697687103 -0.0114697687103
0.437330688905 0.76058055148 0.0125617224591 0.0125617224591
-0.697735928015 1.27260133514 -0.013566842725 -0.013566842725
-0.463347759609 0.683429313338 0.014506214049 0.014506214049
-0.459639269553 1.39991277408 -0.0153966995947 -0.0153966995947
-0.59124093375 0.233874313578 0.016252285216 0.016252285216
-0.365579856634 0.718037879652 -0.0170850387073 -0.0170850387073
-0.682411568628 0.916587897844 0.0179058342759 0.0179058342759
-1.07470328862 1.13719307986 -0.0187249403165 -0.0187249403165
-0.998407131753 -0.35816708153 0.0195525406985 0.0195525406985
-0.963616053642 0.725284707151 -0.0203992469357 -0.0203992469357
-1.06014986682 0.319225386897 0.0212766568857 0.0212766568857
-0.923900775705 0.0540369708669 -0.0221980245161 -0.0221980245161
-1.08643404911 -0.152764301814 0.0231791274333 0.0231791274333
-0.908993752439 0.240753497609 -0.0242394613449 -0.0242394613449
-1.08583886319 -0.562045792052 0.025403968069 0.025403968069
-0.950958886612 -0.949454038058 -0.0267056461297 -0.0267056461297
-0.389555747322 -1.12433243201 0.0281896633176 0.0281896633176
-0.590138720702 -0.838169195456 -0.0299201277681 -0.0299201277681
-0.223713950302 -1.19146533104 0.0319918043258 0.0319918043258
0.229449059001 -0.77494910469 -0.0345516133786 -0.0345516133786
-0.26842641386 -1.28877647386 0.0378410226694 0.0378410226694
0.924274173532 -0.0199104800792 -0.0422876442392 -0.0422876442392
0.122865556473 -1.03255170425 0.0487287063762 0.0487287063762
0.88982419993 -0.875832016321 -0.059057919022 -0.059057919022
0.0299370904013 -1.14826998537 0.0786636250583 0.0786636250583
1.53229566573 -0.867455895854 -0.131405960915 -0.131405960915
-0.175558668945 -0.499009392259 0.81377145957 0.81377145957
