3.92598094962 8.42493411978 0.292656224475 0.30694193876
-0.34253266145 0.897153713269 -0.0988222468254 -0.109094548279
0.426200152386 1.10071956819 0.057628485001 0.0648430129991
0.799140922403 0.00247869739855 -0.0403840895606 -0.0451646960941
1.13843323851 0.0246172777879 0.0311560482793 0.0339309314045
0.349836380603 0.513766790166 -0.0255176339731 -0.0265918843667
-0.141143121575 1.22473373487 0.0217694111079 0.0213665278935
0.374234579631 0.83267381157 -0.0191271299316 -0.0174141349666
1.0772099426 0.439501110509 0.0171824048668 0.0142857142857
0.975864020654 -0.296589547746 -0.0157035072648 -0.0117193092304
0.986745002594 0.304977962325 0.0145502521273 0.00955146449952
1.07101791127 -0.549559436307 -0.0136335768272 -0.00767458333674
0.7156295215 -0.354337747661 0.0128947378924 0.00601461923401
0.585514925574 -0.664179876406 -0.0122939125078 -0.00451860967309
1.05937129159 -0.334540248837 0.0118036416244 0.00314731878137
0.381166893891 -0.645430214087 -0.0114049218394 -0.00187068589469
0.380045772184 -0.511436114764 0.0110848306512 0.00066488676483
-0.164241955227 -1.34158103918 -0.0108350948767 0.000489645285011
0.059549974127 -0.624827801356 0.010651286368 -0.00160961342714
-0.657621051556 -0.754219669833 -0.0105324856523 0.00270989340213
-0.564943570182 -0.0219427277371 0.010481357186 -0.00380435709969
-0.843952184924 -0.6072779586 -0.0105046663945 0.00490658499871
0.20882077291 -0.376260902831 0.0106143677059 -0.00603054710967
0.203028476127 -1.33644680982 -0.0108295405827 0.00719132609848
-0.253612843171 -0.495274475993 0.0111797105476 -0.00840596427744
-0.568952327674 -0.72178918239 -0.0117105971234 0.00969454051287
-0.805325586593 0.151855848442 0.0124943876906 -0.0110816314059
-1.13215735973 0.436692137979 -0.0136490195342 0.0125983996328
-0.906230207948 0.0517425150167 0.015376802131 -0.0142857142857
-0.986997160481 -0.00480575273477 -0.0180486558696 0.016199012462
-0.267373539056 0.787897578053 0.0224100175126 -0.0184162083341
-0.703822186408 0.195426243543 -0.0301715713554 0.0210511918932
-0.856330899373 0.985270913026 0.0461751825484 -0.024278194139
-1.13046326652 0.82639991712 -0.0907584625009 0.0283788594563
0.382545099163 1.00885799914 0.472711517622 -0.0338413130586
2.44779944995 1.01789655768 0.231569267286 0.0415934163388
0.9365530855 -0.322322090955 -0.127190212332 -0.053644184104
0.969913232079 -0.384434449753 0.117999323197 0.0753098378308
1.09448810807 -0.613243735324 -0.155076814203 -0.126789221071
0.633753076068 -0.838525284964 0.436662026192 0.416794849048
