20.0 14.0 0.0 0.0
3.57442030761 1.57057909512 -0.0773510129099 -0.0773510129099
-3.93221674169 -3.31679732304 0.0933900615642 0.0933900615642
1.89373916497 0.905284225551 -0.0853615328236 -0.0853615328236
-1.49003601289 -2.39194021575 0.0649691986795 0.0649691986795
0.755853620392 -0.156719122469 -0.0394553283386 -0.0394553283386
-1.41477962937 -1.31969068132 0.0143802258003 0.0143802258003
-1.16709859642 -1.15659509303 0.00615161852257 0.00615161852257
-0.474024883421 0.237787637929 -0.0196823665576 -0.0196823665576
-1.68225929055 -0.44409914443 0.0254895289727 0.0254895289727
-0.336108652444 0.503324052007 -0.0244232188356 -0.0244232188356
-1.51888262287 -0.472081631492 0.018490381429 0.018490381429
-0.694628188146 0.411674772277 -0.010267146141 -0.010267146141
-1.07541673447 0.951272289706 0.00226456617359 0.00226456617359
-1.15839160102 0.00729149303005 0.00361792790843 0.00361792790843
-0.0412716537172 0.70814143026 -0.00644016670282 -0.00644016670282
-0.0558690755274 1.21719408082 0.00630683663085 0.00630683663085
0.0205698496074 0.782618672949 -0.00418916393371 -0.00418916393371
0.148898477781 1.22943714122 0.00154118202894 0.00154118202894
1.16261464388 0.776531502466 0.000185079310501 0.000185079310501
1.0 -2.08983157577e-16 1.63268091857e-18 1.63268091857e-18
0.0423400109595 0.947914940124 -0.00230499342272 -0.00230499342272
0.579068909979 0.362990660255 0.00606257038076 0.00606257038076
1.30592118664 -0.206652966732 -0.0098859819914 -0.0098859819914
0.764986102889 0.335982700426 0.0120433499686 0.0120433499686
1.06107466251 1.21184666608 -0.0109624218013 -0.0109624218013
-0.192320211202 0.910333277831 0.0057443539056 0.0057443539056
-0.0795205510291 0.949091673279 0.00344126131754 0.00344126131754
-0.359657085552 1.22183410177 -0.015184560309 -0.015184560309
-1.97676162526 0.605916097298 0.0269427625693 0.0269427625693
0.567267999241 1.52254856135 -0.0354192421948 -0.0354192421948
-1.15594030135 0.442275044106 0.0371413823859 0.0371413823859
-0.320574718002 1.45419869103 -0.0291091680116 -0.0291091680116
-0.169999495618 0.836738359604 0.00934807165666 0.00934807165666
-1.33179349606 -0.247997299226 0.0228321592718 0.0228321592718
0.79166942819 1.44797761159 -0.0671606763483 -0.0671606763483
-2.18521205855 -0.103897999122 0.124063273345 0.124063273345
1.49234260743 2.7172848203 -0.201444152009 -0.201444152009
-2.64402090071 -1.32839129856 0.367369856683 0.367369856683
3.23719362439 2.28855788266 0.963336072061 0.963336072061
