8.31967639401 20.4069359204 0.0677191564491 0.0677191564491
0.908532074108 -0.443107398782 -0.0205767714385 -0.0205767714385
1.1033199224 0.478911071262 0.00572843925721 0.00572843925721
0.893064113197 -0.525227105492 0.00161068756522 0.00161068756522
1.10620866806 0.614082969861 -0.00603075951334 -0.00603075951334
0.899019121426 -1.05117498733 0.00901506873318 0.00901506873318
1.08691924568 -0.109520298943 -0.0111884543258 -0.0111884543258
0.959348314139 -0.191889643366 0.01286002633 0.01286002633
0.350017440464 -0.419494253893 -0.014200387383 -0.014200387383
-0.224683652448 -1.48937653919 0.0153115519148 0.0153115519148
0.213039260574 -0.516975929761 -0.0162584164421 -0.0162584164421
-0.275867962389 -1.44191956144 0.017084382077 0.017084382077
-0.916183384166 0.69734553647 -0.0178197244317 -0.0178197244317
-1.11181500216 -0.927914091474 0.0184863629584 0.0184863629584
-0.880922879668 -0.208950624898 -0.0191007227477 -0.0191007227477
-1.12101235614 -0.329758672952 0.0196755312526 0.0196755312526
-0.88003384173 0.424677256869 -0.0202209948535 -0.0202209948535
-1.11434329711 -0.479276012492 0.0207456028068 0.0207456028068
-0.909826987245 0.543799469521 -0.0212567032451 -0.0212567032451
-0.292643176076 -1.38925603293 0.0217609403109 0.0217609403109
0.271232696899 -0.49784501129 -0.0222646109946 -0.0222646109946
0.711138160242 -1.5831962397 0.0227739839563 0.0227739839563
0.225307071139 -0.212800980534 -0.0232956152925 -0.0232956152925
1.06572357707 -0.735272650589 0.0238366956316 0.0238366956316
0.960902763551 -0.368019472845 -0.0244054689377 -0.0244054689377
1.09890543935 -0.117504051211 0.0250117777799 0.0250117777799
0.381560880741 -0.299815034528 -0.0256678171606 -0.0256678171606
0.47399566658 -0.908404724812 0.026389228818 0.026389228818
1.27800728795 0.738195511387 -0.0271967596963 -0.0271967596963
0.779415441689 -1.54943892067 0.0281188830227 0.0281188830227
1.19605164852 0.60788502067 -0.0291961290124 -0.0291961290124
0.816980238699 -0.810694158185 0.0304886092009 0.0304886092009
1.17543527879 -0.040492638084 -0.0320898912846 -0.0320898912846
0.8289549346 0.387410779571 0.0341545265232 0.0341545265232
1.16899243476 0.344365032311 -0.0369580053644 -0.0369580053644
0.830781961295 -0.531575758129 0.0410446328003 0.0410446328003
1.17261462989 1.1109473744 -0.047662439055 -0.047662439055
0.81741220746 -0.00402176177618 0.060446073622 0.060446073622
1.21593412514 0.279794852461 -0.0963555810701 -0.0963555810701
-0.0357039138437 -0.360519148963 0.91857400033 0.91857400033
