8.0 9.0 0.0 0.0
2.75339560443 2.07787524401 -0.102859012948 -0.102859012948
-0.445765333433 -1.66254820823 0.113895064445 0.113895064445
1.96191284375 1.0956753676 -0.0857067666516 -0.0857067666516
0.561653501967 -0.501313063981 0.0419933981273 0.0419933981273
1.0 -5.55111512313e-17 -1.38777878078e-17 -1.38777878078e-17
1.27079130692 0.323656667877 -0.0286941013192 -0.0286941013192
0.647194883515 -0.440355251483 0.0392619469173 0.0392619469173
1.28375535732 0.377383776921 -0.0334456179925 -0.0334456179925
0.860979207726 -0.20292445276 0.0176607693 0.0176607693
1.0 2.22044604925e-16 -1.38777878078e-17 -1.38777878078e-17
1.07588837454 0.160374680629 -0.012801984516 -0.012801984516
0.927040419463 -0.237773467706 0.0174194959284 0.0174194959284
1.01775461375 0.226983265045 -0.0144154849845 -0.0144154849845
1.03404447491 -0.14661672341 0.00718920978687 0.00718920978687
1.0 0.0 0.0 0.0
0.15208897061 0.884181292028 -0.00403012898267 -0.00403012898267
-0.0476526414145 1.05556120112 0.00411084549591 0.00411084549591
-0.0544308107051 0.969286801717 -0.00175271055308 -0.00175271055308
0.0983449842914 1.01824220332 -0.00036070686957 -0.00036070686957
0.0 1.0 -3.46944695195e-18 -3.46944695195e-18
-0.99513185264 0.96989398969 0.00328016025086 0.00328016025086
-0.320192037171 1.06294156167 -0.00775546406325 -0.00775546406325
-0.241251851408 0.920972404358 0.0103061766742 0.0103061766742
-1.1251390553 1.05979384389 -0.00803445448003 -0.00803445448003
-1.0 1.0 -5.20417042793e-18 -5.20417042793e-18
-1.01827158661 0.91511612604 0.011758306767 0.011758306767
-0.900717560585 1.16073947353 -0.0224978420236 -0.0224978420236
-1.16627665387 0.813202387309 0.0264103082049 0.0264103082049
-0.851516219707 1.13362213671 -0.0191041533913 -0.0191041533913
-1.0 1.0 -6.93889390391e-18 -6.93889390391e-18
-1.30575240515 0.821217741523 0.0263548237615 0.0263548237615
0.0700863347569 1.33619493706 -0.0507080734663 -0.0507080734663
-0.655854141096 0.606575867172 0.061275016431 0.061275016431
-0.772402751029 1.28725404872 -0.0469306162593 -0.0469306162593
5.55111512313e-16 1.0 1.12757025938e-17 1.12757025938e-17
0.494774094641 0.595755002294 0.0837179274327 0.0837179274327
2.03664431242 1.49658989425 -0.214872847973 -0.214872847973
-0.766756232471 -1.8265149822 0.503967456424 0.503967456424
1.67076184759 2.1489562353 0.935369060527 0.935369060527
