21.0 7.0 4.62592926927e-18 4.62592926927e-18
9.88865366925 4.20951686955 -0.186432046766 -0.186432046766
-4.32123071952 -0.105153797061 0.0826804065155 0.0826804065155
-3.18627655641 -0.439087643575 0.063801372214 0.063801372214
1.61605182417 0.568702038187 -0.0830804771504 -0.0830804771504
-1.0 7.40148683083e-17 9.25185853854e-18 9.25185853854e-18
-2.68452276755 -0.33969203821 0.0576581590828 0.0576581590828
-0.126183490212 0.150455044587 -0.0302439306962 -0.0302439306962
-0.252950098835 0.0781488258419 -0.0258081840333 -0.0258081840333
-2.04827517435 0.131963587274 0.0356806305678 0.0356806305678
-1.0 1.0 1.85037170771e-17 1.85037170771e-17
-0.179156353855 1.30454552942 -0.0257343051351 -0.0257343051351
-1.46333280052 0.851946495148 0.0132975563707 0.0132975563707
-1.44817640875 0.879706321991 0.0109041189634 0.0109041189634
-0.138843075223 1.15953334525 -0.0140327823311 -0.0140327823311
0.0 1.0 0.0 0.0
-0.220141708048 0.895719860856 0.00734449610025 0.00734449610025
0.122216797592 1.04999314715 -0.00257411331011 -0.00257411331011
0.100843732637 1.03656918177 -0.000641320771502 -0.000641320771502
-0.126149907899 0.961415975185 -0.00207678166632 -0.00207678166632
-4.4408920985e-16 1.0 1.38777878078e-17 1.38777878078e-17
0.0636547545312 0.999261523704 0.00842305429407 0.00842305429407
-0.0319226535421 1.01242248039 -0.0072545801612 -0.0072545801612
-0.0499537874986 1.02449514661 -0.00940123411164 -0.00940123411164
0.277609927548 0.940384028021 0.0189012786869 0.0189012786869
1.0 1.0 1.61907524425e-17 1.61907524425e-17
0.839453417054 1.10212934233 -0.0272351264252 -0.0272351264252
-0.389778768796 0.922517917208 0.0198324630106 0.0198324630106
-0.344862810563 0.906976930973 0.0232411407193 0.0232411407193
0.372475692448 1.17812894245 -0.0440106362211 -0.0440106362211
-1.0 1.0 7.40148683083e-17 7.40148683083e-17
-1.61969331886 0.756327383124 0.0610207753354 0.0610207753354
0.957368005269 1.17508591752 -0.0451069068713 -0.0451069068713
1.06518859923 1.2027783142 -0.0550078038253 -0.0550078038253
-2.15172514849 0.624888175522 0.111904197971 0.111904197971
-1.0 1.0 5.55111512313e-17 5.55111512313e-17
1.45856982449 1.16636923679 -0.213810073642 -0.213810073642
-3.01573792995 -0.762994203168 0.233016796297 0.233016796297
-3.47369828222 -1.07403002333 0.935275549273 0.935275549273
10.8438588502 3.43097614428 0.756134974383 0.756134974383
