8.68325178474 20.205734216 0.124357347884 0.124357347884
-1.03609782788 -1.78499016719 -0.0465496018039 -0.0465496018039
-0.00353352407596 0.0738306918405 0.0231456066618 0.0231456066618
-1.01990592634 -0.979319710985 -0.0117629979388 -0.0117629979388
0.584837884511 -0.61800414168 0.00496572276495 0.00496572276495
-0.499620649672 -1.44846008461 -0.000400801248046 -0.000400801248046
0.465749306761 -0.52810315775 -0.00291140082762 -0.00291140082762
-0.45410162352 -1.48133262815 0.00545183133335 0.00545183133335
0.462722574045 -0.515818964007 -0.00748450148936 -0.00748450148936
-0.516740199726 -1.48294273348 0.00916663895575 0.00916663895575
1.16593910597 -0.521671395914 -0.0105979426602 -0.0105979426602
-0.176678616471 -1.46992042549 0.0118449118346 0.0118449118346
0.384809182648 -0.544257284798 -0.0129538288559 -0.0129538288559
0.800048928365 -1.42958933423 0.0139581330042 0.0139581330042
1.2465572967 -0.635315759891 -0.014882832681 -0.014882832681
0.732233012933 -0.860054208132 0.0157472685935 0.0157472685935
1.28532098258 0.57090262106 -0.0165669188244 -0.0165669188244
0.689624056152 -0.495238828255 0.0173546290927 0.0173546290927
1.36807643388 0.413260809299 -0.0181214915743 -0.0181214915743
0.351588926933 -0.116396166841 0.0188775093762 0.0188775093762
0.554717292921 1.19945865267 -0.0196321364047 -0.0196321364047
1.03374112688 -0.798683053824 0.0203947569906 0.0203947569906
1.00613158904 1.44553665547 -0.0211751580107 -0.0211751580107
1.03205244031 0.471540566152 0.0219840448252 0.0219840448252
0.75391613503 1.52923335865 -0.0228336607254 -0.0228336607254
0.255330857578 0.480660376693 0.0237385902642 0.0237385902642
0.767523531655 1.50490354778 -0.0247168663876 -0.0247168663876
-0.333271178996 0.515145996001 0.0257915733995 0.0257915733995
0.190197296486 1.45343315737 -0.0269932704425 -0.0269932704425
-0.989590781994 0.609831504369 0.0283638121667 0.0283638121667
-0.0820447974278 1.14762070103 -0.0299626444076 -0.0299626444076
-0.886515753766 -0.202202811127 0.0318777083108 0.0318777083108
-0.098726533915 1.6889212837 -0.0342454716833 -0.0342454716833
-1.5317512491 0.413136124143 0.0372904836761 0.0372904836761
0.249107020074 1.48668140114 -0.0414109999446 -0.0414109999446
-1.30940682247 -0.36385235287 0.0473884122849 0.0473884122849
-0.713681361461 1.38216101279 -0.0569957016241 -0.0569957016241
-1.24646126732 -0.769342815108 0.0753047087293 0.0753047087293
-0.828910330322 0.698293370146 -0.125042434478 -0.125042434478
-0.421544704718 -0.670321936813 0.839300801651 0.839300801651
