17.0 6.0 2.16201325848e-16 2.16201325848e-16
11.2285905679 4.6831251943 -0.217285719563 -0.217285719563
0.874484045623 1.3079885226 -0.0259835809839 -0.0259835809839
-3.60484209675 -0.343647857561 0.131120357848 0.131120357848
-0.855330476106 0.664473652855 0.0352538503838 0.0352538503838
2.03430530807 1.83959114382 -0.0918272163877 -0.0918272163877
0.824911398158 1.35992695803 -0.0401952990971 -0.0401952990971
-1.30075659152 0.39212499707 0.0684382411206 0.0684382411206
-0.746171956978 0.613964734655 0.0433929463529 0.0433929463529
0.731159658407 1.46970787263 -0.0522643316833 -0.0522643316833
0.0193685703936 1.41883854907 -0.045728580249 -0.045728580249
-1.71614676082 0.623749724395 0.0398882640476 0.0398882640476
-1.32163250084 0.531111016308 0.0475896345297 0.0475896345297
0.745264685475 1.31204809839 -0.0296651319808 -0.0296651319808
1.21209848565 1.57419958667 -0.0491779843751 -0.0491779843751
-0.537158411188 0.70842304963 0.0206732247631 0.0206732247631
-1.68568324691 -0.128588874458 0.0506150097582 0.0506150097582
-0.774719766134 0.0994947605508 -0.0123169976045 -0.0123169976045
0.297811379234 0.809037258868 -0.051985373439 -0.051985373439
-0.041119920418 0.99399197546 0.00414503370385 0.00414503370385
-0.565714406798 0.820170657767 0.053359330669 0.053359330669
-0.0408830946421 0.981218805879 0.00425535595474 0.00425535595474
0.291742032968 1.27992332867 -0.0548078860276 -0.0548078860276
-0.776936998381 1.07533981308 -0.0133450729976 -0.0133450729976
-1.67311261585 0.654230917717 0.0564183032986 0.0564183032986
-0.53046782895 0.842427002372 0.0237432954652 0.0237432954652
1.19201657213 1.4243356966 -0.0583177864349 -0.0583177864349
0.730252591554 1.30170958493 -0.0364232186977 -0.0364232186977
-1.29203195869 0.362828923091 0.060721061365 0.060721061365
-1.68565511746 -0.155022389205 0.0531478511229 0.0531478511229
-0.0239429705655 0.38330974442 -0.0640468616055 -0.0640468616055
0.668688865763 1.0064704381 -0.0776463020008 -0.0776463020008
-0.678468425575 0.857832306681 0.0692688219208 0.0692688219208
-1.15247736701 0.662028581963 0.119658454333 0.119658454333
0.687585437732 1.24935002916 -0.0793449383704 -0.0793449383704
1.32304886858 1.68628390634 -0.215730035776 -0.215730035776
-1.86606493858 0.676608244333 0.109696831196 0.109696831196
-4.239327572 -0.68198749175 0.728870229817 0.728870229817
0.939714522357 0.245721904852 0.995904080056 0.995904080056
11.5707599269 3.60818594751 0.605195297462 0.605195297462
