17.0 5.0 3.52021934637e-17 3.52021934637e-17
-1.44339151324 -0.102275005709 0.0123826178158 0.0123826178158
-0.540727796739 1.15097364197 -0.0164756780662 -0.0164756780662
-1.48248921756 0.861451272255 0.0185347976164 0.0185347976164
-0.48377276809 1.13320690529 -0.019786673058 -0.019786673058
-1.57242666119 0.870622387993 0.0206369581156 0.0206369581156
-0.285858586642 1.12582188479 -0.0212587795628 -0.0212587795628
-0.657383677556 0.878054332607 0.0217385179891 0.0217385179891
-0.371299454145 1.11721238263 -0.0221241389519 -0.0221241389519
-0.599909390582 0.889125099241 0.0224444563122 0.0224444563122
-0.44937777217 1.10161143065 -0.0227178669031 -0.0227178669031
-0.370663746429 0.913346276474 0.0229567111664 0.0229567111664
0.725503263957 1.05898574145 -0.0231696199267 -0.0231696199267
0.371595677595 1.0055774233 0.0233628565914 0.0233628565914
0.52995875676 0.718776029012 -0.0235411250866 -0.0235411250866
0.789061074731 0.0797100671562 0.0237080785581 0.0237080785581
1.41780456568 1.15295099993 -0.0238666534135 -0.0238666534135
0.147006479004 -0.905781560583 0.0240192982475 0.0240192982475
0.728539032357 -0.706717518682 -0.0241681384263 -0.0241681384263
0.366181139507 -1.40733236221 0.024315101533 0.024315101533
0.495153697555 -0.144912945808 -0.0244620203335 -0.0244620203335
1.0281289733 -0.668275254532 0.024610725378 0.024610725378
1.0856803178 -0.521521978248 -0.0247631373625 -0.0247631373625
0.858447262334 0.135404916189 0.024921369333 0.024921369333
1.17465474594 -0.0598746428553 -0.0250878506979 -0.0250878506979
0.806422403272 0.045123294478 0.0252654894082 0.0252654894082
1.19661990308 -0.0888167446062 -0.0254578969632 -0.0254578969632
0.842275573555 0.640342496494 0.0256697160196 0.0256697160196
0.58984749766 1.16012275971 -0.0259071182813 -0.0259071182813
-0.438266234432 0.884748379438 0.0261785936118 0.0261785936118
0.465800792866 1.08479413959 -0.0264962579393 -0.0264962579393
-1.14619458592 0.973150034412 0.0268781339259 0.0268781339259
-0.723790869176 0.305642127654 -0.0273523749998 -0.0273523749998
-1.3106567324 -0.191757581333 0.0279656919041 0.0279656919041
-0.670710112801 0.163484643487 -0.0288018377032 -0.0288018377032
-1.34278859217 -0.150724836564 0.0300276478108 0.0300276478108
-0.646225681851 0.143215915661 -0.0320304125295 -0.0320304125295
-1.36232045852 -0.137920555081 0.035962395607 0.035962395607
-0.636530784854 0.133477526538 -0.0474746648521 -0.0474746648521
-0.425359935136 -0.128826000236 0.998972844211 0.998972844211
