13.6026207673 5.80844534032 0.161486598037 0.156307312843
0.197227525847 -0.34561512482 -0.0640446286174 -0.0604105981461
1.62541506081 -0.614852234055 0.0344672087661 0.0324056816837
0.471816133514 -0.408557621733 -0.0193622152367 -0.0189212972355
1.48161767915 0.0950107940843 0.00965963062807 0.0109108254706
0.4510254655 0.0794064003672 -0.00250642097664 -0.00554861910269
0.25007986933 1.15687171494 -0.00329873350164 0.00166667900169
-0.253856199529 0.893334788029 0.0083686134255 0.00130576214797
0.24164866642 1.08218022779 -0.013070307501 -0.00368099376193
-0.268346624832 0.938895855938 0.0176632556226 0.00564453632532
-0.969546812894 1.03247477737 -0.0223681378866 -0.00731380062431
-0.620394211319 1.03214684107 0.0274130767174 0.00876697431048
-0.362209858673 0.383298871812 -0.033079963318 -0.0100583998287
-0.610389858346 0.591801146729 0.0397722451508 0.0112272912889
-0.464106395753 0.34892189543 -0.0481425404646 -0.0123029415953
-0.187338641435 1.00021106353 0.0593782020188 0.0133079785363
0.195839375583 0.992385088519 -0.0759572825101 -0.0142604887728
-0.195648256058 1.05095884814 0.104148878155 0.0151754632604
0.257824503342 0.870391804783 -0.165931902086 -0.0160658279455
0.846579108221 1.2123565794 0.431734670178 0.0169432213619
-1.05587946655 -2.35941372685 0.598085895076 -0.0178186246452
-1.64944758324 -1.80769587035 -0.163282467864 0.0187029193609
-0.652051557403 0.712061040777 0.0884046839318 -0.0196074345917
-1.27494965637 -1.42048497567 -0.0565987290376 0.0205445426997
-0.756249974136 0.65970864784 0.0385120937432 -0.0215283724717
-1.23154398933 -0.621753883755 -0.0264878831171 0.0225757317582
-0.762084883191 1.31709074499 0.0176332905803 -0.0237073766361
-1.28427502486 -0.45491118709 -0.0105995986072 0.0249498460653
-0.442062373708 0.800047221311 0.00465768471237 -0.0263382316246
-0.544353799235 0.169488326251 0.000640256626024 0.0279205376272
-0.468737545195 0.874896678981 -0.00560933039859 -0.0297648541249
0.286563718801 0.799221113434 0.0105114159014 0.0319717574586
0.835035838252 0.187927313125 -0.0156125608403 -0.0346970396354
1.19517495444 -0.252791905503 0.021246919261 0.0381964654162
0.743562647805 0.321375240105 -0.0279245148382 -0.0429223091236
1.36177052993 -0.436631486557 0.0365730937373 0.0497583130966
0.44815379728 -0.294159603301 -0.0492202818082 -0.0606974235981
1.89074754032 -0.95959885788 0.0715364313644 0.081381681132
-5.12985574289 1.34749244933 -0.128251137066 -0.136516669727
-3.11774207388 1.36092280604 0.782107553266 0.788824312958
