7.0 18.0 -7.40148683083e-18 -7.40148683083e-18
2.09894399251 5.98098676286 -0.127173559399 -0.127173559399
-1.16151741139 -2.27622101757 0.124401693586 0.124401693586
1.97314735281 2.25756624107 -0.0665602650296 -0.0665602650296
1.0 -1.18423789293e-16 3.75770396523e-17 3.75770396523e-17
-0.378583539919 0.00537480208663 0.0434109560969 0.0434109560969
0.915941663192 1.49050294597 -0.0513288321272 -0.0513288321272
0.852846894774 -0.43598728607 0.0307173166183 0.0307173166183
1.0 1.0 -5.27377144186e-19 -5.27377144186e-19
1.14982349248 -0.0701106968705 -0.022367309341 -0.022367309341
0.83994760098 -1.4127397609 0.0269928011065 0.0269928011065
0.995362053032 0.478378048111 -0.0161993675469 -0.0161993675469
5.92118946467e-17 -1.0 -4.69817879821e-17 -4.69817879821e-17
-0.372139240751 -1.5164156682 0.011242421121 0.011242421121
0.859003851383 -0.4204423054 -0.0127954678345 -0.0127954678345
0.761104116762 -1.33017680741 0.00698181903222 0.00698181903222
-5.01852086296e-16 -1.0 7.07554983084e-18 7.07554983084e-18
0.00897269780765 -0.792575771164 -0.00310307912681 -0.00310307912681
-0.112566886887 -1.22035596535 0.0017469259761 0.0017469259761
0.232971274885 -0.892061603987 0.00061720809044 0.00061720809044
1.0 -1.0 4.4408920985e-17 4.4408920985e-17
0.381737335548 -1.01894008421 -0.00436848318299 -0.00436848318299
-0.348121829312 -1.03334852729 0.0089316397477 0.0089316397477
0.216693278692 -0.934806692668 -0.00834665479935 -0.00834665479935
-4.4553822805e-16 -1.0 4.90030742874e-18 4.90030742874e-18
-0.271327655885 -1.1419639148 0.0127975885699 0.0127975885699
0.719617319366 -0.767210724395 -0.0216469197733 -0.0216469197733
0.956067474704 -1.1100370491 0.0180860705529 0.0180860705529
1.0 -1.18423789293e-16 5.81245412343e-18 5.81245412343e-18
1.1444694146 0.624169967798 -0.0248378357489 -0.0248378357489
0.750238752339 -1.32318745167 0.0411632385512 0.0411632385512
1.20984889167 -0.34934469554 -0.0342948916954 -0.0342948916954
1.0 9.47390314347e-16 -4.04699328455e-18 -4.04699328455e-18
0.705239605126 -0.618139074295 0.0494160065323 0.0494160065323
1.50319451253 1.13186926948 -0.0868363021565 -0.0868363021565
0.559048002992 -1.0171279847 0.0795717495672 0.0795717495672
1.0 -4.73695157173e-16 7.02056756838e-17 7.02056756838e-17
1.80081309091 1.79163061265 -0.179033641378 -0.179033641378
-0.965737572198 -3.83553312954 0.636037889591 0.636037889591
1.97496146725 5.42291422777 0.900110617733 0.900110617733
