16.823521755 4.82190544568 0.26811920963 0.267079151744
-1.41151380397 -0.160405449053 -0.100805490859 -0.101301933709
0.0562685797658 0.838606512316 0.0576651423698 0.0595721531703
-1.36047871529 -0.199499877792 -0.0371721407578 -0.0403942127617
-0.0384429808591 0.990622316607 0.0248020686119 0.0292678884858
-0.872150025374 0.876140019464 -0.0162694723029 -0.0219276669492
-0.315273333059 1.1939458096 0.00985038229642 0.0166666666667
-1.49348420583 0.414006572348 -0.00471254091444 -0.0126679130261
0.0568526861604 0.615584318876 0.000401097340091 0.00949087181034
-0.95420101316 0.358440975386 0.00335690081476 -0.00687667264161
-0.233935683614 0.67555928569 -0.00673844343525 0.00466287960054
-1.59169584385 0.260550529686 0.00986672911636 -0.00274207774332
0.267230184291 0.958482245187 -0.012833875547 0.00104005788533
0.0549744667918 0.469120109246 0.0157143249881 0.000496442849726
1.44519592282 0.073958222654 -0.0185736774672 -0.00190701080049
-0.608877693322 1.08001378628 0.0214754514987 0.00322207200394
1.2242594798 0.964398813885 -0.024487378946 -0.00446581987385
-0.515589234136 1.029176191 0.0276886516807 0.00565819464627
0.389724126877 0.877663770357 -0.0311799285636 -0.00681628437024
-1.60277625223 -0.121074118127 0.0350991434406 0.00795537211166
-0.418594816902 0.150985098709 -0.0396491440879 -0.00908977447025
-1.58749866418 -0.531230998789 0.0451505797106 0.0102335734564
-0.310599617309 -0.423148886949 -0.0521534047697 -0.0114013230358
-0.454057356832 -0.939332415624 0.0617018118098 0.0126088068597
0.434378964288 -1.0948855706 -0.0760747802251 -0.0138739334323
-0.0722278406831 -0.518621963812 0.101428797797 0.0152178821383
1.07489445447 -0.54344890842 -0.16232802197 -0.0166666666667
-0.100736451811 -0.0517487933112 0.577789644205 0.0182533794948
0.522798079438 -2.08564641754 0.247057592672 -0.0200215590721
-0.959314178086 -1.11083791226 -0.0792714766742 0.0220304570344
0.0993255254286 -0.958311932767 0.0352085089769 -0.0243636441934
0.109214462382 -0.653874021604 -0.0132504414328 0.0271437713289
0.916328916009 -0.368007241807 -0.00129148113192 -0.0305593696177
0.075540359881 -0.618746751642 0.0129893393051 0.0349170062543
0.924373387902 -0.393038858681 -0.0240854150673 -0.0407520817339
0.0849903902721 -0.590042509128 0.036425091924 0.0490930049501
1.5450010661 -0.453439008999 -0.0527099749825 -0.0622008467928
0.485996868776 -0.171025751605 0.079334243017 0.0862109156586
1.53669330338 0.158214986203 -0.140998475703 -0.145661355304
0.10721806399 -0.154340953985 0.556794186967 0.55953626471
