5.62351207039 10.180594334 0.230483186593 0.196427185606
0.964777340286 -1.04192848108 -0.108011309203 -0.0767873924899
1.0160444332 0.416238538769 0.072332270105 0.0433110255989
1.03522335601 -0.27922723481 -0.0546564139073 -0.027417012882
0.737640848915 0.00674949873635 0.0437947308909 0.0180431501637
0.291304739624 -0.945249591967 -0.0362724282718 -0.0117963803944
1.28334689177 0.49295902058 0.0306455811784 0.00728804171908
0.780410388883 -0.404744846257 -0.0262010021838 -0.00384386360595
1.19825239749 0.359386995385 0.0225430121559 0.0010965859977
0.807940514675 -0.327540499214 -0.0194326999008 0.00117123106561
1.19533333731 0.30032001174 0.0167160439646 -0.00309683339551
0.790807239848 -0.27142886255 -0.0142882776205 0.00477141765457
1.2473627448 0.225308699076 0.0120747418416 -0.00625824903496
0.0203468066885 0.507837237706 -0.0100198959484 0.00760290352102
1.21657292413 0.263259113979 0.00808063701029 -0.00883937221386
0.350765032344 0.148307945139 -0.00622201036406 0.00999387063136
0.0660777379628 1.46950651962 0.00441429001168 -0.0110873186909
-1.14449818359 -0.421483657321 -0.00263084756077 0.0121370249293
-0.42366654115 0.796685895702 0.000846450889305 -0.0131578846346
-0.644056105675 0.171247477119 0.000964256696959 0.0141632810944
-0.943366866478 0.214443239896 -0.00282830364707 -0.0151658130615
-0.192990273469 0.67191953119 0.00477617916774 0.0161779359465
-1.24377279437 -0.129476902662 -0.00684414340726 -0.0172125875436
-0.100497007181 0.805427540037 0.00907748467783 0.0182838661723
-1.10505735314 -0.0316417147551 -0.0115354470126 -0.019407839113
-0.459314695942 0.489315977812 0.0142991582402 0.0206035851193
-0.555924783708 0.470933214333 -0.0174851870001 -0.0218946247773
-1.25941178965 -0.257859852552 0.0212703382525 0.023310983729
-0.496951021652 0.467044554674 -0.0259408037401 -0.0248923013194
0.0839639442546 1.16400784935 0.0320000711739 0.0266927144764
-0.933646173897 -0.0738107721694 -0.0404406646843 -0.0287888749297
-0.733602308118 0.496248739403 0.0535776259479 0.0312937745217
-0.255624244355 0.362026283116 -0.0785572836866 -0.0343820098619
-1.46586287052 0.234979431121 0.155591475908 0.0383393454376
1.05036563128 -1.25076255974 0.712952805761 -0.0436690990451
2.35383341996 -2.53312037493 -0.0640258364402 0.0513493710978
-0.770158745265 0.143939444135 0.00578585624692 -0.0635679526583
-1.0025078689 -0.714236696344 0.0340672749031 0.0864338421908
-1.05652846379 0.497089138523 -0.1024644831 -0.145907342784
-0.403366785883 -0.365571877138 0.680025104524 0.717912384993
