7.0 9.0 6.72862439167e-18 6.72862439167e-18
2.20666661486 1.86199833556 -0.0915924040904 -0.0915924040904
-0.00581198253944 -1.67653868903 0.108168727803 0.108168727803
1.7305432211 1.38941277026 -0.0930047642914 -0.0930047642914
0.568120986859 -1.10698951979 0.0615938384848 0.0615938384848
1.15823940592 -0.683625605645 -0.02473802562 -0.02473802562
1.05194659895 0.0522133429027 -0.00883371268776 -0.00883371268776
0.82314727154 -0.285486973304 0.0327359575025 0.0327359575025
1.214366446 0.460170542193 -0.043532895711 -0.043532895711
0.819064037531 -0.539887575568 0.040993638597 0.040993638597
1.10653172036 0.557168294806 -0.027787485742 -0.027787485742
0.972963812355 0.897624276422 0.00864068647186 0.00864068647186
0.976117089506 -0.0493792304752 0.0108730445906 0.0108730445906
1.02046846125 0.910235884317 -0.0256471788823 -0.0256471788823
1.05913968478 0.445244920284 0.0321783640477 0.0321783640477
0.685779733293 0.120492969037 -0.0292826634529 -0.0292826634529
-0.0955126704828 1.23035855017 0.0182473481505 0.0182473481505
-0.00492311032568 0.967276469667 -0.00240118236081 -0.00240118236081
-0.835294010405 0.0198728355917 -0.0137836690885 -0.0137836690885
-1.11538337612 0.605488444423 0.0258411668186 0.0258411668186
-1.05409567623 1.21743188896 -0.0304408689144 -0.0304408689144
-0.517773306989 0.875819836571 0.0262325057699 0.0262325057699
1.14659882618 1.04587406949 -0.0142069965659 -0.0142069965659
0.0426131200209 1.00387255755 -0.00251385840185 -0.00251385840185
0.478099848201 1.03423717902 0.0194158903943 0.0194158903943
1.66419964501 0.411358410096 -0.0316944674954 -0.0316944674954
0.0765554033276 0.0844079056108 0.0354696980658 0.0354696980658
0.217526955974 1.36523977264 -0.0288352382472 -0.0288352382472
-0.106467442535 0.87748124843 0.0124941783925 0.0124941783925
-0.0872333373274 0.913236842404 0.0101752137761 0.0101752137761
0.284886206186 1.26175574864 -0.033654482335 -0.033654482335
-0.431894385897 0.627491807545 0.0513138542459 0.0513138542459
0.492237499806 1.38831838308 -0.0567073208219 -0.0567073208219
-0.469729639386 0.709900286928 0.0448211313347 0.0448211313347
-0.958797921329 1.07840566075 -0.0129083110059 -0.0129083110059
-0.834233720326 1.22040402791 -0.0395607975914 -0.0395607975914
-1.4599011453 0.46104658062 0.112864080394 0.112864080394
-0.26160387669 1.5711910543 -0.215846696917 -0.215846696917
-1.84781037042 -1.62350395366 0.43661117861 0.43661117861
1.47247156511 1.81553216647 0.950423728894 0.950423728894
