7.60720724066 21.0341281379 0.0463875480774 0.0463875480774
-0.108350571386 0.501562102885 -0.0103989467788 -0.0103989467788
1.24674953567 1.4151820896 -0.00111723372709 -0.00111723372709
0.78435673884 -0.668380906482 0.00684194917684 0.00684194917684
1.20305841831 0.65158833556 -0.0103001946599 -0.0103001946599
0.804201082854 -0.681857222071 0.0126395740335 0.0126395740335
1.1913903074 0.772810628485 -0.0143455484586 -0.0143455484586
0.810489062942 -1.25279265404 0.0156589352274 0.0156589352274
1.19128288442 0.136585006727 -0.0167129040466 -0.0167129040466
0.79877029414 -1.03304898788 0.0175872028437 0.0175872028437
1.2420896795 -0.669753035131 -0.0183326223359 -0.0183326223359
0.0310479892841 -1.4171111897 0.0189831627012 0.0189831627012
0.0737490390501 -0.531237915216 -0.0195625613459 -0.0195625613459
-0.09433920461 -1.51281500496 0.0200880169573 0.0200880169573
0.105937636475 -0.437037723063 -0.0205724263475 -0.0205724263475
-0.163191482288 -1.64062169158 0.0210257900952 0.0210257900952
-1.10036262232 -0.148780542128 -0.0214561338237 -0.0214561338237
-0.709854515406 -0.818573141933 0.021870138302 0.021870138302
-0.132620557503 -0.19852354178 -0.0222735913815 -0.0222735913815
-1.27863186573 -0.771569185274 0.0226717314462 0.0226717314462
-0.814445750362 -0.309515427053 -0.0230695282615 -0.0230695282615
-1.12842536746 -0.17982920891 0.023471934424 0.023471934424
-0.955346542148 0.336136542908 -0.0238841349603 -0.0238841349603
-0.403835315552 -0.9852943406 0.0243118222717 0.0243118222717
0.17258569602 -0.848716122106 -0.0247615284766 -0.0247615284766
0.686901404061 -0.398754707038 0.0252410587255 0.0252410587255
0.323667694882 -0.53396189498 -0.0257600909297 -0.0257600909297
0.738288928391 -1.43893232318 0.0263310471927 0.0263310471927
1.21886533063 -0.498467192363 -0.0269704156766 -0.0269704156766
0.803190835582 -0.327550585603 0.0277008415873 0.0277008415873
1.18039208767 0.360993777653 -0.0285545854569 -0.0285545854569
0.834570018299 -0.371201781368 0.0295795386052 0.0295795386052
1.14926107671 0.372781125278 -0.030850331031 -0.030850331031
0.87165491223 -0.366020294539 0.0324904075322 0.0324904075322
1.09435468541 0.343933959447 -0.0347202189329 -0.0347202189329
0.986024043963 -0.273652975517 0.0379764489439 0.0379764489439
0.375900698641 -0.356429948113 -0.0432642620011 -0.0432642620011
0.489086166448 -0.782380497622 0.0535306571714 0.0535306571714
1.34817564147 0.606918232299 -0.0827405176714 -0.0827405176714
-0.148263939845 -0.56818199156 0.945492529128 0.945492529128
