13.0 26.0 0.0 0.0
3.02090413961 5.28145985266 -0.102859012948 -0.102859012948
-2.48678993219 -6.05291201995 0.113895064445 0.113895064445
1.92724771147 2.33650213642 -0.0857067666516 -0.0857067666516
0.334619349844 -2.52514789605 0.0419933981273 0.0419933981273
-1.11022302463e-16 -1.0 -1.38777878078e-17 -1.38777878078e-17
0.122364797632 -0.0251275420405 -0.0286941013192 -0.0286941013192
0.417613116311 -2.31343872209 0.0392619469173 0.0392619469173
0.953785261529 0.109615275859 -0.0334456179925 -0.0334456179925
-0.112179891727 -1.58437753832 0.0176607693 0.0176607693
1.0 -1.0 -1.38777878078e-17 -1.38777878078e-17
0.3501544939 -0.572648212798 -0.012801984516 -0.012801984516
0.181810306624 -1.58758466801 0.0174194959284 0.0174194959284
1.23047728548 -0.507613651876 -0.0144154849845 -0.0144154849845
-0.414470492981 -1.24752357283 0.00718920978687 0.00718920978687
0.0 -1.0 0.0 0.0
0.333424992093 -0.898638489893 -0.00403012898267 -0.00403012898267
-0.929609727681 -0.661500192717 0.00411084549591 0.00411084549591
-0.868359950911 0.369606675749 -0.00175271055308 -0.00175271055308
-1.09888702538 -0.168520913163 -0.00036070686957 -0.00036070686957
-1.0 -1.11022302463e-15 -3.46944695195e-18 -3.46944695195e-18
-0.887605368501 0.149384792914 0.00328016025086 0.00328016025086
-1.2322101047 -0.63889374268 -0.00775546406325 -0.00775546406325
-0.521790842466 -1.15387268846 0.0103061766742 0.0103061766742
0.028780507617 -0.93515419056 -0.00803445448003 -0.00803445448003
3.33066907388e-16 -1.0 -5.20417042793e-18 -5.20417042793e-18
0.849291010145 -0.272027462889 0.011758306767 0.011758306767
0.608624406602 -0.159381036171 -0.0224978420236 -0.0224978420236
-0.108541130907 -1.35201543094 0.0264103082049 0.0264103082049
1.3840454633 0.473367530059 -0.0191041533913 -0.0191041533913
1.0 -1.0 -6.93889390391e-18 -6.93889390391e-18
0.65784883123 -1.09601523812 0.0263548237615 0.0263548237615
1.58046495144 2.24456399157 -0.0507080734663 -0.0507080734663
0.387087815408 -0.899019568823 0.061275016431 0.061275016431
1.35375511247 1.09919388843 -0.0469306162593 -0.0469306162593
-1.11022302463e-16 1.0 1.12757025938e-17 1.12757025938e-17
-0.840351673941 -0.486757475435 0.0837179274327 0.0837179274327
1.73464487713 4.35893704995 -0.214872847973 -0.214872847973
-2.53757300377 -4.30119734032 0.503967456424 0.503967456424
3.08142471532 6.01673640055 0.935369060527 0.935369060527
