14.0107137081 20.0493490095 0.153807881055 0.124357347884
-0.442613957736 -1.59734117015 -0.07817403614 -0.0465496018039
0.485985233154 -0.380273599533 0.0573691680786 0.0231456066618
-0.565463894345 -1.69036592078 -0.0491929573545 -0.0117629979388
1.18073646808 0.30160080967 0.0465076524359 0.00496572276495
-0.158970591392 -1.27836576085 -0.0474864683915 -0.000400801248046
1.27033006106 0.390085862868 0.0521744643817 -0.00291140082762
0.656592207739 -0.465534013432 -0.0623898229582 0.00545183133335
1.37030481229 0.49906103242 0.0843219843727 -0.00748450148936
0.629255723397 -0.525991176531 -0.145549157972 0.00916663895575
0.874488287768 0.566697006306 0.795116532114 -0.0105979426602
-4.66110295102 -1.39088186263 0.208142805341 0.0118449118346
0.0980707724291 -0.517576243898 -0.0895774747144 -0.0129538288559
-0.205285320368 -1.50979056541 0.0565308790257 0.0139581330042
0.171552954877 -0.47327542889 -0.0412006962326 -0.014882832681
0.35274372904 -1.54129003559 0.0324516754442 0.0157472685935
0.705798583916 -0.443235361005 -0.0268538259044 -0.0165669188244
-0.505770968945 -1.57648988924 0.0230044704481 0.0173546290927
0.442390069503 -0.392467675131 -0.0202256954647 -0.0181214915743
-0.371187000518 -1.67612823257 0.0181515675036 0.0188775093762
-0.0119695846867 0.0749267379205 -0.0165686744311 -0.0196321364047
-1.61144842352 -0.504120791603 0.0153455861727 0.0203947569906
-0.431732231448 1.3110371727 -0.0143984431938 -0.0211751580107
-0.695293865427 0.466536848743 0.0136729395 0.0219840448252
-0.358794679748 0.567695292246 -0.0131344542496 -0.0228336607254
-0.247618723738 0.792227179642 0.0127625989063 0.0237385902642
-0.176828745036 0.801470959159 -0.012548417245 -0.0247168663876
-0.914282985435 0.0968268267906 0.0124934427363 0.0257915733995
0.661894654718 1.65637255462 -0.0126103919024 -0.0269932704425
-1.54944715208 -0.545015413765 0.0129257530844 0.0283638121667
0.817802583334 1.80865712267 -0.0134851544252 -0.0299626444076
-1.17688495645 -0.151743992925 0.0143635181119 0.0318777083108
0.140529275295 1.06221673332 -0.0156844296288 -0.0342454716833
-1.1633349109 0.581832363059 0.0176590450842 0.0372904836761
0.271183268343 1.51143017398 -0.0206710134981 -0.0414109999446
0.634382904832 0.349812776895 0.0254850672045 0.0473884122849
1.41662419811 0.426080041583 -0.0338543912551 -0.0569957016241
0.541425869803 -0.475672990562 0.0508264059425 0.0753047087293
1.52224064484 0.496731958418 -0.0990969186602 -0.125042434478
-0.241057621024 -0.504875571999 0.811716646252 0.839300801651
