12.0604504625 23.0417958961 0.0677191564491 0.0677191564491
0.823961791589 -1.29110019397 -0.0205767714385 -0.0205767714385
1.07049129468 0.352646281327 0.00572843925721 0.00572843925721
-0.418750810556 -1.63676573155 0.00161068756522 0.00161068756522
0.625148896086 -0.411165545967 -0.00603075951334 -0.00603075951334
0.997840708869 -1.57963035983 0.00901506873318 0.00901506873318
0.519637356593 -0.417586384399 -0.0111884543258 -0.0111884543258
0.359220705843 -1.59215427566 0.01286002633 0.01286002633
0.722200459596 -0.390849694434 -0.014200387383 -0.014200387383
-0.566063922291 -1.63902122976 0.0153115519148 0.0153115519148
0.587468180827 -0.289125327389 -0.0162584164421 -0.0162584164421
0.370365269297 -0.774538059937 0.017084382077 0.017084382077
0.620654519075 -0.22546109511 -0.0178197244317 -0.0178197244317
0.442631181557 -0.711545903411 0.0184863629584 0.0184863629584
0.213095289222 -0.642219530793 -0.0191007227477 -0.0191007227477
-0.324960307426 -1.44264522245 0.0196755312526 0.0196755312526
0.43782255501 -0.52316704223 -0.0202209948535 -0.0202209948535
-1.09664424509 -1.49048271813 0.0207456028068 0.0207456028068
0.0387864503536 -0.524860481741 -0.0212567032451 -0.0212567032451
-1.03710148613 -0.671395665432 0.0217609403109 0.0217609403109
-0.833177735177 -0.314523168809 -0.0222646109946 -0.0222646109946
-1.21370020557 -0.508551734638 0.0227739839563 0.0227739839563
-0.758587837189 1.60740999492 -0.0232956152925 -0.0232956152925
-1.26231545946 -0.978828507388 0.0238366956316 0.0238366956316
-0.718537557375 1.30361032228 -0.0244054689377 -0.0244054689377
-1.30296147518 -0.225373746093 0.0250117777799 0.0250117777799
-0.66576839864 1.20638984978 -0.0256678171606 -0.0256678171606
-1.40373188145 -0.206442427909 0.026389228818 0.026389228818
0.142559327939 1.20356142189 -0.0271967596963 -0.0271967596963
-1.10913692676 0.557112605491 0.0281188830227 0.0281188830227
0.185259091901 1.56185260012 -0.0291961290124 -0.0291961290124
0.813475953114 0.262659613796 0.0304886092009 0.0304886092009
1.21864054395 0.780791552549 -0.0320898912846 -0.0320898912846
0.763221141171 0.200686993302 0.0341545265232 0.0341545265232
1.24966038764 0.791216769385 -0.0369580053644 -0.0369580053644
0.739443439722 0.275191436661 0.0410446328003 0.0410446328003
1.27179853646 0.195546633575 -0.047662439055 -0.047662439055
0.712595340153 -0.295127627761 0.060446073622 0.060446073622
1.32423149948 0.336730196795 -0.0963555810701 -0.0963555810701
-0.144676679735 -0.349185947672 0.91857400033 0.91857400033
