17.0 5.0 -5.04646829375e-18 -5.04646829375e-18
9.66196130164 3.35824210279 -0.199509670662 -0.199509670662
-1.47539888786 0.650328867734 0.0454270541676 0.0454270541676
-2.68909498056 0.430826711612 0.101866833945 0.101866833945
1.16888944927 1.15039882237 -0.0543406757796 -0.0543406757796
0.405601958612 0.464620377654 -0.0541711305928 -0.0541711305928
-2.0471860459 -0.19872162508 0.0521648946647 0.0521648946647
-0.706699591169 0.671253103455 0.0248721553135 0.0248721553135
1.11688322257 1.49583321826 -0.0444824554681 -0.0444824554681
0.141123770337 1.06442516963 -0.00625086433443 -0.00625086433443
-0.660394548852 0.66228661906 0.0340268465131 0.0340268465131
0.0600858659245 1.04407112297 -0.00449832992346 -0.00449832992346
-0.199966206166 1.22499343952 -0.0228100444693 -0.0228100444693
-1.1742967773 0.909875695133 0.00889500038633 0.00889500038633
-0.651790030629 0.866214138096 0.0125317436801 0.0125317436801
0.349554159199 1.09597897298 -0.00820355658307 -0.00820355658307
0.177158334641 1.06386894041 -0.00462364733503 -0.00462364733503
-0.115509316864 0.925642819969 0.00377006196405 0.00377006196405
0.0222479995628 0.981587563103 0.00020059328777 0.00020059328777
-0.451303723041 1.03617655373 0.00288891863302 0.00288891863302
-1.0 1.0 5.04646829375e-18 5.04646829375e-18
-0.515374210301 1.00785500518 -0.0101025391185 -0.0101025391185
0.0445229962125 0.990665401633 0.00434314962812 0.00434314962812
-0.0381756096146 0.95291062572 0.0161021399944 0.0161021399944
0.109264510152 1.04479474995 -0.0131361159719 -0.0131361159719
0.223998919241 1.07117565168 -0.0190702656551 -0.0190702656551
-0.363378063994 0.897552148548 0.0259233780138 0.0259233780138
-0.269590826207 0.929778759857 0.0171212215487 0.0171212215487
0.728822143234 1.1764052761 -0.0420125010951 -0.0420125010951
0.157154504048 1.03441385901 -0.00808871340077 -0.00808871340077
-1.49174430656 0.740507985205 0.0607201640529 0.0607201640529
-0.833204650648 1.04785097916 -0.0112400493002 -0.0112400493002
0.712077622662 1.34434576515 -0.0819296609255 -0.0819296609255
-0.618809627784 0.803531300822 0.0478742735268 0.0478742735268
-1.95045418129 0.574199224136 0.107909187897 0.107909187897
0.345035378322 1.4662356306 -0.125928046059 -0.125928046059
1.12925391742 1.51240861329 -0.15438578406 -0.15438578406
-2.63840557025 -0.161615634143 0.435078796212 0.435078796212
-1.45971701538 -0.359487329307 0.98356478229 0.98356478229
9.61503993549 2.66493301038 0.697684673196 0.697684673196
