14.6376028393 22.7433415569 0.124357347884 0.124357347884
-0.973759016405 -1.69793728174 -0.0465496018039 -0.0465496018039
1.32837140994 -0.324569459881 0.0231456066618 0.0231456066618
-0.782889999316 -1.66339349764 -0.0117629979388 -0.0117629979388
1.30313676953 -0.343591751205 0.00496572276495 0.00496572276495
-0.258913532742 -1.65308875122 -0.000400801248046 -0.000400801248046
0.477854838736 -0.346402990207 -0.00291140082762 -0.00291140082762
0.50486724456 -1.65977869513 0.00545183133335 0.00545183133335
0.145482466679 -0.322164301248 -0.00748450148936 -0.00748450148936
-0.137526852469 -1.7353798674 0.00916663895575 0.00916663895575
-0.498430177164 0.38154941481 -0.0105979426602 -0.0105979426602
-0.505737920701 -1.37540383737 0.0118449118346 0.0118449118346
0.380980485226 -0.507858854966 -0.0129538288559 -0.0129538288559
-0.335061513195 -1.52585535588 0.0139581330042 0.0139581330042
0.295931714523 -0.451059482925 -0.014882832681 -0.014882832681
-0.229590687626 -1.59485684875 0.0157472685935 0.0157472685935
-0.464663427102 0.262840759871 -0.0165669188244 -0.0165669188244
-1.36233133576 -0.400726406802 0.0173546290927 0.0173546290927
-0.69750039094 0.410130381561 -0.0181214915743 -0.0181214915743
-1.24582811261 -0.384314571741 0.0188775093762 0.0188775093762
-0.852847787832 0.303636736522 -0.0196321364047 -0.0196321364047
-0.527518039736 0.303888608737 0.0203947569906 0.0203947569906
-0.491737341079 0.685746702564 -0.0211751580107 -0.0211751580107
-1.21082429118 -0.395219922591 0.0219840448252 0.0219840448252
0.0613771220891 1.25133958289 -0.0228336607254 -0.0228336607254
-0.995291696052 -0.189786254144 0.0237385902642 0.0237385902642
-0.0435163829043 1.1545185347 -0.0247168663876 -0.0247168663876
-0.942557050464 -0.142738357533 0.0257915733995 0.0257915733995
0.660515726297 1.85964189306 -0.0269932704425 -0.0269932704425
-0.608882072891 0.205471064105 0.0283638121667 0.0283638121667
0.74312769522 1.79981572961 -0.0299626444076 -0.0299626444076
0.670121253238 -0.0806151700742 0.0318777083108 0.0318777083108
1.35185379803 0.498950872074 -0.0342454716833 -0.0342454716833
0.661203330814 -0.527624938804 0.0372904836761 0.0372904836761
1.30744539692 0.510711962631 -0.0414109999446 -0.0414109999446
0.760159193046 -0.45032527883 0.0473884122849 0.0473884122849
0.963035924635 0.176825784016 -0.0569957016241 -0.0569957016241
-0.0366160376165 -1.24778554549 0.0753047087293 0.0753047087293
1.60166976106 0.78607885156 -0.125042434478 -0.125042434478
-0.184628197703 -0.696989737453 0.839300801651 0.839300801651
