17.0 8.0 6.53072367427e-17 6.53072367427e-17
12.5899827146 6.32287263766 -0.219734364564 -0.219734364564
3.02618572934 2.27464372563 -0.0796560063326 -0.0796560063326
-3.58560996276 -0.450842260882 0.109593355336 0.109593355336
-3.46716560145 -0.177466627313 0.099452631945 0.099452631945
0.0193627836181 1.4529985503 -0.041233844416 -0.041233844416
1.58288654704 1.99107066376 -0.095247514815 -0.095247514815
0.122383574464 1.06871674954 -0.00688560079075 -0.00688560079075
-1.36831510127 0.256738161867 0.0770125486481 0.0770125486481
-0.689938099467 0.629224515716 0.0394996133698 0.0394996133698
0.859155583519 1.46218245602 -0.0504177501399 -0.0504177501399
0.955408576418 1.51957309383 -0.0578629779409 -0.0578629779409
-0.318686868338 0.822595298015 0.0201245797059 0.0201245797059
-0.934356751985 0.455782399052 0.0627772584979 0.0627772584979
-0.127571197928 0.918113382978 0.0095928798401 0.0095928798401
0.540809790856 1.46730656446 -0.0555418585792 -0.0555418585792
-0.300250062773 1.28935151047 -0.0348669268666 -0.0348669268666
-1.61835795403 0.686729218447 0.0382522119772 0.0382522119772
-1.40343473223 0.576109400921 0.0524322915421 0.0524322915421
0.327938961915 1.11023176983 -0.0138099720227 -0.0138099720227
1.3668141745 1.47160716691 -0.0598424610304 -0.0598424610304
0.328840577187 1.11064417897 -0.0142223811634 -0.0142223811634
-1.41044474345 0.572909928648 0.0556317638149 0.0556317638149
-1.62626377286 0.683134488745 0.0418469416787 0.0418469416787
-0.29027692703 1.29386089776 -0.0393763141526 -0.0393763141526
0.561590524342 1.4766296557 -0.0648649498224 -0.0648649498224
-0.13212091676 0.916093624988 0.0116126378302 0.0116126378302
-0.971468629346 0.439539134122 0.0790205234276 0.0790205234276
-0.33341806189 0.81626979054 0.0264500871802 0.0264500871802
1.00797167734 1.54155962991 -0.0798495140255 -0.0798495140255
0.916663711718 1.48536554893 -0.0736008430511 -0.0736008430511
-0.747906068995 0.607089234727 0.0616348943588 0.0616348943588
-1.52040927545 0.203380600539 0.130370109976 0.130370109976
0.142333674022 1.07476153656 -0.0129303878116 -0.0129303878116
2.07752737312 2.10145646489 -0.205633315943 -0.205633315943
0.96134813803 1.52082591619 -0.10906121031 -0.10906121031
-2.53299815866 -0.44692503408 0.368911038712 0.368911038712
-3.17213502802 -1.22179055762 0.880541652075 0.880541652075
2.84644676327 1.23146656793 0.963521151372 0.963521151372
12.2586535099 5.56383707414 0.53930119896 0.53930119896
