3.58034441113 6.17370611636 0.106678401451 0.106678401451
0.955418652109 -0.106795943024 -0.0386198285181 -0.0386198285181
1.06981297507 0.123948296018 0.0178365494932 0.0178365494932
0.915934390224 -0.140010103076 -0.00767553570551 -0.00767553570551
1.09392355442 0.156543039304 0.00159110820153 0.00159110820153
0.89852001112 -0.176205036841 0.00250208821776 0.00250208821776
1.10757558076 0.209945508436 -0.00547555138759 -0.00547555138759
0.887449915695 0.681516867426 0.00775818913588 0.00775818913588
1.11644892789 0.166394451192 -0.00958585460569 -0.00958585460569
0.880974556168 -0.205886612832 0.0110991898635 0.0110991898635
1.11955384326 0.244432761561 -0.0123874688029 -0.0123874688029
0.883784712939 -0.316238263722 0.0135102877648 0.0135102877648
1.10397259827 1.0345707397 -0.0145091551538 -0.0145091551538
0.935419470976 -0.0334675966445 0.0154140807819 0.0154140807819
0.872375255918 1.18800617344 -0.0162475222392 -0.0162475222392
-1.13825586291 0.733063212744 0.0170268583187 0.0170268583187
0.518747847725 1.37495479492 -0.0177660060442 -0.0177660060442
-0.885432450351 0.118403165648 0.0184765236671 0.0184765236671
-0.784111647575 0.818136413707 -0.0191683993197 -0.0191683993197
-1.30057911175 0.872729925933 0.0198506480202 0.0198506480202
-0.578333680116 0.392417645028 -0.0205317974483 -0.0205317974483
-0.537432486299 0.506568841336 0.0212203202937 0.0212203202937
-0.409255715722 0.55419722293 -0.0219250606741 -0.0219250606741
-0.628264087163 0.400139435996 0.0226557009985 0.0226557009985
-0.338083167761 0.640539396416 -0.0234233233872 -0.0234233233872
-0.698864041867 0.316810980281 0.0242411386667 0.0242411386667
-0.251549280146 0.736901180553 -0.0251254920612 -0.0251254920612
-0.834126149682 0.175849202772 0.026097320507 0.026097320507
0.0864010223178 1.07182929932 -0.027184357638 -0.027184357638
-0.159949982058 0.883565323357 0.0284246127249 0.0284246127249
0.553535607122 1.19855870192 -0.0298721081928 -0.0298721081928
1.05574425881 0.260044019302 0.0316068269117 0.0316068269117
1.01318375925 0.00100190650495 -0.0337530077361 -0.0337530077361
0.953858227544 0.74609275983 0.0365153267304 0.0365153267304
1.06843000832 0.245617268627 -0.0402573720228 -0.0402573720228
0.912953364861 -0.473323360704 0.0456940932212 0.0456940932212
1.10598402027 -0.601249081048 -0.0544530895758 -0.0544530895758
0.868961406218 0.0673392364247 0.0712166405387 0.0712166405387
1.18406434598 0.0198920411213 -0.117232928949 -0.117232928949
0.0617345042398 -0.0605399302128 0.865343171344 0.865343171344
