9.64285714286 15.7619047619 -0.0238095238095 0.0238095238095
0.910386327712 -1.53831692657 0.0470577729259 0.000583000741789
-0.0530433566413 -0.502048515047 -0.0539193239378 -0.00851511321389
0.167969461646 -1.37529230416 0.0568724285333 0.0124814417139
0.908533992035 0.474475958605 -0.0583068109214 -0.0148849997004
-0.00225305167907 -1.70598479043 0.058999915342 0.016514152402
1.28743828313 -0.399778604606 -0.0592777011733 -0.0177038481231
0.795524981097 -1.35480512107 0.0592995611698 0.0186207139904
1.17010654867 0.828512005523 -0.0591524675347 -0.0193570800385
0.849516418396 -0.790017838444 0.0588888731391 0.0199683222892
1.13741479956 0.843216681218 -0.0585449096804 -0.0204897520254
0.872018074924 -1.30600040958 0.0581515541841 0.020945030949
1.12103590865 0.0837884323958 -0.0577449143221 -0.0213506929179
0.883623862553 -0.398885163562 0.057381398007 0.0217187267508
1.11491523885 0.456675834398 -0.0571688668058 -0.0220581292269
0.87937892712 -0.467236489065 0.057345351021 0.0223758819255
1.15448026557 0.435996631315 -0.0585205050964 -0.0226775920543
0.0827917670101 0.329485337521 0.0626507061218 0.0229679311678
-0.00660188116236 1.59709525876 -0.079708039772 -0.0232509501987
0.00175327660625 -0.467502550285 0.980046481213 0.0235303192108
-7.64285714286 5.2380952381 0.0238095238095 -0.0238095238095
-0.991840385299 -0.444461653145 -0.0110786058139 0.0240920413768
-1.04076306567 0.343622072216 0.0231322308062 -0.0243815164194
-0.910130481103 -1.3822600986 -0.0616651438711 0.0246819541514
-1.14420603368 0.493952655834 0.212972458355 -0.0249979549275
1.1439359354 -0.0964150226078 0.925224667345 0.0253350203546
3.79873169265 2.59415627508 -0.226875042349 -0.0256999774643
-0.0738774711493 0.111681192649 0.153355160506 0.0261015956663
0.404116927889 1.79273771786 -0.125661546113 -0.0265515234665
-0.68456298211 0.230697204621 0.111330424573 0.0270657716102
-0.928394139508 1.80389739812 -0.102728928893 -0.0276671686087
-1.10933641846 -0.205372444626 0.0971544893231 0.0283896371375
-0.885663625183 0.511311976815 -0.093441026767 -0.0292861021864
-1.1114811336 -0.556130951975 0.0910518735695 0.0304442366887
-0.894120387143 0.568854416317 -0.0897913961502 -0.0320209154583
-1.09876886869 -0.572049671239 0.089757194457 0.0343277335849
-0.909999707305 0.571014411234 -0.0915320031911 -0.0380848797746
-1.07782243053 -0.567253183506 0.0971499645829 0.0454189056865
-0.947256485535 0.560750421922 -0.116791705767 -0.0665749720287
-0.146884118361 -0.549729191507 1.02122929013 0.972371702816
