7.8510373242 7.94184435802 0.18402748378 0.18402748378
0.0600036742424 0.973742581153 -0.0718658719778 -0.0718658719778
-0.563324742607 1.07704488245 0.0400379628756 0.0400379628756
0.257100664547 0.885781177082 -0.0248575745586 -0.0248575745586
1.38180033488 0.17120189555 0.0158836368426 0.0158836368426
0.689069421453 -0.149049545462 -0.00989472163643 -0.00989472163643
1.30326989313 0.145640419344 0.00556816886198 0.00556816886198
0.602049143075 -0.111530575568 -0.00226042978669 -0.00226042978669
-0.577381225892 1.18589261275 -0.0003795313902 -0.0003795313902
-0.0577185520861 0.802157134597 0.00255977509992 0.00255977509992
0.0955540362287 1.20669956725 -0.00441173932052 -0.00441173932052
-0.105396864946 0.782662578341 0.0060228229432 0.0060228229432
0.110800381505 1.23142272983 -0.00745369309225 -0.00745369309225
-0.130777795475 0.747331928648 0.00874807774278 0.00874807774278
0.778415772277 1.2938312742 -0.00993860635755 -0.00993860635755
0.238271615541 0.551310958302 0.0110504570345 0.0110504570345
1.06070304046 0.235167471025 -0.0121037324152 -0.0121037324152
1.01500763943 -0.812101279023 0.0131150742864 0.0131150742864
0.114293777164 -0.917846201109 -0.014098813056 -0.014098813056
0.228084625442 -1.13805246421 0.015067833218 0.015067833218
0.732507938596 -0.834696156967 -0.016034272771 -0.016034272771
-0.285437647271 -1.18380749783 0.0170101405852 0.0170101405852
0.202367141276 -0.800888808844 -0.0180079198383 -0.0180079198383
-0.163837814226 -1.21361644826 0.019041223005 0.019041223005
0.153457573331 -0.771870803973 -0.0201255737216 -0.0201255737216
-0.817157782671 -1.23126592743 0.0212794160923 0.0212794160923
-1.18465808813 0.303763163262 -0.0225255006388 -0.0225255006388
-0.128906509653 -0.655039579731 0.0238928848492 0.0238928848492
0.67751921302 -0.884559164044 -0.0254199493029 -0.0254199493029
-0.322128737893 -1.18715196504 0.0271591392176 0.0271591392176
0.21819164778 -0.767397082365 -0.0291847534313 -0.0291847534313
-0.126979548569 -1.29804797363 0.0316063868883 0.0316063868883
-0.559720361462 -0.0408581655507 -0.0345935193438 -0.0345935193438
-1.23241079397 -1.01983465073 0.0384238101889 0.0384238101889
-0.867939862956 0.600096700584 -0.0435869220644 -0.0435869220644
-0.611136582358 0.887649594373 0.0510360830892 0.0510360830892
-0.365329133471 0.513840109998 -0.0629089956628 -0.0629089956628
-0.620465337274 0.387671645652 0.085200901599 0.085200901599
-0.43152268038 0.67178056732 -0.143630455072 -0.143630455072
0.0101761841047 0.264218194947 0.740865022728 0.740865022728
