14.0 15.0 3.08395284618e-18 3.08395284618e-18
0.554711046548 1.66361523489 -0.0512947984164 -0.0512947984164
-2.41642756942 -1.60128754038 0.0654854967475 0.0654854967475
0.235438483752 1.49248294789 -0.0671638034914 -0.0671638034914
-2.01100506623 -1.35255973397 0.0622374651096 0.0622374651096
-0.267421201241 1.21278064981 -0.0533606146381 -0.0533606146381
-1.25511494125 -1.24089122799 0.0422780161694 0.0422780161694
0.533699756521 -0.499545793382 -0.0303701033022 -0.0303701033022
-0.186553008437 -1.35872157158 0.0187824884574 0.0187824884574
1.21470891184 -0.817993869936 -0.00843528207301 -0.00843528207301
1.0 -1.0 -6.16790569236e-18 -6.16790569236e-18
0.87097739635 -1.21437015831 0.0061227688875 0.0061227688875
1.20390172817 0.165757885082 -0.00981047251521 -0.00981047251521
0.764995954415 -0.980498192499 0.0112044720555 0.0112044720555
1.23127477509 -0.345773286561 -0.0106736604121 -0.0106736604121
0.797213778375 0.0475105081915 0.00875829969108 0.00875829969108
1.16071430437 0.0303678804629 -0.0060991304882 -0.0060991304882
0.88324983269 -0.0732630767569 0.00335856666438 0.00335856666438
1.0826972146 0.150719996629 -0.00114172080001 -0.00114172080001
0.92833455789 1.07405321406 -7.49097348613e-05 -7.49097348613e-05
-3.94745964311e-16 1.0 -6.16790569236e-18 -6.16790569236e-18
-0.079506547732 0.956363571966 0.00143643639137 0.00143643639137
0.216266601976 1.08555926448 -0.00407087008485 -0.00407087008485
-0.956902529471 0.871681398353 0.00751925832543 0.00751925832543
-0.358167139792 1.16817030093 -0.01121387611 -0.01121387611
0.0100284466736 0.801208117794 0.0144601958487 0.0144601958487
0.147507530785 1.21294940096 -0.0165079463602 -0.0165079463602
-0.369929633323 0.796217913851 0.0166289190243 0.0166289190243
-0.921609955096 1.1660191072 -0.0141931645695 -0.0141931645695
0.0860710065372 0.902711689194 0.00873494383417 0.00873494383417
9.86864910778e-17 1.0 -1.23358113847e-17 -1.23358113847e-17
-0.947287254532 1.11387369784 -0.0120340513397 -0.0120340513397
-0.290320828308 0.801476016651 0.0271733037616 0.0271733037616
-0.346430738527 0.714511895444 -0.0450732516507 -0.0450732516507
-1.10062690355 -0.309973717231 0.0653874300094 0.0653874300094
0.590962503345 2.2521616415 -0.0880998556212 -0.0880998556212
-2.0927357377 -0.391059315954 0.114429954317 0.114429954317
1.65347451246 2.55167216873 -0.150368308578 -0.150368308578
-1.63202322743 -0.736309014293 0.233492242324 0.233492242324
1.62138949521 1.57927088581 0.983606673679 0.983606673679
