8.75811768 7.70334044134 0.107401770093 0.124357347884
-0.320569547894 -1.15489745173 -0.0337071451857 -0.0465496018039
0.586336846329 -0.888854824352 0.0136868371603 0.0231456066618
0.887134647223 -0.723978589782 -0.00516911597279 -0.0117629979388
1.17683851319 0.375877549145 0.000857169274098 0.00496572276495
0.794674021091 -0.312696243774 0.00150581414028 -0.000400801248046
1.22718875899 1.18347169009 -0.00283046211701 -0.00291140082762
0.745366970802 -0.353360783743 0.00354644756178 0.00545183133335
1.31550936131 0.288356438575 -0.00387838114708 -0.00748450148936
0.237263647696 0.151031651828 0.00395216869829 0.00916663895575
0.0749041431773 1.54824560188 -0.00384170047557 -0.0105979426602
-0.122126816899 0.485445669386 0.00359136502933 0.0118449118346
0.132453052562 1.51964414974 -0.0032276758264 -0.0129538288559
-0.120488953229 0.450763819756 0.0027655596543 0.0139581330042
0.0610540756001 1.6292312709 -0.00221182215419 -0.014882832681
0.465941904835 -0.180761395141 0.00156699776719 0.0157472685935
0.600192814104 1.14266648907 -0.0008261761223 -0.0165669188244
0.394023052458 0.640622090576 -2.09231663021e-05 0.0173546290927
0.502749962016 1.43419710005 0.000990550197366 -0.0181214915743
-0.786328545883 0.504251427725 -0.00210627651293 0.0188775093762
-0.242452958751 1.59197006344 0.0034013487792 -0.0196321364047
-0.757263582748 -0.198371496629 -0.00492254877452 0.0203947569906
-0.230846654613 1.17672004741 0.0067365076084 -0.0211751580107
-0.797015269482 -0.224198939355 -0.00894027426372 0.0219840448252
-0.132912994037 1.3496851646 0.0116797009639 -0.0228336607254
-1.20577512832 -0.812248656884 -0.0151831306798 0.0237385902642
-0.836695293339 1.34755001573 0.0198273749587 -0.0247168663876
-1.14100145865 -0.939225758782 -0.0262785230773 0.0257915733995
-0.893456805364 0.24384142652 0.0358287507972 -0.0269932704425
-0.988575235299 -0.604908529346 -0.0513410061647 0.0283638121667
-0.00446653693795 -0.257463252351 0.0806227885788 -0.0299626444076
-1.36731394304 -0.56683927863 -0.154925090989 0.0318777083108
-0.329625696583 1.01478654884 0.673667953113 -0.0342454716833
1.37549230923 -5.10455158129 0.386926103085 0.0372904836761
1.49153997135 -0.772936228487 -0.173523927252 -0.0414109999446
0.627017118071 -0.021735441878 0.125185714746 0.0473884122849
1.34631991399 -0.810841401505 -0.109889715732 -0.0569957016241
0.651612435878 0.111179780932 0.113767686904 0.0753047087293
1.38943246938 0.0086268713639 -0.15399181042 -0.125042434478
-0.0961631418276 -0.0587418382284 0.861434756498 0.839300801651
