13.0 26.0 0.0 0.0
0.615980918292 0.400387835166 -0.0253141048256 -0.0253141048256
0.33605417409 -2.36756577 0.0332659354587 0.0332659354587
0.809274089671 0.315563511193 -0.0362587720026 -0.0362587720026
-0.776307386688 -2.24289809448 0.0369108382567 0.0369108382567
1.42733453711 0.147291908304 -0.0361501990165 -0.0361501990165
-0.0505805735134 -2.02098055445 0.0344217922128 0.0344217922128
0.0799664338527 -0.170926563249 -0.0319938149118 -0.0319938149118
0.483583696185 -1.18139028482 0.0290596878669 0.0290596878669
0.796517233179 0.405410731137 -0.0257777985526 -0.0257777985526
-0.374137640389 -1.94292569513 0.0222883367499 0.0222883367499
0.214598065024 -0.234741794497 -0.0187204813349 -0.0187204813349
-0.073158844052 -1.66215402727 0.0151951088208 0.0151951088208
-0.210071035332 -0.259033365794 -0.0118252866554 -0.0118252866554
-1.1835947002 -0.171793810486 0.00871564465372 0.00871564465372
-0.941517371644 0.1487792671 -0.00596120272135 -0.00596120272135
-0.986820986689 -0.101348976105 0.00364598765306 0.00364598765306
-1.06418556555 0.0653661535928 -0.00184164613246 -0.00184164613246
-0.885469048049 -0.0651424932759 0.000606191786493 0.000606191786493
-0.00439849157078 -1.05199685954 1.70171802408e-05 1.70171802408e-05
1.86984930463e-16 -1.0 1.31473779232e-17 1.31473779232e-17
1.02483795684 -0.934721397396 -0.000669476158262 -0.000669476158262
-0.013783119097 -1.19468302739 0.00198791492502 0.00198791492502
0.978461793033 0.169916754999 -0.00393652709454 -0.00393652709454
0.0794934570796 -1.15240355448 0.00648210809613 0.00648210809613
0.837583734391 0.128536960042 -0.00957838123253 -0.00957838123253
0.280022568003 -1.09539037279 0.0131678423169 0.0131678423169
0.528205457739 0.0498284535031 -0.0171841694633 -0.0171841694633
1.13888863146 -0.983977170719 0.0215553218912 0.0215553218912
1.01025311348 -0.131497741958 -0.0262075748865 -0.0262075748865
0.868781446762 -0.438994531834 0.0310709939191 0.0310709939191
1.26545857705 0.962063006182 -0.0360874046928 -0.0360874046928
0.413961409088 0.461462157228 0.0412231944778 0.0412231944778
0.113593236833 1.73282129195 -0.0464924997795 -0.0464924997795
-0.202142993993 0.153942820044 0.0520054167113 0.0520054167113
0.130884643073 1.82602562083 -0.0580856588842 -0.0580856588842
-1.41135979525 -1.16865158443 0.0656228342677 0.0656228342677
0.58595479183 2.44851665795 -0.0775032922379 -0.0775032922379
-1.69606187369 -0.456683976998 0.109090639409 0.109090639409
0.748636303743 1.35083062312 0.995887062876 0.995887062876
