18.0 6.0 4.20084387696e-17 4.20084387696e-17
0.449280997657 1.47305281853 -0.0387739529946 -0.0387739529946
-2.35411644473 -0.298716058927 0.0512034122389 0.0512034122389
0.233876991234 0.326522877402 -0.0557108302197 -0.0557108302197
-2.07603014811 -0.302424405328 0.0562728570465 0.0562728570465
-0.156016165365 0.223100697442 -0.0543227039723 -0.0543227039723
-1.20551289583 0.210324681578 0.050565236266 0.050565236266
0.377226347598 1.46522632987 -0.0454420084493 -0.0454420084493
-1.52936347261 0.625579799028 0.0392864535487 0.0392864535487
0.79868106719 1.31373073545 -0.032384035739 -0.032384035739
-0.525035452629 0.73953011103 0.024997171394 0.024997171394
0.314053077213 1.21031699832 -0.0173751995037 -0.0173751995037
-0.120222917367 0.83057290383 0.00975735611871 0.00975735611871
1.06268298204 0.0080666795621 -0.00237226171898 -0.00237226171898
1.1001984256 0.0410847579122 -0.00456436229954 -0.00456436229954
0.783699962227 -0.164204980648 0.0108528231536 0.0108528231536
1.3000506448 1.03688716905 -0.0163128852412 -0.0163128852412
0.65051597131 0.180446734063 0.0207871453423 0.0207871453423
1.3548219306 0.0485659494388 -0.024144110531 -0.024144110531
0.718210223781 -0.216048437793 0.0262808009946 0.0262808009946
0.852881083738 0.687746663994 -0.0271247442289 -0.0271247442289
-0.159661329417 0.611964953803 0.0266352593538 0.0266352593538
1.41198568636 0.115450804655 -0.0248039550539 -0.0248039550539
-0.724902831139 1.23252574107 0.0216543833936 0.0216543833936
0.60668868073 0.887819627688 -0.0172408038475 -0.0172408038475
0.764820293141 1.05739842577 0.0116460144956 0.0116460144956
0.0140994743757 0.977640183405 -0.00497819442303 -0.00497819442303
-0.947047375151 0.986504515441 -0.00263333900444 -0.00263333900444
-1.1773485713 1.09096238365 0.0110436460451 0.0110436460451
-0.753259585661 0.0437243633504 -0.0200993350737 -0.0200993350737
-0.653081107357 0.748433332579 0.0296481758853 0.0296481758853
0.117348238438 0.569189746723 -0.0395528311575 -0.0395528311575
-2.05875675213 -0.384375422191 0.0497124394316 0.0497124394316
0.137709762591 0.354401937703 -0.0601009854277 -0.0601009854277
-2.22978539085 -0.355781744297 0.0708461268973 0.0708461268973
0.312589938819 0.368238067241 -0.0824207239241 -0.0824207239241
-2.37623194017 -0.385055180816 0.0962176704529 0.0962176704529
0.411358241113 0.40336271719 -0.116907271432 -0.116907271432
-2.38929488715 -0.422353664382 0.170159050841 0.170159050841
1.55477913833 0.444370971408 0.990779592424 0.990779592424
