8.99381794328 4.75891415438 0.0631343673496 0.140885425841
0.545638272248 -0.134787419609 0.00756595267608 -0.0538003035115
1.41073528494 -0.460719880112 -0.0229472554084 0.027992846759
0.619617308283 0.926188286813 0.0281413046591 -0.0155049531587
1.36017299634 0.161134887017 -0.0301318267204 0.00806738530174
0.651937771042 0.00218020586021 0.030848999636 -0.00308071452521
1.34417868472 -0.0209700148242 -0.0309879086454 -0.000533353403678
0.647147527923 0.0247085042207 0.0308410247874 0.0033029534943
1.39718502814 -0.0515897947685 -0.0305444644321 -0.00551751559194
-0.0718054769118 0.694734401061 0.0301659128425 0.00734918847405
0.254303453364 1.19076218892 -0.029740357756 -0.00890702442267
-0.438282231263 0.682619658651 0.0292860546498 0.0102637019769
-0.882344597012 -0.0576557211305 -0.0288121855007 -0.0114697687103
-1.17120571085 0.455469656836 0.0283227310337 0.0125617224591
-0.803000616291 1.30641886206 -0.0278184965198 -0.013566842725
-1.23099429928 -0.205653265897 0.0272981808695 0.014506214049
-0.61704156584 0.429318055105 -0.0267589176825 -0.0153966995947
-0.037812649356 0.856904075431 0.0261965003556 0.016252285216
0.0391776679137 1.26838907494 -0.0256053941701 -0.0170850387073
0.611733787138 -0.00192797797974 0.0249785775837 0.0179058342759
1.24480398532 0.285055062616 -0.0243072151588 -0.0187249403165
0.768237841926 0.571549391911 0.0235801307035 0.0195525406985
1.27010087884 0.435185135989 -0.0227830104363 -0.0203992469357
0.277465445733 1.02184184523 0.0218972104479 0.0212766568857
-0.0027989578161 1.07174376879 -0.0208979521594 -0.0221980245161
-0.00617185351772 0.884227632528 0.0197515302542 0.0231791274333
-0.140383227689 1.13666058007 -0.0184108618442 -0.0242394613449
-1.19027773509 0.88234136855 0.016808127267 0.025403968069
-0.862062773686 0.686824414044 -0.0148420563667 -0.0267056461297
-1.11219363019 -0.432540527959 0.012354772035 0.0281896633176
-0.90959204863 1.26526859409 -0.00908679443475 -0.0299201277681
-1.06663793798 -0.47282468055 0.0045822206393 0.0319918043258
-0.963047362672 0.541806872311 0.00203324722857 -0.0345516133786
-0.996173615948 -0.648133445797 -0.0126517432827 0.0378410226694
-1.06531449936 0.823478892676 0.0321775472236 -0.0422876442392
-0.83143828491 -1.18075457249 -0.0778987107596 0.0487287063762
-1.33454679416 0.858339594518 0.274791020658 -0.059057919022
2.35702691743 -4.71604360587 0.778083955946 0.0786636250583
3.51725967749 -4.79503139336 -0.313482655045 -0.131405960915
-0.744081270292 1.62323380239 0.921535104143 0.81377145957
