9.79212069225 10.5745314076 0.106678401451 0.106678401451
-0.361478010778 0.877749513413 -0.0386198285181 -0.0386198285181
-0.860298095594 1.17245883667 0.0178365494932 0.0178365494932
-1.26817595882 0.79552443826 -0.00767553570551 -0.00767553570551
-0.185387395158 1.2281018293 0.00159110820153 0.00159110820153
-0.744551019164 0.753090919096 0.00250208821776 0.00250208821776
-1.01569312557 1.26223233793 -0.00547555138759 -0.00547555138759
-0.0665603409525 0.726276775885 0.00775818913588 0.00775818913588
0.0384083143967 1.27744359397 -0.00958585460569 -0.00958585460569
0.186508369343 0.747792796687 0.0110991898635 0.0110991898635
1.31668647705 0.920668751859 -0.0123874688029 -0.0123874688029
0.716339295937 -0.631656494775 0.0135102877648 0.0135102877648
1.29189312769 1.32940454107 -0.0145091551538 -0.0145091551538
0.678887535835 -1.18445143424 0.0154140807819 0.0154140807819
1.38562844014 0.447515456584 -0.0162475222392 -0.0162475222392
0.374738188765 -0.762581759987 0.0170268583187 0.0170268583187
0.556486699503 -0.209606955965 -0.0177660060442 -0.0177660060442
0.900745434711 -0.827876817533 0.0184765236671 0.0184765236671
1.20161380995 -0.128046540037 -0.0191683993197 -0.0191683993197
0.730890245174 -0.931320732103 0.0198506480202 0.0198506480202
1.35042166516 -0.838843132369 -0.0205317974483 -0.0205317974483
0.448124290207 -1.29377864794 0.0212203202937 0.0212203202937
0.578554841598 -0.400008061694 -0.0219250606741 -0.0219250606741
0.451103717977 -0.532161242072 0.0226557009985 0.0226557009985
0.0698858668321 -0.968317400332 -0.0234233233872 -0.0234233233872
-0.191081433094 -1.12644395356 0.0242411386667 0.0242411386667
0.27983355974 -0.827960813155 -0.0251254920612 -0.0251254920612
-0.394485135659 -1.20025464826 0.026097320507 0.026097320507
0.68655715898 -0.781901381343 -0.027184357638 -0.027184357638
0.0351682552208 -1.22359853953 0.0284246127249 0.0284246127249
-0.492369040823 -0.807070709365 -0.0298721081928 -0.0298721081928
-0.556393204513 -0.703763653591 0.0316068269117 0.0316068269117
-1.06623154648 0.495992213643 -0.0337530077361 -0.0337530077361
-1.05347049562 -0.518048420945 0.0365153267304 0.0365153267304
-0.862075856359 0.673752536272 -0.0402573720228 -0.0402573720228
-1.2438808988 0.267727811146 0.0456940932212 0.0456940932212
-0.38539278376 0.770087825248 -0.0544530895758 -0.0544530895758
-0.520144718194 0.195878980136 0.0712166405387 0.0712166405387
-1.1045307136 0.842083090627 -0.117232928949 -0.117232928949
-0.263613604821 0.104595074729 0.865343171344 0.865343171344
