11.8333333333 8.69047619048 -0.0238095238095 0.0238095238095
-0.38992051111 0.930034914963 0.0511886620471 0.000583000741789
0.333650896077 1.06149267425 -0.0631489071546 -0.00851511321389
-1.51308324872 0.951468278979 0.0726219238657 0.0124814417139
-0.421902705799 1.0251675652 -0.0827797154143 -0.0148849997004
-0.223622399109 1.02917416522 0.0958749309207 0.016514152402
0.0353580840289 0.741265113934 -0.115385950273 -0.0177038481231
-1.21237358244 0.0656345540719 0.149626847726 0.0186207139904
0.397887648161 1.37572110311 -0.228260959325 -0.0193570800385
-1.75773903141 0.45652498303 0.606845141164 0.0199683222892
2.48774960854 -0.478227092411 0.60544517891 -0.0204897520254
1.63834874648 -0.815378963567 -0.175885949208 0.020945030949
1.21475305967 0.537346775364 0.0938619571405 -0.0213506929179
0.0425000148222 -1.05755875313 -0.0596348870977 0.0217187267508
0.838803843851 -0.154120308948 0.0413619210078 -0.0220581292269
0.886076179947 -0.0600322592798 -0.0305184473739 0.0223758819255
1.2254623898 0.0765628303219 0.0239263340487 -0.0226775920543
-0.0251065566736 0.663040795026 -0.0202255693417 0.0229679311678
0.120540856589 1.27608580115 0.0188801221106 -0.0232509501987
-0.134202199588 0.71641573201 -0.0198860395648 0.0235303192108
-0.833333333333 1.30952380952 0.0238095238095 -0.0238095238095
-0.0719621396604 0.648049252516 -0.0322304236649 0.0240920413768
-0.0591828557753 1.41942709415 0.0493554645361 -0.0243815164194
-0.915530345744 0.46554045185 -0.089280948393 0.0246819541514
-0.128388251269 1.73638896621 0.240636276486 -0.0249979549275
1.14454014111 -2.3095244354 0.898121514312 0.0253350203546
4.52576290819 -6.13008917426 -0.200647746444 -0.0256999774643
-2.85442697753 0.503308313785 0.128186219525 0.0261015956663
1.03365188317 -0.814813447711 -0.101669983906 -0.0265515234665
-0.216869913798 -0.838531748888 0.0886054803239 0.0270657716102
1.12577110178 -1.14997425071 -0.081348287343 -0.0276671686087
-0.0399994751022 -0.86997779264 0.0771953221932 0.0283896371375
0.947795388579 -1.12047285551 -0.074987673008 -0.0292861021864
0.200619140133 -0.870419322096 0.0742021570953 0.0304442366887
0.0360468032741 -1.18899077272 -0.0746628074823 -0.0320209154583
0.582900938074 -0.122865671419 0.0764938844104 0.0343277335849
0.590714428717 -0.73273292781 -0.0803135495201 -0.0380848797746
-0.457615452632 -1.11642966288 0.0882031340997 0.0454189056865
0.427442310575 -0.937366293821 -0.110407011959 -0.0665749720287
-0.4144507252 -0.149238870022 1.01778524169 0.972371702816
