10.0 15.0 -7.40148683083e-18 -7.40148683083e-18
3.07333929822 3.78547698608 -0.127173559399 -0.127173559399
-2.27842032261 -4.38625490472 0.124401693586 0.124401693586
1.23617813396 0.594332312376 -0.0665602650296 -0.0665602650296
1.0 -1.0 3.75770396523e-17 3.75770396523e-17
0.455217307471 -1.93940768108 0.0434109560969 0.0434109560969
1.67965195375 0.0658147697397 -0.0513288321272 -0.0513288321272
0.562447342612 -1.53479686064 0.0307173166183 0.0307173166183
1.0 0.0 -5.27377144186e-19 -5.27377144186e-19
1.44810471915 0.792918584231 -0.022367309341 -0.022367309341
0.0306270192178 -1.41530005215 0.0269928011065 0.0269928011065
0.30698469364 -0.367018253697 -0.0161993675469 -0.0161993675469
1.0 -1.18423789293e-16 -4.69817879821e-17 -4.69817879821e-17
0.969147841494 -1.14635081812 0.011242421121 0.011242421121
1.06406106074 0.0378752715264 -0.0127954678345 -0.0127954678345
0.966320034321 1.19317538775 0.00698181903222 0.00698181903222
1.0 1.0 7.07554983084e-18 7.07554983084e-18
0.372214141636 0.931619529719 -0.00310307912681 -0.00310307912681
-0.421638712148 1.09048787858 0.0017469259761 0.0017469259761
0.412952740396 0.92935955879 0.00061720809044 0.00061720809044
1.0 1.0 4.4408920985e-17 4.4408920985e-17
0.190691227382 1.10028650533 -0.00436848318299 -0.00436848318299
-0.00435225544968 0.830138528533 0.0089316397477 0.0089316397477
-0.19066949683 1.1425126903 -0.00834665479935 -0.00834665479935
-1.0 1.0 4.90030742874e-18 4.90030742874e-18
-0.324731297219 0.805028759579 0.0127975885699 0.0127975885699
-0.102452184693 1.31897281299 -0.0216469197733 -0.0216469197733
-1.26225177091 0.74028053258 0.0180860705529 0.0180860705529
-1.7763568394e-16 1.0 5.81245412343e-18 5.81245412343e-18
0.598594033215 1.34254171609 -0.0248378357489 -0.0248378357489
-1.21266332104 0.442692530254 0.0411632385512 0.0411632385512
-0.46566987532 1.45540608953 -0.0342948916954 -0.0342948916954
-4.73695157173e-16 1.0 -4.04699328455e-18 -4.04699328455e-18
-1.04501088219 0.375312077684 0.0494160065323 0.0494160065323
-0.671491472743 2.05876093196 -0.0868363021565 -0.0868363021565
-1.25902122901 0.0793565793286 0.0795717495672 0.0795717495672
3.5527136788e-16 1.0 7.02056756838e-17 7.02056756838e-17
0.994484418405 2.61924100716 -0.179033641378 -0.179033641378
-2.08332176503 -2.70985443339 0.636037889591 0.636037889591
2.96067861957 4.43405863034 0.900110617733 0.900110617733
