12.0 6.0 -7.40148683083e-18 -7.40148683083e-18
4.38976004431 1.81266192745 -0.127173559399 -0.127173559399
-1.47706454661 -1.27381728828 0.124401693586 0.124401693586
2.23911384762 0.579476799477 -0.0665602650296 -0.0665602650296
1.0 3.5527136788e-16 3.75770396523e-17 3.75770396523e-17
-0.550718955441 0.324064389379 0.0434109560969 0.0434109560969
0.8836212292 1.77089555205 -0.0513288321272 -0.0513288321272
-0.750328026526 0.376502337293 0.0307173166183 0.0307173166183
-1.0 -4.61474571425e-16 -5.27377144186e-19 -5.27377144186e-19
0.171425783608 1.01473956453 -0.022367309341 -0.022367309341
-0.795748726892 0.441757574552 0.0269928011065 0.0269928011065
-0.760816655883 0.0571659851543 -0.0161993675469 -0.0161993675469
-1.18423789293e-16 1.0 -4.69817879821e-17 -4.69817879821e-17
-0.0223114944834 1.20799362311 0.011242421121 0.011242421121
0.0966967278236 0.706523824935 -0.0127954678345 -0.0127954678345
-0.110370338046 1.24772369283 0.00698181903222 0.00698181903222
8.28966525053e-16 1.0 7.07554983084e-18 7.07554983084e-18
0.827214587855 -0.0684762252207 -0.00310307912681 -0.00310307912681
1.05224692025 0.691202649307 0.0017469259761 0.0017469259761
1.02773040205 0.776821452697 0.00061720809044 0.00061720809044
1.0 0.0 4.4408920985e-17 4.4408920985e-17
0.203126754761 0.829906078656 -0.00436848318299 -0.00436848318299
0.194361664388 0.612881016073 0.0089316397477 0.0089316397477
1.33138585481 -0.00886590157692 -0.00834665479935 -0.00834665479935
1.0 1.0 4.90030742874e-18 4.90030742874e-18
0.0543064385817 1.16992100668 0.0127975885699 0.0127975885699
0.0816968294083 0.843720986355 -0.0216469197733 -0.0216469197733
-0.0886068649429 1.07383824468 0.0180860705529 0.0180860705529
-5.92118946467e-17 1.0 5.81245412343e-18 5.81245412343e-18
0.0996297533271 0.960379682014 -0.0248378357489 -0.0248378357489
-0.10483014767 1.07604853817 0.0411632385512 0.0411632385512
-0.0504187081146 0.835088715065 -0.0342948916954 -0.0342948916954
-1.0 -4.85915742922e-16 -4.04699328455e-18 -4.04699328455e-18
-0.579804886999 0.460442570043 0.0494160065323 0.0494160065323
0.3828864597 1.67512761014 -0.0868363021565 -0.0868363021565
-1.7971594486 0.381827050711 0.0795717495672 0.0795717495672
-1.0 1.18423789293e-16 7.02056756838e-17 7.02056756838e-17
0.0740386411461 0.532384319212 -0.179033641378 -0.179033641378
-2.98053307626 -1.21100712996 0.636037889591 0.636037889591
3.6261366043 1.76973802115 0.900110617733 0.900110617733
