9.96139017277 13.8428960647 0.133925058875 0.124357347884
0.371120252648 -1.29495762524 -0.0557946585556 -0.0465496018039
0.341053422348 -0.728337455444 0.0321344998465 0.0231456066618
-0.392108713281 -1.26227463671 -0.0205666345149 -0.0117629979388
0.415074319447 -0.740118031779 0.0136645099165 0.00496572276495
-0.434131795162 -1.26388072936 -0.0090915846093 -0.000400801248046
0.459371042541 -0.721505138514 0.00589485479712 -0.00291140082762
-0.513386392037 -1.32424866501 -0.00363591914167 0.00545183133335
0.809978382155 -0.38577153986 0.00211960586118 -0.00748450148936
0.71685877714 -0.0827714383706 -0.0013035649669 0.00916663895575
1.34383030924 0.143796934452 0.00128914376106 -0.0105979426602
0.632352681092 -0.192836359016 -0.00238603492738 0.0118449118346
1.38047450546 -0.735311839653 0.00532113889131 -0.0129538288559
0.612452841662 -0.0111665615335 -0.0118845694687 0.0139581330042
1.38779379978 -0.0361289711625 0.0274183229523 -0.014882832681
0.635969849075 0.58135959143 -0.0762197155274 0.0157472685935
0.741223996469 0.426140726475 0.762098987808 -0.0165669188244
-3.96941304456 4.76231405619 0.225465536045 0.0173546290927
-0.596393153577 0.407841983593 -0.150218212842 -0.0181214915743
-1.44967386993 -0.337951035021 0.152188519177 0.0188775093762
-0.525531329897 0.322133101837 -0.211525362829 -0.0196321364047
-1.14257134098 -0.346915427857 0.790839856146 0.0203947569906
4.55656598669 1.0665451851 0.247058197475 -0.0211751580107
0.324198322998 0.818976239838 -0.0836533227584 0.0219840448252
0.961173238391 1.20157439621 0.0411844511632 -0.0228336607254
-0.358351374166 0.792418103242 -0.0217542655262 0.0237385902642
0.346513093831 1.20873210577 0.0104860023547 -0.0247168663876
-0.349853904099 0.793238003896 -0.00294119451747 0.0257915733995
0.344687917524 1.19988798136 -0.00267027994356 -0.0269932704425
-1.33527356123 0.823536361622 0.0072231097394 0.0283638121667
-0.641385584681 1.0192617375 -0.0112188843725 -0.0299626444076
-1.36502562333 -0.467212943956 0.0150004692463 0.0318777083108
-0.632541221386 0.927383955255 -0.0188607446846 -0.0342454716833
-1.3669587825 0.161165315737 0.0231249680862 0.0372904836761
-0.637838277918 0.0257108438233 -0.0282587271862 -0.0414109999446
-1.34781925537 -0.0265955226532 0.0350897491144 0.0473884122849
-0.698967233341 -0.179767958161 -0.0454235545329 -0.0569957016241
-0.955239403366 -1.24358571653 0.0643550709816 0.0753047087293
0.569747974273 -0.854395909779 -0.11462761 -0.125042434478
-0.539792556647 -0.416838756886 0.829344278028 0.839300801651
