8.3160753965 12.1986146725 0.212129354307 0.218560768295
1.07337639262 -1.47952957924 -0.0760267252048 -0.0852006975277
0.35678806374 -0.549371331757 0.03673919802 0.0488980614404
0.0334506382542 -1.44294288484 -0.0163445434897 -0.031812598788
0.847302516622 -0.552572664462 0.00256708538928 0.0217809824839
-0.369089851433 -1.47143348325 0.00844279566419 -0.0151142914981
0.434074661398 -0.395446715736 -0.0184267509625 0.0103120071963
0.859701537507 -0.33889848899 0.0284935668519 -0.00664840296605
1.16232403108 0.377485430498 -0.039691209351 0.00372928168742
0.830803014933 -0.397125064638 0.0534801071726 -0.00132173685447
1.17457349192 0.415449259926 -0.0726469679206 -0.000721001106101
0.817446488785 -0.440235814935 0.104308314618 0.00249632730477
1.20532981498 0.485181151032 -0.176137411006 -0.00407172988461
0.478654388612 -0.609526945119 0.643235459772 0.00549577732455
-3.56172789494 4.02988725154 0.265201453647 -0.00680465767718
-1.58211634278 -0.0713666753031 -0.0650243555941 0.0080262541944
-0.447126785346 0.235828046356 -0.013503126337 -0.00918279554898
-1.72249701442 -0.319729742544 0.145844270318 0.0102926534404
2.25033229558 0.579863768933 0.717283847989 -0.0113716195655
3.0243343571 0.871186204369 -0.149738524877 0.0124338644718
-0.521409522247 1.16207350739 0.0867197740675 -0.0134927097808
0.409428343688 0.879131239247 -0.0597274799222 0.0145613069723
-0.894744139405 0.556309205636 0.0436483229312 -0.0156532978063
0.0197819788982 0.612496153917 -0.0324193441434 0.0167835279901
-0.438023606024 0.942565982711 0.0237852687572 -0.0179688958407
-0.544531097747 0.092192137976 -0.016688028615 0.0192294444922
-0.461684958476 0.890050276439 0.0105482138651 -0.0205898580808
-0.535796017975 0.120067435317 -0.00500721807788 0.0220816170885
-0.465613582842 0.873952044524 -0.000184083119923 -0.0237462419042
-0.534256244786 0.128055120235 0.00522198738048 0.0256403825268
-0.454749485672 0.883951948405 -0.0102852741976 -0.0278441627246
-1.14349341469 -0.487064132745 0.0155647400145 0.0304755474672
-0.915641870352 0.43930817064 -0.0212984796142 -0.0337165508304
-1.05158636616 -0.432226534228 0.0278289249722 0.0378645340365
-0.995263384641 0.456907153094 -0.0357164793698 -0.0434419954595
-0.784732357151 -0.659906557955 0.0460066819401 0.0514609896811
0.18723158628 -0.760644965846 -0.0609834877214 -0.0641742834283
-0.135776583944 -1.2639279856 0.086917071788 0.0878213422685
0.116708368303 -0.778766432362 -0.149895319558 -0.148458070257
-0.111930919834 -0.705766087059 0.678000591839 0.674131667908
