12.0793737798 22.8884701535 0.0878094067108 0.0878094067108
-0.624903843178 -1.71183297757 -0.0299737243302 -0.0299737243302
0.897633508441 -0.319401098581 0.0120390973011 0.0120390973011
0.104795153302 -1.65796067074 -0.00322348195754 -0.00322348195754
0.913398255668 -0.361191325126 -0.00207029023193 -0.00207029023193
0.061471346609 -1.62081879848 0.00563791865112 0.00563791865112
0.970966829798 -0.398077880653 -0.0082327891933 -0.0082327891933
-0.0152943869031 -1.57848977699 0.0102266236483 0.0102266236483
0.193625022964 -0.460758168541 -0.011824197472 -0.011824197472
-0.204403300206 -1.41164926527 0.0131477865421 0.0131477865421
1.55479806606 0.481941982347 -0.0142750899139 -0.0142750899139
0.099961419525 -1.87479995442 0.0152580228411 0.0152580228411
0.86404838961 0.223230037545 -0.0161327714552 -0.0161327714552
0.125553130942 -1.04714233646 0.0169255156343 0.0169255156343
0.90476823378 -0.671925583055 -0.0176558596291 -0.0176558596291
0.0417833913667 -1.35059267693 0.0183389840367 0.0183389840367
0.173421461092 -0.6899961815 -0.0189870538115 -0.0189870538115
-0.380011151234 -1.14905138472 0.0196101795032 0.0196101795032
-0.597695757884 0.129307816138 -0.0202171052344 -0.0202171052344
-0.348724786683 -1.15006139772 0.0208157301381 0.0208157301381
-1.08752341508 0.487507800007 -0.0214135333118 -0.0214135333118
-0.982399015587 0.1805003614 0.0220179527486 0.0220179527486
-1.03287061709 0.821912713432 -0.0226367598356 -0.0226367598356
-0.179877259862 0.237765619868 0.0232784701722 0.0232784701722
-0.87964960263 0.611054331607 -0.0239528384101 -0.0239528384101
-0.907210800978 -0.345162191496 0.0246715016407 0.0246715016407
-0.130911076234 1.27128060386 -0.0254488679072 -0.0254488679072
-0.849427382754 -0.22708687624 0.0263034048467 0.0263034048467
-0.161683673407 1.20459532576 -0.0272595910423 -0.0272595910423
-0.834472286207 -0.225807770153 0.0283509973236 0.0283509973236
-0.147770926037 1.84544463875 -0.0296253730734 -0.0296253730734
-1.59909566848 0.270274078922 0.0311534737046 0.0311534737046
0.433229338772 1.65122986493 -0.0330453170173 -0.0330453170173
-0.344329268976 0.436990161764 0.0354823822929 0.0354823822929
1.56546759902 1.33241087917 -0.0387875907689 -0.0387875907689
0.469989680101 -0.601448125725 0.04359740178 0.04359740178
1.5270871773 0.0960852835393 -0.0513657886783 -0.0513657886783
0.457644965098 -1.18990461069 0.0663005423375 0.0663005423375
1.59150723316 0.842159436699 -0.107755572169 -0.107755572169
-0.388936429657 -0.746779815973 0.891807092478 0.891807092478
