8.05598155602 7.1690926051 0.0940265795115 0.0878094067108
-1.03932489416 1.04828396158 -0.0336298279879 -0.0299737243302
0.216678554064 0.917885143568 0.0134258411482 0.0120390973011
0.0856268552369 1.15527017797 -0.00256155815791 -0.00322348195754
1.40383367831 0.453981001204 -0.00461297129925 -0.00207029023193
0.664908938478 -0.0644740522591 0.00993401465637 0.00563791865112
1.30294799946 -0.00470711473976 -0.0141872156918 -0.0082327891933
0.726497723173 0.0305981617101 0.0177708831767 0.0102266236483
1.20922693475 -0.00793423745113 -0.0209125766323 -0.011824197472
-0.185073008221 1.02168398737 0.0237549493576 0.0131477865421
1.39886377912 -0.276250015918 -0.0263947892076 -0.0142750899139
0.643668139889 0.287653813286 0.0289027874496 0.0152580228411
1.34108956602 -0.374362998803 -0.031334535503 -0.0161327714552
0.666493634925 0.946474771644 0.0337372581139 0.0169255156343
1.32879416484 0.108231845497 -0.0361544375388 -0.0176558596291
0.6769848208 0.898671007648 0.0386294935545 0.0183389840367
1.29501826957 0.939981400519 -0.0412092760337 -0.0189870538115
-0.387910497144 1.11582492934 0.0439480188295 0.0196101795032
0.426453725924 0.856587316576 -0.0469125173305 -0.0202171052344
-0.687546700846 1.14862573007 0.0501896728507 0.0208157301381
-0.817601303278 0.897334088945 -0.0538983922363 -0.0214135333118
-1.24088479233 0.579008278261 0.0582096478539 0.0220179527486
-0.737687010833 0.312908327305 -0.0633825859926 -0.0226367598356
-1.27365665111 0.735206343664 0.0698344785112 0.0232784701722
-0.718861144763 -0.6044584343 -0.0782889473886 -0.0239528384101
-1.28690054783 1.64060716013 0.0901288415741 0.0246715016407
-0.708410876478 -0.981132121253 -0.108383330298 -0.0254488679072
-1.29376881611 1.16034294097 0.141251292391 0.0263034048467
-0.720894597547 -1.57533267238 -0.221474731447 -0.0272595910423
-0.903290243793 2.70735409882 0.774399350271 0.0283509973236
1.93934459634 -14.0912202568 0.326480162586 -0.0296253730734
0.989085063141 -3.7872485308 -0.10391577124 0.0311534737046
1.15863438443 1.50331866613 0.0463842205431 -0.0330453170173
0.800503830877 -1.87233779985 -0.0183765680561 0.0354823822929
1.21791270588 0.823194007614 0.000236260545485 -0.0387875907689
0.771681398389 -0.685151024505 0.0143605125144 0.04359740178
1.23583928321 0.987566002375 -0.029143566456 -0.0513657886783
0.75490680792 0.232575846407 0.0494099916361 0.0663005423375
1.27312546843 0.0219396902382 -0.0951010764217 -0.107755572169
-0.0267352391903 -0.0422587115449 0.882638195622 0.891807092478
