14.0 12.0 4.58414668232e-16 1.86230958969e-16
3.04157761143 2.91013557306 -0.138369846419 -0.117095666001
-4.14684713874 -1.62692856316 0.156682740647 0.124673597788
0.865081266581 2.33233769175 -0.110699417118 -0.0831905697179
-1.52704749421 0.66222433066 0.0346822289988 0.0246954827946
-1.5617648509 0.686698057793 0.0384986787674 0.0260332268769
0.576750643044 1.55953202806 -0.0824872405826 -0.05304908531
-0.447023508058 0.549374296964 0.0845508437051 0.0517536905637
1.59672873929 1.12952060977 -0.0488199301007 -0.0284433661724
1.06908454856 0.0527753516491 -0.00631592975031 -0.00350038904346
0.437090111903 -0.363479509039 0.0559001271372 0.0294315297035
1.72466187621 0.44532804323 -0.0783632049519 -0.0391125095844
0.472852515749 -0.345010222959 0.0640070752439 0.0301936517265
1.11806865261 0.116814426729 -0.0188225396814 -0.00835676352864
0.456308602239 0.975699986576 -0.0378016274663 -0.0157072202943
-0.8002528711 0.956059520438 0.080616512697 0.0311138641579
0.811232009069 1.04758270621 -0.0884610820179 -0.0313873510294
-0.505351312357 0.986823124981 0.0528905225329 0.017007892689
-1.06559474428 1.00252013921 0.0177011942839 0.00505412189747
-0.645798471713 0.942948926717 -0.0998168852537 -0.0245356027672
-1.15922056173 1.15920804981 0.161120767749 0.0324244237486
0.546729389372 0.783646740358 -0.165964519511 -0.0249314969372
-1.19685985246 1.07332801254 0.0577160576889 0.00521959159441
-1.08494937343 0.887313041329 0.968288707905 0.0178591228835
3.76007626949 -4.89797003104 0.471329824972 -0.0335323702709
2.66108255669 -6.15342022795 -0.180719822109 0.0338502434734
1.01260782075 -0.035508206384 0.0503247090595 -0.0174238634655
1.12559434694 -0.658237267873 0.0163128243146 -0.00946749559345
-0.225856888996 -1.97046528855 -0.0362464497317 0.0350111207589
0.9790565001 0.0676617294724 0.0268490616622 -0.0465526594556
0.488397411316 -1.71329088225 -0.00886878270771 0.0360949181722
0.0422645759122 -0.922487273349 -3.22541608216e-05 -0.00444658577425
1.21424693534 -0.412645537793 -0.00788213634635 -0.0377012559539
-0.139776846897 -2.01257243628 0.0271800022686 0.0723474118799
0.754216515719 -0.00296668903397 -0.0411178462964 -0.0795037033267
0.785734306084 -1.47644150366 0.0275143758151 0.0429748034991
0.719695191345 -1.44696224286 0.0353736375476 0.0471950504899
1.71648137803 0.517468170033 -0.174294428224 -0.205449889999
-2.78522769775 -3.27825965751 0.537169312567 0.571916017471
3.70304861304 3.50390304687 0.941019898157 0.918860662701
