22.5644334932 14.0347851681 0.0677191564491 0.0677191564491
-0.76101195428 -1.45613396825 -0.0205767714385 -0.0205767714385
0.805336418232 -0.556731786923 0.00572843925721 0.00572843925721
-1.03912461793 -1.43405796502 0.00161068756522 0.00161068756522
-0.124892373642 -0.57418533434 -0.00603075951334 -0.00603075951334
-0.346523930228 -1.41722683621 0.00901506873318 0.00901506873318
-0.0315210513717 -0.593331182193 -0.0111884543258 -0.0111884543258
-1.77030074781 -1.39027003246 0.01286002633 0.01286002633
0.455513404223 -0.649023333277 -0.014200387383 -0.014200387383
-1.38391711808 -0.526305418467 0.0153115519148 0.0153115519148
-0.526563491369 0.431310583107 -0.0162584164421 -0.0162584164421
-1.48724439844 -0.336714898953 0.017084382077 0.017084382077
-0.520258431738 1.51328609189 -0.0178197244317 -0.0178197244317
-1.45243611107 0.523771004594 0.0184863629584 0.0184863629584
-0.622244436424 1.46337539786 -0.0191007227477 -0.0191007227477
-0.952300271258 0.541690928835 0.0196755312526 0.0196755312526
0.123998179064 1.45858332913 -0.0202209948535 -0.0202209948535
-1.83641308906 0.53345656351 0.0207456028068 0.0207456028068
0.479899266921 1.49859285316 -0.0212567032451 -0.0212567032451
-1.37902587331 -0.317662276106 0.0217609403109 0.0217609403109
0.344657415931 1.32885119555 -0.0222646109946 -0.0222646109946
-1.36160146904 0.625822757474 0.0227739839563 0.0227739839563
0.527056045076 1.38819517243 -0.0232956152925 -0.0232956152925
-0.45308272034 0.603590660301 0.0238366956316 0.0238366956316
0.348072439467 1.40526859346 -0.0244054689377 -0.0244054689377
0.116131950707 0.57797918645 0.0250117777799 0.0250117777799
0.971408393506 1.4740719458 -0.0256678171606 -0.0256678171606
-0.0416514718782 -0.0450020669491 0.026389228818 0.026389228818
1.75576963503 0.232864222715 -0.0271967596963 -0.0271967596963
0.330237000453 -0.249256932036 0.0281188830227 0.0281188830227
1.61747258228 0.205053053256 -0.0291961290124 -0.0291961290124
0.428674219479 -1.17903764523 0.0304886092009 0.0304886092009
1.51513273764 0.325270899835 -0.0320898912846 -0.0320898912846
0.58420353908 -0.211196902263 0.0341545265232 0.0341545265232
1.03776352295 -0.157213077018 -0.0369580053644 -0.0369580053644
-0.109441465968 -0.939850230831 0.0410446328003 0.0410446328003
1.14753289186 0.0471517791942 -0.047662439055 -0.047662439055
-0.214370065657 -1.73048567117 0.060446073622 0.060446073622
1.9613725734 0.336412320241 -0.0963555810701 -0.0963555810701
-0.700740619551 -0.422061785559 0.91857400033 0.91857400033
