15.0 8.0 -6.16790569236e-18 -6.16790569236e-18
10.3837217298 6.09263885212 -0.21217263557 -0.21217263557
1.59274380598 1.80860256281 -0.049858362025 -0.049858362025
-2.95663578976 -0.557129978147 0.113843039677 0.113843039677
-1.37315032201 0.235078764414 0.0614146266626 0.0614146266626
1.14636455093 1.72553793246 -0.0616630731061 -0.0616630731061
0.490142059358 1.67711658772 -0.059644545166 -0.059644545166
-1.59411909289 0.683385608117 0.0285079396287 0.0285079396287
-1.62187718431 0.439914246521 0.0510235889996 0.0510235889996
0.204229434827 1.07839351112 -0.00716414564048 -0.00716414564048
1.07143595162 1.42778930768 -0.0389004187894 -0.0389004187894
0.140874648519 1.05707780711 -0.00511927455713 -0.00511927455713
-0.726435798006 0.705514316892 0.0257700698092 0.0257700698092
-0.294583530012 0.881873790777 0.00993508964873 0.00993508964873
0.44425791125 1.1740469195 -0.0137411842779 -0.0137411842779
0.325757750584 1.12261190728 -0.00870898885043 -0.00870898885043
-0.224022049984 0.921139507258 0.00458932388794 0.00458932388794
-0.275340793274 0.913784528989 0.00302757186614 0.00302757186614
0.0753441420065 1.01873391524 0.000299661761152 0.000299661761152
0.183754654245 1.02494587429 0.00528353167954 0.00528353167954
0.0 1.0 -1.54197642309e-17 -1.54197642309e-17
-0.1053334594 1.04442016001 -0.0141907540412 -0.0141907540412
-0.0343744159208 1.02494485945 -0.00591128245217 -0.00591128245217
0.203966096365 0.895288730694 0.0215233701604 0.0215233701604
0.730639269642 0.908365999899 0.0173628312464 0.0173628312464
1.21411407394 1.13892940184 -0.0250264834172 -0.0250264834172
0.813092316669 1.19417451481 -0.0338687795952 -0.0338687795952
-0.431846854277 0.869494610148 0.0223142702771 0.0223142702771
-0.977550707018 0.676570617104 0.0547137695973 0.0547137695973
0.188129262526 1.06250132038 -0.0105427878265 -0.0105427878265
1.60236157865 1.46823044482 -0.0793415559301 -0.0793415559301
1.16694032754 1.08598342225 -0.0147540567717 -0.0147540567717
-0.437108333174 0.382607011692 0.108330823829 0.108330823829
-0.494010949405 0.647864546256 0.0640290014897 0.0640290014897
1.20586041562 1.76448178447 -0.147009741914 -0.147009741914
1.36413731275 1.8410722244 -0.17719736505 -0.17719736505
-1.48160598625 0.0641428695528 0.232350521524 0.232350521524
-3.07840143109 -1.25261071062 0.809323772152 0.809323772152
1.62802512365 0.775212436837 0.983531763944 0.983531763944
10.4860598358 5.31060312719 0.569863089361 0.569863089361
