10.7523335623 7.73237615489 0.102789595314 0.124357347884
-0.51102649027 0.987560626472 -0.0250978697126 -0.0465496018039
0.51440333877 1.04802573036 0.0018070687525 0.0231456066618
-0.566181136923 0.9303018937 0.00946370980647 -0.0117629979388
1.15726974494 1.08516143992 -0.0161491253976 0.00496572276495
-0.105742227331 0.902704440561 0.0206007630051 -0.000400801248046
1.13527685896 1.10755065154 -0.0237967899936 -0.00291140082762
-0.356634088921 0.883148758588 0.0262165371048 0.00545183133335
0.354388398718 1.12598062983 -0.0281221527372 -0.00748450148936
-0.356862346224 0.864106446671 0.0296686308819 0.00916663895575
0.361175340007 1.14828360983 -0.0309528918942 -0.0105979426602
-0.371082121683 0.832615218037 0.0320378575884 0.0118449118346
0.402135991605 1.20906957007 -0.0329650474097 -0.0129538288559
-0.591547832322 0.588805018558 0.0337613381537 0.0139581330042
-0.827554338373 0.00834467671672 -0.0344423562517 -0.014882832681
-1.20434596623 -0.0639478302645 0.0350134579559 0.0157472685935
-0.817176779554 0.089568505205 -0.0354682220388 -0.0165669188244
-0.282876508424 -0.946310581461 0.0357830468776 0.0173546290927
0.149219882987 -1.05038610529 -0.0359034055535 -0.0181214915743
0.178750022585 -0.673356162877 0.0357078371139 0.0188775093762
0.830205258673 -0.270705092828 -0.0348979467057 -0.0196321364047
0.165267325208 -0.7991107893 0.0325531653617 0.0203947569906
1.4875724554 0.581280019315 -0.0239530545209 -0.0211751580107
-0.192817831274 -0.830613045362 0.89364256157 0.0219840448252
2.30916733818 -3.29821081046 -0.0617420268898 -0.0228336607254
0.396723982794 -0.53026066144 0.0538442419965 0.0237385902642
1.58581121235 0.255126166325 -0.0518220638543 -0.0247168663876
-0.162868847509 -0.870450190664 0.051369671384 0.0257915733995
1.08172724258 -0.174420522872 -0.0516370889772 -0.0269932704425
-0.0644988256927 -0.840482680027 0.0523705150895 0.0283638121667
1.10743068274 -0.0849472907327 -0.0535021087685 -0.0299626444076
-0.461245676038 -1.30422335169 0.0550559366756 0.0318777083108
0.389537801896 -0.721841015174 -0.0571328524454 -0.0342454716833
-0.341409651133 -1.30161314774 0.0599359444332 0.0372904836761
0.258203720181 -0.61560819789 -0.0638497322819 -0.0414109999446
-1.14023407894 -0.522363307862 0.0696463748904 0.0473884122849
0.155660937627 -0.428043015611 -0.0790923842971 -0.0569957016241
-1.52967879487 -0.596430396803 0.0972548992273 0.0753047087293
-0.585191609022 -0.409255719247 -0.146857383822 -0.125042434478
-0.68626467119 0.0589533377376 0.860989009944 0.839300801651
