13.7857142857 6.7380952381 0.0238095238095 0.0238095238095
-1.46493653144 0.963095529636 -0.00418670749104 0.000583000741789
0.601923211043 1.04505611213 0.00123912392639 -0.00851511321389
-0.721058047068 0.946643405636 -0.00263544101229 0.0124814417139
-0.33571015883 1.06199677782 0.006187645426 -0.0148849997004
-0.628241974197 0.929093983758 -0.0114162523088 0.016514152402
-0.410114936447 1.08002578733 0.0184681583751 -0.0177038481231
-0.538802742063 0.910719336673 -0.0279965779535 0.0186207139904
-0.540641930344 1.09844803837 0.0414560729199 -0.0193570800385
-0.305870546375 0.893275737538 -0.0621426474165 0.0199683222892
-1.26485403222 1.11078615986 0.0989668648231 -0.0204897520254
-0.363007227156 0.908678660199 -0.186697871548 0.020945030949
-0.0581994325568 0.712398372303 0.725168335961 -0.0213506929179
1.21037064126 -1.04075531737 0.469225952444 0.0217187267508
1.73200657463 -0.179715446284 -0.185231114194 -0.0220581292269
0.555178848028 -0.0493902449185 0.115983794933 0.0223758819255
1.36163782831 0.112592807143 -0.0831817599482 -0.0226775920543
0.682485614204 -0.150074907087 0.0628356176528 0.0229679311678
1.28565327553 0.181602491034 -0.0479118265254 -0.0232509501987
0.744168722794 -0.214721611538 0.0354570221723 0.0235303192108
1.21428571429 0.261904761905 -0.0238095238095 -0.0238095238095
-0.21555467926 0.732482294351 0.0116483203711 0.0240920413768
0.168820351776 1.31990350563 0.0025970911094 -0.0243815164194
-0.0950172174764 0.612277148276 -0.0216158076939 0.0246819541514
-0.102345661007 1.48638695598 0.0516648643274 -0.0249979549275
-0.962610704707 0.353320821576 -0.113569236683 0.0253350203546
0.11265938973 1.90396909063 0.352398830416 -0.0256999774643
0.555106159142 -3.23703787609 0.826707907939 0.0261015956663
1.73822248531 -5.47304196159 -0.233882552652 -0.0265515234665
-0.285083124641 0.21414741007 0.147553294518 0.0270657716102
1.34415231019 -1.6898497457 -0.112020516208 -0.0276671686087
-0.913843169828 -0.519888880465 0.0922372410838 0.0283896371375
1.3098394727 -1.37469356463 -0.0794680991158 -0.0292861021864
-0.022616130059 -0.673553870197 0.0705486338041 0.0304442366887
0.192009617898 -1.34749714731 -0.0641449481692 -0.0320209154583
0.466057418152 0.00778184422334 0.0597814910046 0.0343277335849
0.682922494443 -0.841752691703 -0.0577163802311 -0.0380848797746
-0.533981040767 -1.02520883497 0.059779529375 0.0454189056865
0.493927731471 -1.01311082923 -0.076008649154 -0.0665749720287
-0.474652860162 -0.0877226744225 0.977063452865 0.972371702816
