19.0 6.0 0.0 0.0
12.2062047362 4.35417613314 -0.208264988505 -0.208264988505
0.0 1.0 0.0 0.0
-4.66529977009 -0.141324942523 0.120710678119 0.120710678119
-1.0 1.0 0.0 0.0
1.91421356237 1.673142037 -0.0815925843564 -0.0815925843564
0.0 1.0 -8.881784197e-17 -8.881784197e-17
-2.13185168713 0.537429685253 0.0585424783056 0.0585424783056
-1.0 1.0 0.0 0.0
0.670849566113 1.33935151114 -0.0427040342732 -0.0427040342732
0.0 1.0 0.0 0.0
-1.35408068546 0.743835851273 0.030640039407 0.030640039407
-1.0 1.0 0.0 0.0
0.11280078814 1.19462155327 -0.0207106781187 -0.0207106781187
0.0 1.0 0.0 0.0
-0.914213562373 0.853802632046 0.012003937954 0.012003937954
-1.0 1.0 0.0 0.0
-0.25992124092 1.10665880938 -0.00393508534123 -0.00393508534123
0.0 1.0 0.0 0.0
-0.578701706825 0.925717180329 -0.00393508534123 -0.00393508534123
-1.0 1.0 0.0 0.0
-0.578701706825 1.0499132197 0.012003937954 0.012003937954
0.0 1.0 0.0 0.0
-0.25992124092 0.96001968977 -0.0207106781187 -0.0207106781187
-1.0 1.0 0.0 0.0
-0.914213562373 1.0740715585 0.030640039407 0.030640039407
0.0 1.0 0.0 0.0
0.11280078814 0.560593994499 -0.0427040342732 -0.0427040342732
-1.0 0.0 0.0 0.0
-1.35408068546 0.0926271135198 0.0585424783056 0.0585424783056
0.0 1.0 0.0 0.0
0.670849566113 1.58256996439 -0.0815925843564 -0.0815925843564
-1.0 1.0 0.0 0.0
-2.13185168713 0.35061572198 0.120710678119 0.120710678119
0.0 1.0 0.0 0.0
1.91421356237 1.89341096345 -0.208264988505 -0.208264988505
-1.0 1.0 0.0 0.0
-4.66529977009 -0.735177657637 0.635310236809 0.635310236809
0.0 0.0 1.0 1.0
12.2062047362 3.58394498151 0.635310236809 0.635310236809
