11.0 9.0 8.5401771125e-18 8.5401771125e-18
5.5117907175 4.04210266982 -0.169605100245 -0.169605100245
-1.06524066342 -1.88149872119 0.109066955459 0.109066955459
0.735002788062 -0.250796825166 0.0161585229567 0.0161585229567
2.19082008713 1.2219399758 -0.0787198808962 -0.0787198808962
0.308324872622 -0.875956865524 0.0482204386925 0.0482204386925
0.756257838754 -1.18261929934 0.0176717670585 0.0176717670585
1.64019606403 -0.0647784475556 -0.0478893080953 -0.0478893080953
0.683066642525 -0.0814843345337 0.0243085225261 0.0243085225261
0.793691916045 -0.0591257164848 0.0160433970071 0.0160433970071
1.39753219426 0.0616237950935 -0.0301326910738 -0.0301326910738
0.811290316154 0.0461731101569 0.011591041095 0.011591041095
0.173005033534 0.754766056683 0.0125710408205 0.0125710408205
-0.513867085943 1.23081690956 -0.0173737661956 -0.0173737661956
-0.999775629327 0.95569355679 0.00434396354404 0.00434396354404
-0.314037712267 0.947273315488 0.0075815689727 0.0075815689727
0.189616645448 1.008018877 -0.00716123468712 -0.00716123468712
-0.00955473250173 1.0107132901 0.000693701453451 0.000693701453451
0.067411039597 1.14809264133 0.00112842410666 0.00112842410666
-0.334016008456 0.591023844285 0.00145014398416 0.00145014398416
-1.0 -4.782499183e-16 2.98906198938e-17 2.98906198938e-17
-0.486154611512 0.589552805448 -0.00692430460087 -0.00692430460087
0.24206190316 1.1504979011 0.00887718770546 0.00887718770546
0.0433667305137 1.01158550848 0.00224035338217 0.00224035338217
-0.634429839127 0.998236189994 -0.0169973621155 -0.0169973621155
-1.0594713166 0.960686352056 0.0153388270715 0.0153388270715
-0.21172893014 0.96691396058 0.00799351978089 0.00799351978089
0.669242313638 1.15487294453 -0.0301338481734 -0.0301338481734
-0.51484592697 0.878028821693 0.0210248115328 0.0210248115328
-1.20949279713 0.881309912959 0.0190042398587 0.0190042398587
0.0175188473842 1.32094045915 -0.0490925266916 -0.0490925266916
-0.273802646082 0.823422233832 0.0263041570101 0.0263041570101
-1.17604527967 0.723998219247 0.0406555123041 0.0406555123041
-0.146380869002 1.56211488497 -0.0830613882464 -0.0830613882464
-0.133515263022 0.784217840288 0.032518601529 0.032518601529
-0.525282816773 0.379896611466 0.0975582986948 0.0975582986948
1.02529036408 2.09192500383 -0.186843523462 -0.186843523462
-0.244793886719 0.744769994646 0.0521849873267 0.0521849873267
-2.0069990642 -1.45775248198 0.85801768179 0.85801768179
4.60394876441 3.73588192846 0.809848807281 0.809848807281
