10.0 13.0 -7.93016446161e-18 -7.93016446161e-18
3.65739955475 4.23512400948 -0.149639726369 -0.149639726369
-2.19175836412 -4.20218403353 0.123074139032 0.123074139032
0.517667972254 -0.236485592106 -0.030440064726 -0.030440064726
1.44614049971 0.876852938628 -0.0462160620256 -0.0462160620256
0.320202227025 -1.68455352704 0.064620134105 0.064620134105
1.33656353386 -0.422876548925 -0.0318020212627 -0.0318020212627
1.14889522958 0.116357423572 -0.0141622036231 -0.0141622036231
0.612652777921 -0.395869536147 0.0371606179064 0.0371606179064
1.2793807149 0.308204022565 -0.0270110128063 -0.0270110128063
1.0 -2.53765262771e-16 -5.55111512313e-17 -5.55111512313e-17
0.798974472988 -0.224646025069 0.0195413400938 0.0195413400938
1.20042851286 0.212541120719 -0.0192731487542 -0.0192731487542
0.944265922468 -0.0515588960284 0.00516308114468 0.00516308114468
0.905396864427 -0.060314880134 0.00787855339123 0.00787855339123
1.16652235669 0.0148577397523 -0.0102891084645 -0.0102891084645
0.840514754818 0.101744664921 0.00429819847009 0.00429819847009
0.0982623934229 0.898478694439 0.00136905800795 0.00136905800795
-0.245581852699 1.16172416663 -0.00152542847845 -0.00152542847845
0.246823362033 0.925718500017 -0.000972919190605 -0.000972919190605
-2.53765262771e-16 1.0 9.91270557701e-18 9.91270557701e-18
-0.998307035476 0.989930818314 0.00557894809806 0.00557894809806
-0.531777529934 1.05395092981 -0.0093741043156 -0.0093741043156
-0.0292643082747 0.969177157935 0.00400131824084 0.00400131824084
-0.822168265694 0.915971485962 0.00953516846624 0.00953516846624
-1.07024231015 1.187495264 -0.0197385880074 -0.0197385880074
-1.0258862592 0.862216610259 0.0138569159998 0.0138569159998
-1.04041668574 0.911979078673 0.00860038377377 0.00860038377377
-0.794964643131 1.32349544871 -0.0310465724964 -0.0310465724964
-1.25859393419 0.674730027205 0.0309071071421 0.0309071071421
-1.0 1.0 -3.17206578464e-17 -3.17206578464e-17
0.0424951937188 1.44994016996 -0.0427213416692 -0.0427213416692
-0.504612159091 0.375406238865 0.0598609927497 0.0598609927497
-0.991419797256 1.24184611955 -0.0235906395479 -0.0235906395479
-0.910791915365 1.55679583783 -0.0559338644264 -0.0559338644264
-0.97393446227 -0.175495972652 0.123967028677 0.123967028677
0.429486669443 1.89304240245 -0.102526195644 -0.102526195644
-0.532715318516 1.65326104094 -0.0889665635302 -0.0889665635302
-2.60078548095 -2.39535398891 0.756318525673 0.756318525673
3.81686159491 4.65278280365 0.858069482936 0.858069482936
