17.0 4.0 -5.69345140833e-18 -5.69345140833e-18
0.427782282636 1.07746812168 -0.0126987193734 -0.0126987193734
-1.34497556908 0.922320703778 0.0170394541689 0.0170394541689
-0.700043857093 1.07923204572 -0.0192511077136 -0.0192511077136
-0.371651227722 0.918219654292 0.0206049999974 0.0206049999974
-0.548742814981 1.08479080602 -0.021528612988 -0.021528612988
-0.590495382814 0.9129338111 0.0222061391504 0.0222061391504
0.521870973329 1.08430132725 -0.0227300593561 -0.0227300593561
-0.547899695856 0.947994948536 0.0231519577695 0.0231519577695
1.23011168762 0.394987447693 -0.0235029277516 -0.0235029277516
0.671937383646 -0.384546019462 0.023802875328 0.023802875328
1.34181515334 1.08431085663 -0.0240651832856 -0.0240651832856
0.66325910684 0.104798719261 0.0242992296542 0.0242992296542
1.31562292702 0.66947154456 -0.0245118320896 -0.0245118320896
0.748891396011 1.08125115986 0.0247081193806 0.0247081193806
0.74833501409 0.995159738071 -0.0248920813543 -0.0248920813543
-0.518977336147 0.957797812482 0.0250669307312 0.0250669307312
0.479927627704 1.08539162753 -0.0252353516641 -0.0252353516641
-0.480692398445 0.858799472341 0.0253996788933 0.0253996788933
0.528069893222 1.24700819817 -0.0255620347504 -0.0255620347504
-0.87773002463 0.3040198331 0.0257244420801 0.0257244420801
-0.770932794681 0.451510099201 -0.0258889263018 -0.0258889263018
-1.28248632982 0.788220534609 0.026057617748 0.026057617748
-0.701775704426 -0.282408054791 -0.0262328654719 -0.0262328654719
-1.30180806519 0.180024296295 0.0264173759163 0.0264173759163
-0.700868020028 -0.136732085448 -0.026614394861 -0.026614394861
-1.29155654988 0.116518844547 0.0268279605161 0.0268279605161
-0.721741899695 -0.112656811355 -0.0270632728502 -0.0270632728502
-1.25546677582 0.134293748214 0.0273272560562 0.0273272560562
-0.790091624729 -0.273805990781 -0.0276294519257 -0.0276294519257
-1.05654146924 -1.09982619841 0.0279835040757 0.0279835040757
0.345639534436 -0.957625282623 -0.0284097532263 -0.0284097532263
-0.152809065842 -1.02421601742 0.0289400600007 0.0289400600007
1.28762680883 -0.98506939355 -0.0296274663537 -0.0296274663537
-0.366415817028 -1.00662630016 0.0305675057107 0.0305675057107
1.42180443868 -1.00726116847 -0.0319516796148 -0.0319516796148
-0.46199684121 -0.949024000706 0.0342288041485 0.0342288041485
1.49090086019 0.0483667856076 -0.0387566747277 -0.0387566747277
-0.515918671104 -1.09628833558 0.0524666014946 0.0524666014946
0.461356181191 0.120226855559 0.99897290848 0.99897290848
