19.0 24.0 -9.51619735393e-18 -9.51619735393e-18
2.62503943238 2.43428603613 -0.065274066465 -0.065274066465
-2.38946735375 -4.15824061503 0.0826840358104 0.0826840358104
2.02753065366 1.74338701079 -0.0825748769302 -0.0825748769302
-1.54828844529 -3.22012915926 0.0726962057638 0.0726962057638
0.848033278452 0.630947984525 -0.0568941875269 -0.0568941875269
-1.76029457705 -2.02513719489 0.0379733699956 0.0379733699956
0.524815195255 -0.54303094451 -0.0183199571557 -0.0183199571557
6.09036630652e-16 -1.0 1.23777592385e-17 1.23777592385e-17
-1.2266595373 -0.448404822312 0.015292134507 0.015292134507
-0.597557434013 0.0212170832232 -0.026318230073 -0.026318230073
-1.01955754423 -2.06229233366 0.0323661409913 0.0323661409913
0.833652222291 0.0306979307194 -0.0332826241756 -0.0332826241756
-0.710728379809 -1.88689665626 0.0294589944742 0.0294589944742
0.544665179151 -0.353312248662 -0.0217678317245 -0.0217678317245
-0.346121992059 -1.33979243206 0.011455450694 0.011455450694
-1.0 -1.0 1.00731185443e-17 1.00731185443e-17
0.0295959467606 -0.655244738919 -0.011051161029 -0.011051161029
-0.112969168224 -1.70058753654 0.0202489172187 0.0202489172187
-0.302093592821 0.460606156659 -0.0263982196614 -0.0263982196614
-1.51814843669 -1.11782751779 0.028686913652 0.028686913652
-0.577225545602 -0.342124763627 -0.0267748595667 -0.0267748595667
-1.29306513038 -0.0363459033633 0.0208345562848 0.0208345562848
-0.864861259297 1.25124020524 -0.011539283596 -0.011539283596
-1.0 1.0 2.61514459426e-18 2.61514459426e-18
-0.216669464878 0.817357119531 0.0123426410647 0.0123426410647
-0.389563967676 0.660011284835 -0.0238602497832 -0.0238602497832
-1.11868855937 -0.241061627732 0.0328981842676 0.0328981842676
0.919274639273 2.09795311542 -0.0379398634276 -0.0379398634276
-0.790599846224 -0.00167410824753 0.0377563634522 0.0377563634522
0.584854363667 1.79881622557 -0.031524137368 -0.031524137368
-0.279090534417 0.534865973417 0.0188946858527 0.0188946858527
1.0 1.0 3.10503900083e-19 3.10503900083e-19
1.48956596098 1.60661263282 -0.0246276413149 -0.0246276413149
0.0105548018274 -0.904677081744 0.0542664384286 0.0542664384286
2.48887412035 1.61509781371 -0.0884819795301 -0.0884819795301
-0.958227882584 -2.22874804564 0.128398834498 0.128398834498
3.37246410505 2.75139045679 -0.181615595985 -0.181615595985
-1.75399023913 -3.14940462256 0.300332236328 0.300332236328
2.61780613455 3.38901675199 0.974515804886 0.974515804886
