5.53418829862 15.4192280942 0.106678401451 0.106678401451
-0.333642419714 0.395363244429 -0.0386198285181 -0.0386198285181
0.536752478202 1.71056552128 0.0178365494932 0.0178365494932
0.894680261559 -0.135718918026 -0.00767553570551 -0.00767553570551
1.15950329172 1.09904120098 0.00159110820153 0.00159110820153
0.821316369953 -0.0945065565868 0.00250208821776 0.00250208821776
1.18885604467 0.373304881237 -0.00547555138759 -0.00547555138759
0.804174447901 -0.486383568278 0.00775818913588 0.00775818913588
1.20172264143 0.609373780316 -0.00958585460569 -0.00958585460569
0.792237759531 -0.973805517965 0.0110991898635 0.0110991898635
1.21518249084 -0.0282153794988 -0.0123874688029 -0.0123874688029
0.773613381179 -1.00507278171 0.0135102877648 0.0135102877648
1.25084610629 0.0631801008237 -0.0145091551538 -0.0145091551538
-0.0915155735895 -1.18384655081 0.0154140807819 0.0154140807819
1.20151228975 -0.55213479738 -0.0162475222392 -0.0162475222392
0.747258816087 -0.476814869222 0.0170268583187 0.0170268583187
1.33772710156 -0.829487972987 -0.0177660060442 -0.0177660060442
0.175296572128 -1.25939518752 0.0184765236671 0.0184765236671
0.759652872038 -0.696704890914 -0.0191683993197 -0.0191683993197
0.255435917954 -1.33335474459 0.0198506480202 0.0198506480202
-0.111736685049 -0.64173807052 -0.0205317974483 -0.0205317974483
0.132391755013 -1.38312207232 0.0212203202937 0.0212203202937
-0.395667287502 -0.584604487134 -0.0219250606741 -0.0219250606741
-0.653454208157 -1.48198714347 0.0226557009985 0.0226557009985
-0.291118672573 -0.0425560748795 -0.0234233233872 -0.0234233233872
-1.33811314769 -0.246528457962 0.0242411386667 0.0242411386667
-0.76253421954 0.282944719558 -0.0251254920612 -0.0251254920612
-1.11424497456 -0.225387730652 0.026097320507 0.026097320507
0.104426756634 1.26478485517 -0.027184357638 -0.027184357638
-1.4000863638 -0.629219533332 0.0284246127249 0.0284246127249
-0.642623039036 0.959478505356 -0.0298721081928 -0.0298721081928
-1.38773661119 0.674557781084 0.0316068269117 0.0316068269117
0.0773664353075 1.38986972744 -0.0337530077361 -0.0337530077361
-1.06636603867 -0.231094252237 0.0365153267304 0.0365153267304
-0.845955043533 1.31469732311 -0.0402573720228 -0.0402573720228
-1.17499772394 0.71688229002 0.0456940932212 0.0456940932212
-0.819676401177 0.965099625234 -0.0544530895758 -0.0544530895758
-1.17483916553 -0.107328669025 0.0712166405387 0.0712166405387
-0.858284629123 1.78263388675 -0.117232928949 -0.117232928949
-0.414593362253 -0.478953831736 0.865343171344 0.865343171344
