16.0 6.0 -5.04646829375e-18 -5.04646829375e-18
9.24185775454 3.96784856598 -0.199509670662 -0.199509670662
-1.442803818 0.538112187876 0.0454270541676 0.0454270541676
-2.73842104649 0.137655818952 0.101866833945 0.101866833945
1.3224564662 1.40410488123 -0.0543406757796 -0.0543406757796
1.22314529305 1.35395368206 -0.0541711305928 -0.0541711305928
-1.09121551386 0.718651934169 0.0521648946647 0.0521648946647
-0.460534253726 0.917581276143 0.0248721553135 0.0248721553135
0.54474414333 0.876969898141 -0.0444824554681 -0.0444824554681
-0.846679003759 0.0600405462898 -0.00625086433443 -0.00625086433443
-1.46855518199 0.0391917000401 0.0340268465131 0.0340268465131
0.161770037757 1.09424552718 -0.00449832992346 -0.00449832992346
0.804602092407 1.45773675632 -0.0228100444693 -0.0228100444693
-0.329935959205 0.808371120467 0.00889500038633 0.00889500038633
-0.521713022094 0.680345078124 0.0125317436801 0.0125317436801
0.42154762527 1.28099696041 -0.00820355658307 -0.00820355658307
0.351397494154 1.26283192966 -0.00462364733503 -0.00462364733503
-0.666294103489 0.426960008156 0.00377006196405 0.00377006196405
-1.04194747101 -0.0233989110163 0.00020059328777 0.00020059328777
-0.577164605948 0.40689194891 0.00288891863302 0.00288891863302
-1.00929365875e-16 1.0 5.04646829375e-18 5.04646829375e-18
0.204101733783 1.13329458577 -0.0101025391185 -0.0101025391185
-0.0656897338656 0.970410604373 0.00434314962812 0.00434314962812
-0.213283423357 0.932518893882 0.0161021399944 0.0161021399944
0.161515347043 1.03636988379 -0.0131361159719 -0.0131361159719
0.220340986289 1.03254150879 -0.0190702656551 -0.0190702656551
-0.275393715945 0.985827048848 0.0259233780138 0.0259233780138
-0.152710609686 1.02272660044 0.0171212215487 0.0171212215487
0.172598206105 0.736507627971 -0.0420125010951 -0.0420125010951
-0.866333413592 0.0487783712021 -0.00808871340077 -0.00808871340077
-1.60520027334 0.0391917000401 0.0607201640529 0.0607201640529
0.22658957588 1.10550770227 -0.0112400493002 -0.0112400493002
1.50528564938 1.59819902649 -0.0819296609255 -0.0819296609255
-0.864785757126 0.703225796173 0.0478742735268 0.0478742735268
-2.32649204533 0.413169963446 0.107909187897 0.107909187897
0.729057795694 1.60240913367 -0.125928046059 -0.125928046059
2.08307052587 1.6305669271 -0.15438578406 -0.15438578406
-1.77134474423 -0.367903066774 0.435078796212 0.435078796212
-1.28847733088 -0.455697327514 0.98356478229 0.98356478229
8.87725793652 3.24144592912 0.697684673196 0.697684673196
