15.6904761905 3.02380952381 0.0238095238095 0.0238095238095
-0.474606039612 0.862587896207 0.000583000741789 0.000583000741789
-0.646414287482 1.14283249951 -0.00851511321389 -0.00851511321389
-1.27749222472 0.85367397809 0.0124814417139 0.0124814417139
0.429688910923 1.14962681728 -0.0148849997004 -0.0148849997004
-1.75899946428 0.846779901947 0.016514152402 0.016514152402
-0.0311407688551 1.15733982405 -0.0177038481231 -0.0177038481231
-0.847315538789 0.837803498006 0.0186207139904 0.0186207139904
-0.223850605888 1.16807049122 -0.0193570800385 -0.0193570800385
-0.703406367725 0.824598512968 0.0199683222892 0.0199683222892
-0.419701813137 1.18494621441 -0.0204897520254 -0.0204897520254
-0.0438580776137 0.801860216089 0.020945030949 0.020945030949
0.139190406307 1.21809815208 -0.0213506929179 -0.0213506929179
-0.169817256998 0.746786243432 0.0217187267508 0.0217187267508
0.144191872005 1.33762915449 -0.0220581292269 -0.0220581292269
0.481174932969 -0.0551545374663 0.0223758819255 0.0223758819255
1.38502294459 0.966698503368 -0.0226775920543 -0.0226775920543
0.628822768169 0.0980349714932 0.0229679311678 0.0229679311678
1.38950991872 0.0550040460365 -0.0232509501987 -0.0232509501987
-0.298690186587 -1.00210693955 0.0235303192108 0.0235303192108
1.30952380952 0.97619047619 -0.0238095238095 -0.0238095238095
0.655372194608 -0.048355509892 0.0240920413768 0.0240920413768
1.36892996311 0.000312494057985 -0.0243815164194 -0.0243815164194
0.599420188102 -1.11461094028 0.0246819541514 0.0246819541514
1.46082187573 0.377121187358 -0.0249979549275 -0.0249979549275
0.330107820587 -0.540868517948 0.0253350203546 0.0253350203546
0.547896735432 -0.590534055178 -0.0256999774643 -0.0256999774643
0.588668434798 -0.276888452486 0.0261015956663 0.0261015956663
-0.0022723889601 -1.11922642669 -0.0265515234665 -0.0265515234665
-0.030172050357 -0.96455015906 0.0270657716102 0.0270657716102
-0.303140280273 -1.02972665883 -0.0276671686087 -0.0276671686087
-1.34253723436 -0.648376425977 0.0283896371375 0.0283896371375
-0.717147978336 0.863341456965 -0.0292861021864 -0.0292861021864
-1.24046372727 0.409543941534 0.0304442366887 0.0304442366887
-0.842224218343 -0.221404951758 -0.0320209154583 -0.0320209154583
-0.445971609089 0.871075825523 0.0343277335849 0.0343277335849
-0.456822021027 0.254767447831 -0.0380848797746 -0.0380848797746
-0.621179740668 0.647375545895 0.0454189056865 0.0454189056865
0.495898981657 1.25481948501 -0.0665749720287 -0.0665749720287
-0.461779781621 -0.128448539259 0.972371702816 0.972371702816
