16.0 5.0 -1.26882631386e-17 -9.51619735393e-18
2.36648917716 1.5844002578 -0.0762140756953 -0.065274066465
-3.05299344223 0.474452716463 0.103014923053 0.0826840358104
1.53404025062 1.43611562394 -0.109458997475 -0.0825748769302
-1.87547017492 0.666498623587 0.102335759046 0.0726962057638
0.150918222334 1.23006886247 -0.0849720994086 -0.0568941875269
-0.394254440386 0.864415751091 0.0601628802863 0.0379733699956
0.147596838492 1.05735939711 -0.0308125528514 -0.0183199571557
-1.0 1.0 1.56892783013e-17 1.23777592385e-17
-0.421830508363 0.965212801831 0.0291538510003 0.015292134507
0.700518700933 1.04818147425 -0.0536892243975 -0.026318230073
-1.38146880529 0.956012991445 0.0710192200626 0.0323661409913
-0.0443211836432 1.02813452017 -0.0791076376501 -0.0332826241756
-0.298425332836 0.992007621994 0.0765766899817 0.0294589944742
0.271922656994 0.991559565812 -0.0627054496841 -0.0217678317245
-0.153426503311 1.01337166316 0.0372580920421 0.011455450694
1.01506105109e-15 1.0 -1.18889557372e-17 1.00731185443e-17
0.14730982375 0.963248524474 -0.0505468611905 -0.011051161029
-0.226544371505 1.09892409891 0.120967346514 0.0202489172187
-0.189276587462 0.823048310808 -0.240818517596 -0.0263982196614
-1.42837790772 1.08954022647 0.665520450037 0.028686913652
1.46780842487 -1.52381145807 0.757586547931 -0.0267748595667
1.56958540028 -2.64218237173 -0.159607058718 0.0208345562848
1.10865854118 0.282680004763 0.0461330388743 -0.011539283596
1.0 -2.03012210217e-16 -1.09292852262e-17 2.61514459426e-18
-0.0943791203486 0.815750298103 -0.0197355862222 0.0123426410647
0.947570807925 0.541724589752 0.0249914861826 -0.0238602497832
0.832166405691 -0.451597460566 -0.0216718537761 0.0328981842676
1.26899446909 0.377294837633 0.0139236056662 -0.0379398634276
0.72377226162 -0.261985025512 -0.00518731073075 0.0377563634522
1.1328439313 0.0508877624903 -0.0015790760149 -0.031524137368
-0.296416791586 -1.21320565512 0.00392717211603 0.0188946858527
1.01506105109e-15 -1.0 2.73582488572e-16 3.10503900083e-19
0.362997825768 -0.868629445339 -0.0114279709454 -0.0246276413149
-1.39232956564 -0.620234071427 0.0310376291647 0.0542664384286
-0.164871395149 0.705055589516 -0.0593396362904 -0.0884819795301
-2.20308760705 -0.861777539429 0.0978814617027 0.128398834498
0.514513390405 1.17023649055 -0.154145430271 -0.181615595985
-2.702628702 0.17829410167 0.279710047669 0.300332236328
2.21525245389 0.610374892345 0.985533423301 0.974515804886
