17.0 4.0 -5.69345140833e-18 -5.69345140833e-18
-0.574445339373 1.09300977539 -0.0126987193734 -0.0126987193734
-0.441017331611 0.924820585774 0.0170394541689 0.0170394541689
-0.521572227635 0.146044100536 -0.0192511077136 -0.0192511077136
-0.544779160233 0.740251433842 0.0206049999974 0.0206049999974
-0.327297583263 1.23008720911 -0.021528612988 -0.021528612988
-1.63003948339 0.766603578756 0.0222061391504 0.0222061391504
-0.35039624354 1.25007915678 -0.0227300593561 -0.0227300593561
-1.73650971898 0.715316400933 0.0231519577695 0.0231519577695
0.528899470447 1.37202975744 -0.0235029277516 -0.0235029277516
-1.39865607205 -0.108643568894 0.023802875328 0.023802875328
0.272288857711 0.881077969645 -0.0240651832856 -0.0240651832856
-1.12503994803 0.927912373334 0.0242992296542 0.0242992296542
-0.0903348730248 1.13373780602 -0.0245118320896 -0.0245118320896
-0.153592029754 0.82600363951 0.0247081193806 0.0247081193806
0.210940787052 1.21352038245 -0.0248920813543 -0.0248920813543
-0.218597732857 0.732316493207 0.0250669307312 0.0250669307312
0.170864103496 1.37577617802 -0.0252353516641 -0.0252353516641
0.236432151511 0.116540575197 0.0253996788933 0.0253996788933
1.45957152857 0.642108973026 -0.0255620347504 -0.0255620347504
0.599055440145 0.607869117536 0.0257244420801 0.0257244420801
1.37136421636 -0.169640532032 -0.0258889263018 -0.0258889263018
0.655097353649 0.0829942806841 0.026057617748 0.026057617748
1.3086675736 -0.0627940876324 -0.0262328654719 -0.0262328654719
0.76366633089 0.0981637061391 0.0264173759163 0.0264173759163
0.951877384642 -0.35366881112 -0.026614394861 -0.026614394861
-0.229017779944 -0.949918645867 0.0268279605161 0.0268279605161
1.61833175781 0.367489942548 -0.0270632728502 -0.0270632728502
0.482686538317 -0.302767749931 0.0273272560562 0.0273272560562
1.46469832511 0.310902237555 -0.0276294519257 -0.0276294519257
0.588414593349 -0.436857789055 0.0279835040757 0.0279835040757
1.27731329041 -0.888424059617 -0.0284097532263 -0.0284097532263
-0.547175108951 -1.1967604086 0.0289400600007 0.0289400600007
0.404434915518 -0.69313517717 -0.0296274663537 -0.0296274663537
-1.61161069518 -0.108417093401 0.0305675057107 0.0305675057107
-0.448797736972 0.229916248026 -0.0319516796148 -0.0319516796148
-1.53233204897 0.862974291383 0.0342288041485 0.0342288041485
-0.459237694722 0.0914264990531 -0.0387566747277 -0.0387566747277
-0.439036579959 0.932368010218 0.0524666014946 0.0524666014946
0.45077820576 0.0612256627364 0.99897290848 0.99897290848
