22.0 18.0 5.35969736026e-17 5.35969736026e-17
6.79107765122 6.95772331718 -0.141135780989 -0.141135780989
-6.14754570166 -3.29857257526 0.129841883884 0.129841883884
0.847639443474 1.2932162148 -0.0534304078756 -0.0534304078756
-0.165222685323 0.603395389021 -0.0259875743926 -0.0259875743926
-3.03639728854 -1.54955298885 0.0663251854744 0.0663251854744
0.672176299147 1.50607021455 -0.0561007594754 -0.0561007594754
-1.38451504724 0.753050129622 0.0131614568064 0.0131614568064
-1.86963738323 -0.278837818005 0.0301699355757 0.0301699355757
0.349929734894 0.533018204398 -0.0472297991906 -0.0472297991906
-1.89044374426 -0.330965918508 0.0312837744598 0.0312837744598
-1.0932121502 -0.0240436581943 0.00327474825967 0.00327474825967
-0.0806668837646 -0.389929447216 -0.0321460307856 -0.0321460307856
-2.07217104803 -1.25182238714 0.0370852084768 0.0370852084768
-0.506008569519 0.34929205307 -0.0167455062139 -0.0167455062139
-0.579233323864 0.230768531146 -0.0137481176416 -0.0137481176416
-2.10409589985 -0.435068150001 0.033502217209 0.033502217209
0.194938222227 0.139318736046 -0.0296411902139 -0.0296411902139
-0.152059893383 -1.0872971574 0.00540070788472 0.00540070788472
-1.38848881665 -0.591591380691 0.0224047016561 0.0224047016561
0.117890206091 0.381528252176 -0.0346860899662 -0.0346860899662
-0.332591333063 -1.64131391602 0.0227915511371 0.0227915511371
-0.0972747297369 -1.13870982281 0.00559002709689 0.00559002709689
0.577250017039 -0.277095825994 -0.0312305600455 -0.0312305600455
-0.674672463767 -1.79536849428 0.0359566970367 0.0359566970367
0.27556544713 -0.677677504284 -0.0150452122249 -0.0150452122249
0.307239674602 -0.608234521542 -0.0187102602867 -0.0187102602867
-0.27202544287 -1.87409517178 0.0423813444708 0.0423813444708
1.76693602562 -0.227953624056 -0.0376620004492 -0.0376620004492
-0.12248431085 -1.0815885879 0.00394540578568 0.00394540578568
-1.15373497338 -1.84143183371 0.0389187602131 0.0389187602131
2.06139628792 0.611487719502 -0.0610131988939 -0.0610131988939
-0.0187742692344 -0.716767969567 0.040792314088 0.040792314088
-0.365519959581 -1.21022303958 0.0188410959769 0.0188410959769
2.29312625054 0.106262531267 -0.0865488573501 -0.0865488573501
-1.14812483582 -2.46502969011 0.11355473607 0.11355473607
0.761620512743 -0.346980187381 -0.0521374444278 -0.0521374444278
2.54191011285 1.16703392048 -0.141928876754 -0.141928876754
-4.09333453025 -3.62284471346 0.698923378313 0.698923378313
7.12057388133 5.78600358428 0.880292882129 0.880292882129
