16.0 6.0 2.16201325848e-16 2.16201325848e-16
10.9443031663 4.56102380803 -0.217285719563 -0.217285719563
0.880949907182 1.28914147572 -0.0259835809839 -0.0259835809839
-3.75991326534 -0.227251876293 0.131120357848 0.131120357848
-0.929060232988 0.701588254879 0.0352538503838 0.0352538503838
2.3298886407 1.72714657491 -0.0918272163877 -0.0918272163877
1.02336617054 1.30335319383 -0.0401952990971 -0.0401952990971
-1.87922583265 0.502127104372 0.0684382411206 0.0684382411206
-1.84825390643 0.69344915891 0.0433929463529 0.0433929463529
0.197725371446 1.36038263856 -0.0522643316833 -0.0522643316833
0.628830372747 1.30888647499 -0.045728580249 -0.045728580249
-0.632407382051 0.73535366083 0.0398882640476 0.0398882640476
-0.796813668552 0.689252470733 0.0475896345297 0.0475896345297
0.511962977484 1.19092849728 -0.0296651319808 -0.0296651319808
0.867637823554 1.31233587911 -0.0491779843751 -0.0491779843751
-0.372298976725 0.870323206191 0.0206732247631 0.0206732247631
-0.933239613989 0.686227095505 0.0506150097582 0.0506150097582
0.23445644921 1.07549561842 -0.0123169976045 -0.0123169976045
1.04006500522 1.31514326818 -0.051985373439 -0.051985373439
-0.0909270280412 0.975143990816 0.00414503370385 0.00414503370385
-1.47260040697 0.683482774594 0.053359330669 0.053359330669
-1.06522355645 0.975033668565 0.00425535595474 0.00425535595474
0.148893067634 1.31796578076 -0.0548078860276 -0.0548078860276
0.124546313997 1.07652369381 -0.0133450729976 -0.0133450729976
-0.643305563056 0.680423801965 0.0564183032986 0.0564183032986
-0.29385215991 0.867253135489 0.0237432954652 0.0237432954652
0.753198865086 1.32147568117 -0.0583177864349 -0.0583177864349
0.482169869985 1.197686584 -0.0364232186977 -0.0364232186977
-0.816075761121 0.676121043898 0.060721061365 0.060721061365
-0.721562633505 0.722094073755 0.0531478511229 0.0531478511229
0.877446744576 1.32720475634 -0.0640468616055 -0.0640468616055
1.07954033086 1.38576460887 -0.0776463020008 -0.0776463020008
-1.00363310454 0.667573283342 0.0692688219208 0.0692688219208
-2.10610160544 0.450906891159 0.119658454333 0.119658454333
-0.175873531533 1.34250283311 -0.0793449383704 -0.0793449383704
1.45103991862 1.8510493943 -0.215730035776 -0.215730035776
-0.714912479204 0.627145274067 0.109696831196 0.109696831196
-3.18949138671 -0.825001748262 0.728870229817 0.728870229817
0.797590838156 0.267253814681 0.995904080056 0.995904080056
10.4395813145 3.738542791 0.605195297462 0.605195297462
