10.5580180161 7.48267655502 0.168765753843 0.18402748378
-0.314802604605 0.760104032162 -0.0598271280611 -0.0718658719778
0.252466569399 1.27917049171 0.0313500125379 0.0400379628756
0.438014826149 0.0409362866623 -0.0198055097836 -0.0248575745586
1.3961011058 0.131256690891 0.0149378488446 0.0158836368426
0.637728705297 -0.215384704643 -0.0137783512139 -0.00989472163643
1.35840272533 0.752308277717 0.0153891144366 0.00556816886198
0.588387269861 0.241529535479 -0.0197711731374 -0.00226042978669
0.491316421334 0.99088364622 0.0277700108146 -0.0003795313902
0.912252011919 0.685646023614 -0.0417088447862 0.00255977509992
0.538742192459 -0.929179218923 0.0679451325552 -0.00441173932052
-0.439013091654 -0.77098140256 -0.129617586924 0.0060228229432
-0.606883666752 -0.268779405437 0.419066214985 -0.00745369309225
0.540703079724 1.7160504539 0.577815336095 0.00874807774278
0.463576461875 1.88368074911 -0.201206454589 -0.00993860635755
-0.234888157589 0.601837716366 0.132151743885 0.0110504570345
-0.114428682078 0.984659747421 -0.103230623236 -0.0121037324152
-1.39622958819 -0.484144415831 0.0873572905499 0.0131150742864
-0.673914863729 0.479147612099 -0.0773270796951 -0.014098813056
-1.29337268546 0.475273632556 0.0704052720816 0.015067833218
-0.728543373324 0.116518851387 -0.0653261001976 -0.016034272771
-1.25357039559 -0.114727153606 0.0614222628737 0.0170101405852
-0.763060019682 -0.0148478816333 -0.0583066741464 -0.0180079198383
-1.22000135401 -0.931803571932 0.0557361407818 0.019041223005
-0.798017132013 0.375590265427 -0.053545034345 -0.0201255737216
-1.18612634073 -0.335896362713 0.0516082514121 0.0212794160923
-0.758892794916 -0.70409448606 -0.0498154475709 -0.0225255006388
0.461147447323 -1.26055232684 0.0480448690276 0.0238928848492
0.527407789319 -0.765746397238 -0.0461213969754 -0.0254199493029
-0.120147516596 -1.1497148352 0.0437204448144 0.0271591392176
0.909723482829 0.0988317985147 -0.0400793817513 -0.0291847534313
0.158019212168 -1.56832582698 0.032808350843 0.0316063868883
1.35027713528 0.261829112159 -0.00905891662674 -0.0345935193438
0.0404130165523 -0.813927938353 0.839870522087 0.0384238101889
2.1866530503 -2.29705865112 -0.106876394654 -0.0435869220644
-0.0925349785662 -0.821677825318 0.0916282457888 0.0510360830892
0.957638269249 -0.373645577682 -0.0945141766911 -0.0629089956628
0.0907965371457 -0.616522969704 0.111335897628 0.085200901599
0.912097646959 -0.383811122731 -0.165655881333 -0.143630455072
-0.442122393597 -0.615540776469 0.759384616304 0.740865022728
