3.37103857943 12.2243617273 0.27924550948 0.273012395655
-0.125897904638 0.757245784784 -0.110277425267 -0.102940936914
0.270151803374 1.27676996815 0.06899558181 0.0606606364697
0.994276669717 0.717007879529 -0.0505538434133 -0.041300276784
1.03677792195 0.4213418212 0.0402001257849 0.0300884071665
0.951021621605 -0.309206176345 -0.0336247615153 -0.0226998874787
1.05567751522 1.01385969884 0.0291140955117 0.0174082445164
0.939677385281 -0.426934959011 -0.0258541136691 -0.0133884177239
1.06472149855 0.420043345069 0.0234103473366 0.0101959980727
0.928328469538 -0.885737263916 -0.0215312343613 -0.00757005040279
1.0943839395 -0.139567442539 0.0200624293367 0.00534694729392
0.395794825718 -1.27716027645 -0.0189054432209 -0.00341854212292
0.596007799242 0.0171862127869 0.0179961349984 0.00171015332771
-0.121236450129 -1.49773354655 -0.0172929541454 -0.000168200188093
0.0910465695675 -0.548224518377 0.016770396904 -0.00124712509743
-0.082507596169 -1.43919092142 -0.0164155340661 0.00256640758375
0.0761368116815 -0.556844700921 0.0162266199671 -0.00381395791259
0.509640457099 -1.47878483218 -0.016213449787 0.005009804784
0.515958352658 -0.178008121366 0.0163996470613 -0.00617110440855
1.12602166692 -0.843913209 -0.0168276892092 0.00731319333622
0.527062384582 -0.158399944272 0.0175685660523 -0.00845043076589
-0.152630442801 -1.48827944672 -0.0187402765907 0.00959693297301
0.114885540953 -0.509438451173 0.0205449500486 -0.0107672815027
-0.926592392571 -0.871062430979 -0.0233495711749 0.0119772818135
-1.02197960955 0.363578143222 0.0278830430021 -0.0132448586502
-0.816179784169 0.289357522977 -0.0358045271873 0.0145912014372
0.147337365312 1.16415820454 0.0518267987301 -0.0160423258745
-0.107471030223 0.924744919897 -0.0964925630027 0.0176313146545
0.0714944550912 0.373761753446 0.608695401691 -0.0194016774433
-1.02879662972 -2.341608349 0.15841123763 0.0214126044127
-0.94097586971 0.676386215377 -0.0770048345655 -0.0237475456071
-1.04900843294 0.481912875678 0.0556112258412 0.0265289176978
-0.992546032082 1.35696377582 -0.047431429103 -0.029944788121
-0.71835480945 -0.100350451778 0.0449125966491 0.0343007605832
-0.336064383359 1.05871345863 -0.046145599886 -0.0401300788866
-0.646669017213 -0.0690792516542 0.05114664473 0.0484557648053
-0.920372052412 1.18891914223 -0.0616698022249 -0.061523025433
-1.13055579745 0.602510431887 0.083520994497 0.085406169138
-0.759347374694 1.48652933791 -0.140686936369 -0.144251201178
-0.0658297942037 0.107450762946 0.537755051532 0.542746281692
