7.21037391517 7.57276161464 0.228394319123 0.228394319123
0.396729257936 0.460222877296 -0.0887608147718 -0.0887608147718
0.538982976501 0.689160098784 0.0512593452856 0.0512593452856
0.674931280268 0.868396426019 -0.0336839201125 -0.0336839201125
1.21122318284 -0.100580946158 0.0233866599225 0.0233866599225
0.856019306515 0.0699982745 -0.0165524236952 -0.0165524236952
0.916327177613 1.03208006485 0.0116338917405 0.0116338917405
-0.332511431545 0.92218421306 -0.00788410197502 -0.00788410197502
-0.401360944258 0.412960817243 0.00489785545886 0.00489785545886
-0.622651591755 0.531100716215 -0.00243598046027 -0.00243598046027
-0.380612976712 0.485722797816 0.000347875480408 0.000347875480408
-0.602580317981 0.516200535093 0.00146633425725 0.00146633425725
-0.435273172968 0.459168843352 -0.00307581770902 -0.00307581770902
-0.450049807017 0.638921489821 0.00453032886127 0.00453032886127
0.198506195676 1.14995572349 -0.00586692218603 -0.00586692218603
0.330809396354 0.929310865243 0.00711413563019 0.00711413563019
1.35415857674 0.183931785384 -0.00829470912487 -0.00829470912487
0.699123233292 0.239212936901 0.00942742743286 0.00942742743286
1.28224679752 0.714307359583 -0.010528428379 -0.010528428379
0.722190685111 -0.643646914889 0.0116121843579 0.0116121843579
1.28640057712 -0.299099946278 -0.0126922919665 -0.0126922919665
0.662000604719 -0.789648851866 0.0137821651972 0.0137821651972
0.292634038034 -1.02757234534 -0.014895708922 -0.014895708922
-0.315106631093 -0.986999478949 0.0160480456724 0.0160480456724
-0.339008279945 -1.06564998857 -0.0172563788722 -0.0172563788722
-0.752924165822 -0.581904766467 0.0185411027431 0.0185411027431
-0.140782608642 -0.529211473578 -0.0199273215981 -0.0199273215981
-1.17914286032 -1.01011722439 0.0214470371144 0.0214470371144
0.0833854535866 -0.122967176547 -0.0231424380784 -0.0231424380784
0.420542933769 -1.44641175022 0.0250710596276 0.0250710596276
-0.173191511314 -0.604471096066 -0.0273142361881 -0.0273142361881
0.141593679602 -1.41258913976 0.0299916458781 0.0299916458781
-0.260198210994 -0.443861440251 -0.0332878186546 -0.0332878186546
-0.596459642223 -0.71770537663 0.0375039671711 0.0375039671711
-0.482222213869 -0.186570342951 -0.0431687657929 -0.0431687657929
-1.25184789506 -0.0981743018108 0.0513046593655 0.0513046593655
-0.794347342778 0.162780335447 -0.0641823695324 -0.0641823695324
-1.21229470148 0.397249395573 0.0880672546544 0.0880672546544
-0.595929426357 0.701637458871 -0.14891272833 -0.14891272833
0.0403164637895 0.202645204271 0.653308608648 0.653308608648
