10.0 12.0 5.35969736026e-17 5.35969736026e-17
3.25845785069 3.2931798215 -0.141135780989 -0.141135780989
-1.70863775113 -3.77355515518 0.129841883884 0.129841883884
1.75238560606 -0.0358868741664 -0.0534304078756 -0.0534304078756
0.442151752021 -0.597530069969 -0.0259875743926 -0.0259875743926
-0.510423939964 -1.49951218711 0.0663251854744 0.0663251854744
2.0688490166 1.09991064192 -0.0561007594754 -0.0561007594754
0.765161320874 -0.253980795154 0.0131614568064 0.0131614568064
0.478835197933 -0.624955978053 0.0301699355757 0.0301699355757
1.80287752312 1.3730215393 -0.0472297991906 -0.0472297991906
0.47097852994 0.450237095383 0.0312837744598 0.0312837744598
0.944403919881 -0.0197760860774 0.00327474825967 0.00327474825967
1.55347556621 0.275437199675 -0.0321460307856 -0.0321460307856
0.343020401708 -0.337290294081 0.0370852084768 0.0370852084768
1.31361365447 0.144360511816 -0.0167455062139 -0.0167455062139
1.29236494737 0.0887554176893 -0.0137481176416 -0.0137481176416
-0.155397835542 0.215348964342 0.033502217209 0.033502217209
0.351334323252 1.49193899506 -0.0296411902139 -0.0296411902139
-0.0764047934638 0.919809979637 0.00540070788472 0.00540070788472
-0.354656517959 0.684847519679 0.0224047016561 0.0224047016561
0.627763817927 1.47218764767 -0.0346860899662 -0.0346860899662
-0.542216053428 0.696775464123 0.0227915511371 0.0227915511371
-1.06318285216 0.926948339557 0.00559002709689 0.00559002709689
-0.0343945514729 1.40199233918 -0.0312305600455 -0.0312305600455
-0.179618743004 0.54345599378 0.0359566970367 0.0359566970367
0.0669139764826 1.18856515712 -0.0150452122249 -0.0150452122249
-0.637446486493 1.23149856615 -0.0187102602867 -0.0187102602867
-1.76395933776 0.482531589574 0.0423813444708 0.0423813444708
-0.174057021871 1.45340155081 -0.0376620004492 -0.0376620004492
-0.0480264435072 0.953232940138 0.00394540578568 0.00394540578568
-1.16103946929 0.546704200205 0.0389187602131 0.0389187602131
-0.488050340183 1.696179999 -0.0610131988939 -0.0610131988939
-1.41215572182 0.546007900706 0.040792314088 0.040792314088
-1.22071905345 0.796821478526 0.0188410959769 0.0188410959769
0.520152420451 1.89491565791 -0.0865488573501 -0.0865488573501
-1.14184750427 -0.105820036322 0.11355473607 0.11355473607
-0.668548045444 1.4619511514 -0.0521374444278 -0.0521374444278
0.544238762932 2.05510790211 -0.141928876754 -0.141928876754
-1.96346916637 -2.255099715 0.698923378313 0.698923378313
3.25899717858 3.98035059265 0.880292882129 0.880292882129
