20.0 7.0 -9.10952225333e-17 -5.69345140833e-18
-0.453583958794 0.186860198946 -0.00814837318171 -0.0126987193734
-1.58220110047 0.729597432587 0.007970157966 0.0170394541689
0.531065554909 1.31330944141 -0.00559130702021 -0.0192511077136
-1.4586759427 -0.229268463825 0.0021736393447 0.0206049999974
0.320264131339 1.09789032419 0.00198327008623 -0.021528612988
-0.319727708839 0.890973920534 -0.00685777109359 0.0222061391504
-0.480159845747 0.323536951624 0.0125800660302 -0.0227300593561
-0.718464672273 0.45989697789 -0.0194258184534 0.0231519577695
0.609653092835 1.45653045627 0.027880419308 -0.0235029277516
-0.574365049311 0.533702638104 -0.03880733283 0.023802875328
0.520097893027 1.53612638842 0.0538627448632 -0.0240651832856
0.0541609054381 -0.150270711036 -0.0766538827651 0.0242992296542
1.82309855472 0.338858824038 0.116816386089 -0.0245118320896
0.143152094751 -0.4042721733 -0.211760926885 0.0247081193806
1.68722247504 0.461684129961 0.787649820627 -0.0248920813543
-3.58835695956 -0.555000003318 0.499123976908 0.0250669307312
-1.69020320964 1.02678341305 -0.188791570764 -0.0252353516641
0.466603389288 0.663478168129 0.112848267989 0.0253996788933
-0.627923572921 1.42137992448 -0.0762878375527 -0.0255620347504
-0.801582791528 0.521923637395 0.0528956569927 0.0257244420801
0.448466922042 1.53096269214 -0.0348246007083 -0.0258889263018
-0.403894959164 0.410960410172 0.0184855309304 0.026057617748
0.39363545226 1.65964591739 -0.00130200750922 -0.0262328654719
-0.3903094318 0.247022893599 -0.019920928691 0.0264173759163
0.387138462438 1.88764705903 0.0516940776864 -0.026614394861
-0.380740045355 -0.103403541221 -0.114712875184 0.0268279605161
0.366489287214 2.46220476374 0.347571794939 -0.0270632728502
-0.330362311293 -3.95132882083 0.910603984681 0.0273272560562
0.176818573869 -8.5945474202 -0.240037603249 -0.0276294519257
-1.53298870973 1.61303284852 0.148451052855 0.0279835040757
-0.555366966472 -0.737901779841 -0.110928661398 -0.0284097532263
-1.32270060126 0.318757097136 0.0899685594475 0.0289400600007
0.562669881343 -1.42853020342 -0.0763518039873 -0.0296274663537
-0.441578686554 -0.656907398835 0.0667643683981 0.0305675057107
1.6188059625 -0.110773195841 -0.0598409622438 -0.0319516796148
0.432383027752 -1.03606137906 0.0552116495988 0.0342288041485
1.55341687187 0.15924820456 -0.0537566300528 -0.0387566747277
0.441957244912 -0.148987378781 0.0621042292512 0.0524666014946
0.500702130472 0.162930063898 0.9942843165 0.99897290848
