11.9729972594 17.0088687306 0.187508037711 0.156307312843
-0.747923717387 0.436103861918 -0.0940742620324 -0.0604105981461
-0.247706404597 1.61619185233 0.0692347498011 0.0324056816837
-0.735899812621 -0.151387192344 -0.0600302064163 -0.0189212972355
-0.993623147892 1.07521616405 0.0582209427112 0.0109108254706
-0.916454440585 -0.0337165390532 -0.0628075883843 -0.00554861910269
-0.0414846999183 0.994565639278 0.0778239178469 0.00166667900169
-1.47238795706 0.06033962205 -0.125785303466 0.00130576214797
0.0938507486179 0.813907584584 0.795059455423 -0.00368099376193
1.42750783581 -9.80501279603 0.140033567329 0.00564453632532
0.204375273107 -0.210537534522 -0.058471889163 -0.00731380062431
-0.270580914747 -1.67759693158 0.035188455783 0.00876697431048
0.827296076202 -0.388430624927 -0.0244984125033 -0.0100583998287
0.964505949592 -0.830636734563 0.018527709692 0.0112272912889
1.04137006259 -0.22309134733 -0.0148149473487 -0.0123029415953
1.02580869327 -0.371869144932 0.0123488379509 0.0133079785363
0.450213321968 -0.13466099306 -0.0106408391163 -0.0142604887728
0.573107806002 -0.843742263363 0.00942820845323 0.0151754632604
1.10453307252 0.522499090532 -0.00855864012734 -0.0160658279455
-0.0164251472738 -1.43801473153 0.00793908220114 0.0169432213619
1.37132093953 0.801215129825 -0.00751073327915 -0.0178186246452
0.718978159082 -0.727820220679 0.0072359349701 0.0187029193609
1.22213009955 0.704993451637 -0.00709096386665 -0.0196074345917
0.856613703955 -0.723606123413 0.0070619901153 0.0205445426997
0.814990785541 0.995040395509 -0.00714288829048 -0.0215283724717
-0.309510663045 0.567485182045 0.00733426523551 0.0225757317582
0.185688326256 1.44581136063 -0.00764343861992 -0.0237073766361
-0.951244102688 0.614097293546 0.00808535034249 0.0249498460653
-0.129802295374 1.08790190712 -0.00868464034147 -0.0263382316246
-0.817959358774 -0.0685322878928 0.0094794419415 0.0279205376272
-0.232334859199 1.03201863791 -0.0105280538092 -0.0297648541249
-0.692024373929 0.0361514313914 0.0119208480409 0.0319717574586
-0.550012259127 0.726216389464 -0.0138024621522 -0.0346970396354
-1.40410779555 -0.683048931156 0.0164159117611 0.0381964654162
-0.62198395892 0.658823740237 -0.0201982925184 -0.0429223091236
-1.35985955742 -0.642551306667 0.026014588849 0.0497583130966
-0.655278353999 0.630898251234 -0.0358337463249 -0.0606974235981
-1.3269685718 -0.622876771285 0.0552660484384 0.081381681132
-0.71504388831 0.619312907967 -0.108973605639 -0.136516669727
-0.667079996074 -0.625628190361 0.759616630027 0.788824312958
