15.0 4.0 9.00180830777e-17 4.20084387696e-17
1.19431464273 1.31684002601 -0.0321623539647 -0.0387739529946
-1.10591982537 0.642046968193 0.0386161077444 0.0512034122389
0.307058304856 1.39098696043 -0.0379682099539 -0.0557108302197
-1.59156481189 0.569362847843 0.0343569925656 0.0562728570465
1.44309675724 1.51470971616 -0.0293515804402 -0.0543227039723
-1.7953941878 0.0264071988878 0.0237645170836 0.050565236266
0.313771372686 0.574349056472 -0.0181149646308 -0.0454420084493
-0.657598949234 1.01158134817 0.0127828079866 0.0392864535487
0.665472943129 1.04652476263 -0.0080685739876 -0.032384035739
-0.711171379396 0.949220440658 0.00421906612937 0.024997171394
-0.651488739658 1.03737956065 -0.00143910071902 -0.0173751995037
-0.0871313531147 0.981443324657 -0.000102561322255 0.00975735611871
0.0336754298889 1.00275893928 0.000269358662681 -0.00237226171898
0.0820841326365 0.997448535713 0.00104695136735 -0.00456436229954
-0.263498612651 1.05875758149 -0.00393184514598 0.0108528231536
1.2032758751 0.125689778377 0.00845722361628 -0.0163128852412
-0.0978663139408 0.648897849853 -0.0146975328689 0.0207871453423
0.932556720092 0.634296002554 0.0227595275827 -0.024144110531
0.312893423836 -0.00816427833142 -0.0328412919815 0.0262808009946
0.119143748416 1.7668603554 0.0453616644502 -0.0271247442289
-0.526305370221 -0.0115826852253 -0.0612863278738 0.0266352593538
-0.803604294682 0.621057703123 0.0831294542765 -0.0248039550539
0.199216094121 0.792597956621 -0.119164347715 0.0216543833936
-0.141418293708 1.24604567101 0.216811461227 -0.0172408038475
0.200113022676 -0.635978269456 0.986159668664 0.0116460144956
2.04750641466 -3.96782730271 -0.0524645390565 -0.00497819442303
1.0422049029 -0.100143659575 -0.0153380181578 -0.00263333900444
0.923268468364 0.241097558981 0.0453071670984 0.0110436460451
0.31172376446 -1.09322157301 -0.0643546584324 -0.0200993350737
0.347094834408 -0.185022611434 0.0783426660564 0.0296481758853
1.59303425019 0.0761477039494 -0.0892793366205 -0.0395528311575
0.418318284654 -0.0308616527941 0.0980724352501 0.0497124394316
1.26153479254 -0.2979059444 -0.105282895878 -0.0601009854277
-0.97498085544 -1.47085905236 0.111446910514 0.0708461268973
0.780482666401 -0.314636849598 -0.117364337912 -0.0824207239241
-2.34018165728 -0.241918815132 0.124715755209 0.0962176704529
0.407912809546 0.44734212548 -0.138438723509 -0.116907271432
-1.13455314068 0.732580349517 0.184457473303 0.170159050841
1.20238358901 0.202989669216 0.983736153546 0.990779592424
