11.0 9.0 1.44028932924e-16 4.20084387696e-17
1.00443819674 1.7316853032 -0.0316851387237 -0.0387739529946
-1.93925063175 0.215101579297 0.037910727788 0.0512034122389
0.790655048889 1.81721638849 -0.0372421022597 -0.0557108302197
-1.5630575506 0.169590940202 0.0337747093899 0.0562728570465
0.237594831961 1.82703286883 -0.0290331768469 -0.0543227039723
-0.517004907524 0.186548196805 0.0237838783551 0.050565236266
0.851592113558 1.81140800798 -0.0184982360246 -0.0454420084493
0.801268727535 0.0145331990691 0.0135069894303 0.0392864535487
1.21009606449 0.375070167058 -0.00906024547512 -0.032384035739
0.827397739822 -0.345535674168 0.00535310135141 0.024997171394
1.12016598962 0.261745413371 -0.00253708911285 -0.0173751995037
0.9352743747 -0.157174100202 0.000725342448697 0.00975735611871
1.0142116089 0.0409303830033 5.0832346628e-06 -0.00237226171898
1.02116262558 0.0863506665786 0.000387873884855 -0.00456436229954
0.990845114806 -0.247667359837 -0.00191191772801 0.0108528231536
0.285604327448 1.09755192431 0.00454094239142 -0.0163128852412
-0.220853410239 0.746922315347 -0.00821558384047 0.0207871453423
0.183115338385 1.32301236816 0.0128436197359 -0.024144110531
-0.0943186374152 0.684021977228 -0.0182997138379 0.0262808009946
-0.327095731762 0.962837754153 0.0244233228581 -0.0271247442289
-1.02323816696 -0.369603090267 -0.0310119751133 0.0266352593538
0.476851072343 1.86596732586 0.0378027074336 -0.0248039550539
-0.331168484343 0.255057080648 -0.0444201928823 0.0216543833936
0.228204794387 1.63996317565 0.0502135003948 -0.0172408038475
-0.13343847438 0.502354613768 -0.0535955892499 0.0116460144956
0.0443127054948 1.26326893806 0.047494095498 -0.00497819442303
0.00520046983726 0.282308941983 0.996339644447 -0.00263333900444
1.69949042333 -9.92777640882 0.120442493563 0.0110436460451
1.69635525509 -2.60582290121 -0.111597371657 -0.0200993350737
-0.534467813753 -0.227400997366 0.112243597561 0.0296481758853
1.42439103017 -0.806515378916 -0.114616403998 -0.0395528311575
-0.301969083291 -0.072035394554 0.117226969684 0.0497124394316
1.16394227789 -1.44879850218 -0.119698027065 -0.0601009854277
-0.0164080377863 -0.794512244971 0.122113499184 0.0708461268973
0.866532715474 -1.01511628337 -0.125026318207 -0.0824207239241
0.284684655425 -1.14686463247 0.129969180353 0.0962176704529
0.51428349841 -0.717258810438 -0.141783327406 -0.116907271432
-0.696221136098 -1.36964283182 0.186324529777 0.170159050841
0.804604849381 0.658812649099 0.982968762827 0.990779592424
