11.6829831557 7.22370224073 0.0900095007725 0.106678401451
0.538999166193 -0.400775590634 -0.0211868627529 -0.0386198285181
0.431604514982 -0.657592407083 -0.000210155773719 0.0178365494932
0.94118059036 0.0470425377857 0.0108806849465 -0.00767553570551
1.13913730656 0.0217451691829 -0.0173998076031 0.00159110820153
0.82558666363 -0.0488127115683 0.0218725858495 0.00250208821776
1.19183284221 0.0690847673234 -0.0251842901509 -0.00547555138759
-0.180705361912 0.890796410803 0.0277738164291 0.00775818913588
0.222229400417 1.09584167283 -0.0298845142447 -0.00958585460569
-0.254296441274 0.899660112078 0.0316628437607 0.0110991898635
0.319128515878 1.10995602671 -0.0332027523187 -0.0123874688029
-0.845171123979 0.87353829951 0.0345677304832 0.0135102877648
-0.899451335553 1.16294031922 -0.0358026641163 -0.0145091551538
-1.15905326605 -0.0445278828811 0.0369406235169 0.0154140807819
-0.749031526747 0.211287704903 -0.0380069735249 -0.0162475222392
-0.0244292294611 0.951523439988 0.0390219939198 0.0170268583187
-0.0170842364786 1.15932522352 -0.0400026427475 -0.0177660060442
0.489928667129 0.356394631968 0.0409638208964 0.0184765236671
0.577321725118 0.542740185091 -0.041919356495 -0.0191683993197
0.416940880241 1.2069937863 0.0428828575812 0.0198506480202
-0.343066521649 0.822771106812 -0.0438685522242 -0.0205317974483
-0.55385702758 1.22241998525 0.0448922363618 0.0212203202937
-0.737682450539 0.503725903301 -0.045972483016 -0.0219250606741
-1.29108045011 0.454318738748 0.0471323488136 0.0226557009985
-0.697854223097 0.592297542978 -0.0484019882093 -0.0234233233872
-1.32433754456 -0.19655340569 0.0498229583319 0.0242411386667
0.0826358930891 -0.67761930975 -0.0514558391437 -0.0251254920612
-0.998715097105 -1.19712677796 0.0533948651003 0.026097320507
1.21732952287 -0.84763853236 -0.0557989705705 -0.027184357638
-0.568810439406 -1.11757077271 0.0589668976565 0.0284246127249
0.89945218412 -0.943690895076 -0.0635557659722 -0.0298721081928
0.725989646392 -0.542481446629 0.0714287539678 0.0316068269117
1.35934058889 0.318847399583 -0.0913280821724 -0.0337530077361
-0.256422316578 -0.377059555564 0.924912419837 0.0365153267304
0.387983402949 -2.5549501489 -0.0224652773997 -0.0402573720228
-0.640330504918 -1.00745864602 0.0481189665856 0.0456940932212
-0.427023945511 -0.936720781839 -0.0634716909949 -0.0544530895758
-0.112690580633 -1.07426704136 0.0835359239554 0.0712166405387
0.21006467686 -0.947979683841 -0.131553561523 -0.117232928949
-0.274227894323 -0.338040658224 0.88102083697 0.865343171344
