14.4285714286 5.78571428571 0.0238095238095 0.0238095238095
-1.15455059866 0.986472057352 0.000583000741789 0.000583000741789
-0.897508878871 0.920274311701 -0.00851511321389 -0.00851511321389
-0.953832500765 0.0428345523554 0.0124814417139 0.0124814417139
-0.00599215022519 1.00136510926 -0.0148849997004 -0.0148849997004
-1.01514749512 -0.0869731460109 0.016514152402 0.016514152402
0.0369974194738 1.37024304857 -0.0177038481231 -0.0177038481231
-1.06736208999 0.712145438054 0.0186207139904 0.0186207139904
0.117808590522 1.25536413065 -0.0193570800385 -0.0193570800385
-1.22461799716 0.761533512752 0.0199683222892 0.0199683222892
0.697913458507 1.22879535301 -0.0204897520254 -0.0204897520254
-0.585930649817 0.77660597465 0.020945030949 0.020945030949
0.528754684527 1.22116170524 -0.0213506929179 -0.0213506929179
-0.482966191853 0.777978455803 0.0217187267508 0.0217187267508
0.410727409686 1.2270981968 -0.0220581292269 -0.0220581292269
0.246238388491 0.759301278001 0.0223758819255 0.0223758819255
1.5965737427 1.28436033782 -0.0226775920543 -0.0226775920543
0.43741995701 -0.0597474571105 0.0229679311678 0.0229679311678
1.55262520379 0.153279575512 -0.0232509501987 -0.0232509501987
0.444963691721 -0.184469202311 0.0235303192108 0.0235303192108
1.57142857143 0.214285714286 -0.0238095238095 -0.0238095238095
0.371612826674 -0.281167404823 0.0240920413768 0.0240920413768
0.601798394151 -0.726961643409 -0.0243815164194 -0.0243815164194
0.524148160048 -0.236915273851 0.0246819541514 0.0246819541514
1.54309938562 -0.849644512587 -0.0249979549275 -0.0249979549275
0.394465081026 0.125259170195 0.0253350203546 0.0253350203546
1.71119334914 -0.246573588375 -0.0256999774643 -0.0256999774643
-0.0572890478741 -1.188296143 0.0261015956663 0.0261015956663
1.00719320535 -0.866669997168 -0.0265515234665 -0.0265515234665
-0.26494311543 -1.10161625631 0.0270657716102 0.0270657716102
-0.380070757092 -0.95868083458 -0.0276671686087 -0.0276671686087
-0.566569809944 -0.629820751444 0.0283896371375 0.0283896371375
-0.987568107609 0.330171206701 -0.0292861021864 -0.0292861021864
-1.13133741103 -0.333827294893 0.0304442366887 0.0304442366887
-0.79968409027 0.89863898432 -0.0320209154583 -0.0320209154583
-1.27986471588 0.923943430659 0.0343277335849 0.0343277335849
0.00575242880968 1.10839886714 -0.0380848797746 -0.0380848797746
-0.132509972979 0.878300802269 0.0454189056865 0.0454189056865
0.160508302743 1.14027157095 -0.0665749720287 -0.0665749720287
-0.16395286134 -0.0371954686374 0.972371702816 0.972371702816
