11.5940598376 5.25495868832 0.106678401451 0.106678401451
0.809825840198 0.0704430631675 -0.0386198285181 -0.0386198285181
1.16509701207 -0.400656190843 0.0178365494932 0.0178365494932
0.914815918846 -0.357097930373 -0.00767553570551 -0.00767553570551
0.553119000866 1.45214443493 0.00159110820153 0.00159110820153
0.388969861476 0.686810580763 0.00250208821776 0.00250208821776
0.611481360454 1.25724064264 -0.00547555138759 -0.00547555138759
0.430565417064 0.773236000349 0.00775818913588 0.00775818913588
0.377023461424 1.20731452829 -0.00958585460569 -0.00958585460569
-0.437486713484 0.806469766645 0.0110991898635 0.0110991898635
0.849327903862 1.18290332147 -0.0123874688029 -0.0123874688029
0.279337811984 0.82598487346 0.0135102877648 0.0135102877648
-0.00692789874875 1.1658601853 -0.0145091551538 -0.0145091551538
-0.00452256355308 0.842537598354 0.0154140807819 0.0154140807819
-0.121165203206 1.14744770794 -0.0162475222392 -0.0162475222392
-0.86137299053 0.866896926633 0.0170268583187 0.0170268583187
-0.08938966566 1.10710957244 -0.0177660060442 -0.0177660060442
-1.36910164331 0.961127757167 0.0184765236671 0.0184765236671
-0.724812042305 0.427669086739 -0.0191683993197 -0.0191683993197
-1.22416089016 0.52049596382 0.0198506480202 0.0198506480202
-0.820443003685 0.43102248948 -0.0205317974483 -0.0205317974483
-1.1239539904 -0.383969985141 0.0212203202937 0.0212203202937
-0.977444745508 0.440331032841 -0.0219250606741 -0.0219250606741
-0.594923894412 -0.837579710704 0.0226557009985 0.0226557009985
-0.37665802956 -0.216408575497 -0.0234233233872 -0.0234233233872
-0.599013935914 -0.781966551393 0.0242411386667 0.0242411386667
-0.466165878289 -0.185603731628 -0.0251254920612 -0.0251254920612
-0.356567564564 -0.934571924741 0.026097320507 0.026097320507
0.0911030675115 -0.996537793916 -0.027184357638 -0.027184357638
-1.13206692397 -1.03004838585 0.0284246127249 0.0284246127249
0.55847704022 -0.95667347741 -0.0298721081928 -0.0298721081928
-0.521081373151 -1.05002495205 0.0316068269117 0.0316068269117
1.18171592462 -0.947413789832 -0.0337530077361 -0.0337530077361
-0.158824368214 -1.05195901195 0.0365153267304 0.0365153267304
0.295380012052 -0.95169551641 -0.0402573720228 -0.0402573720228
0.964501941094 -1.0410758909 0.0456940932212 0.0456940932212
0.728441385462 -0.971450353554 -0.0544530895758 -0.0544530895758
0.142424068646 -1.00570278672 0.0712166405387 0.0712166405387
1.51034786708 -1.04921661562 -0.117232928949 -0.117232928949
-0.175583587752 -0.191394524467 0.865343171344 0.865343171344
