17.0 6.0 -8.22387425648e-18 -8.22387425648e-18
6.09604421881 2.38861213108 -0.163062453609 -0.163062453609
-4.67400881157 -1.22154475178 0.122204863904 0.122204863904
-0.786116839932 0.0683787401208 -0.00842893207645 -0.00842893207645
0.632874039182 0.464158814513 -0.0717968643016 -0.0717968643016
-2.45477452352 -0.193604345691 0.0702116321291 0.0702116321291
-0.805965935116 1.11084040691 -0.0104514497929 -0.0104514497929
-0.310908010494 1.41695532388 -0.0455751013551 -0.0455751013551
-1.24312063174 0.563595168488 0.0519738118648 0.0519738118648
1.29375516809 1.0921858872 -0.0117901518191 -0.0117901518191
1.1101104106 1.2399038612 -0.0333868141792 -0.0333868141792
-1.26929233443 0.733184917276 0.0433554894708 0.0433554894708
0.393091435365 1.04439576419 -0.0131283304518 -0.0131283304518
1.39692773739 0.452473239005 -0.0265044064867 -0.0265044064867
0.352559064453 -0.564303165121 0.0390120073249 0.0390120073249
1.19862224835 0.243518881459 -0.0147324168314 -0.0147324168314
0.591278909099 1.03373825335 -0.0222027671105 -0.0222027671105
-0.584325281322 0.815343437161 0.0371870238939 0.0371870238939
1.56429531994 1.10053197294 -0.0168284157582 -0.0168284157582
1.65211713256 1.12378341371 -0.0193656435709 -0.0193656435709
-0.586740201908 0.754085157642 0.0372891730855 0.0372891730855
0.553000506493 1.13218997771 -0.0197252370728 -0.0197252370728
1.30092863727 1.11805462969 -0.0174632395482 -0.0174632395482
-0.17654796421 0.732777673708 0.0393343028027 0.0393343028027
0.326334439247 1.1632549022 -0.023955760235 -0.023955760235
0.265861345758 1.11090909822 -0.0162315243349 -0.0162315243349
-0.788968139696 0.698635092192 0.0439529861637 0.0439529861637
0.593156072509 1.21101015733 -0.030594156102 -0.030594156102
0.337056358268 1.10856031031 -0.0155649852515 -0.0155649852515
-1.5845374843 0.622171189741 0.052971603002 0.052971603002
-0.203206755418 1.31618729689 -0.042224510549 -0.042224510549
0.189977326839 1.13174718117 -0.0155288275536 -0.0155288275536
-1.43439747132 0.00483005676886 0.071902540729 0.071902540729
-0.324680192373 0.214269377988 -0.0670583714959 -0.0670583714959
-0.817987233239 0.0645013113715 -0.0166739049491 -0.0166739049491
-2.35011494711 -0.493751402669 0.12541328574 0.12541328574
0.50334847371 0.559357162217 -0.152473587121 -0.152473587121
-0.807090074314 0.0735491408511 -0.0244230338902 -0.0244230338902
-3.92785227749 -1.26248594768 0.810555986917 0.810555986917
7.03855552485 2.42059227706 0.8352876599 0.8352876599
