10.6277891709 6.49021235779 0.0845456482253 0.106678401451
-0.268529244571 0.67680938625 -0.0177858081766 -0.0386198285181
0.378455018033 1.37819382253 -0.00268544533408 0.0178365494932
-0.807738080489 0.257747510876 0.01312141432 -0.00767553570551
-0.227336186461 0.606591567175 -0.019864276949 0.00159110820153
-0.767107015277 1.07782708687 0.0248920500251 0.00250208821776
-0.953101202824 0.954723103638 -0.0290209494166 -0.00547555138759
-0.186308149227 1.07445809724 0.0326558606136 0.00775818913588
0.353403915525 0.762177553195 -0.0360299526687 -0.00958585460569
0.938514091951 -0.0426609216414 0.0392983677987 0.0110991898635
1.13312233311 -0.0921964218735 -0.0425816126895 -0.0123874688029
0.829044374884 0.691488624628 0.0459899750437 0.0135102877648
1.1980437485 0.355940496844 -0.0496416275078 -0.0145091551538
0.78587700606 -0.155076067689 0.0536815403177 0.0154140807819
1.16833338847 0.162229844639 -0.0583081558338 -0.0162475222392
-0.433511964733 1.10249553128 0.0638193336847 0.0170268583187
0.513107231849 0.872416662358 -0.0707030978143 -0.0177660060442
-1.02799578462 1.18219668744 0.0798405693415 0.0184765236671
0.0118408938877 0.739623700291 -0.0930317174998 -0.0191683993197
-1.0736501542 1.3760716072 0.114668804202 0.0198506480202
0.214567657592 0.432683796066 -0.159175256711 -0.0205317974483
-1.54324596866 1.93025805105 0.31880241215 0.0212203202937
1.91940155835 -3.26246840892 0.727763362013 -0.0219250606741
2.42763140935 -5.91334285549 -0.109768971339 0.0226557009985
-0.0455595940101 0.97011072247 0.0351899913118 -0.0234233233872
1.44496450818 -0.67654493847 -0.003177541129 0.0242411386667
0.72938681114 0.469666674071 -0.0175026181257 -0.0251254920612
1.18928752355 -0.33074600433 0.0353620458892 0.026097320507
0.849439300135 0.217553057371 -0.0557033410613 -0.027184357638
1.14256583936 -0.102965224073 0.0871702891195 0.0284246127249
0.835118123459 -0.0504021456066 -0.161452425683 -0.0298721081928
0.939599890486 0.374202068774 0.72636449602 0.0316068269117
-4.87086904835 -3.92696124348 0.35344629887 -0.0337530077361
-1.23835859404 -1.86622764597 -0.19185832673 0.0365153267304
0.777400536985 -0.621352648695 0.261784290644 -0.0402573720228
-0.898489375134 0.595805791813 0.794950017781 0.0456940932212
-0.162046687142 2.9115134714 -0.158420748304 -0.0544530895758
-0.817598276715 0.20947295848 0.120536722391 0.0712166405387
-0.206534660473 1.63559259488 -0.149521209907 -0.117232928949
-0.0963056491872 -0.293205256902 0.890610462682 0.865343171344
