15.0 26.0 4.20084387696e-17 4.20084387696e-17
1.25396078727 1.13634439051 -0.0387739529946 -0.0387739529946
-1.33264066152 -3.06285953359 0.0512034122389 0.0512034122389
2.10339741224 0.960933020037 -0.0557108302197 -0.0557108302197
-0.787826791732 -2.831737574 0.0562728570465 0.0562728570465
0.950274529619 0.678055002101 -0.0543227039723 -0.0543227039723
-1.02267427349 -2.50347683731 0.050565236266 0.050565236266
1.36390351224 0.312186907794 -0.0454420084493 -0.0454420084493
0.0319993204024 -2.10882363466 0.0392864535487 0.0392864535487
0.625435901453 -0.101654336566 -0.032384035739 -0.032384035739
0.683603707857 -1.68586992397 0.024997171394 0.024997171394
0.0119143135968 -0.523601491707 -0.0173751995037 -0.0173751995037
-0.0298418566169 -1.27394905873 0.00975735611871 0.00975735611871
0.000572720429873 -0.924965642512 -0.00237226171898 -0.00237226171898
-0.924932989949 0.0698732457151 -0.00456436229954 -0.00456436229954
-1.13379288685 -0.203058583942 0.0108528231536 0.0108528231536
-0.823895209754 0.30658761967 -0.0163128852412 -0.0163128852412
-1.19238887097 -0.36365196574 0.0207871453423 0.0207871453423
-0.855553450439 0.333964418649 -0.024144110531 -0.024144110531
-0.673705657308 0.144467073538 0.0262808009946 0.0262808009946
0.081653139757 1.22084723242 -0.0271247442289 -0.0271247442289
-1.71832696335 -0.746555561062 0.0266352593538 0.0266352593538
-0.18024651202 0.417154932989 -0.0248039550539 -0.0248039550539
-0.314125740267 -1.77745120578 0.0216543833936 0.0216543833936
0.400738926911 -0.336785100861 -0.0172408038475 -0.0172408038475
0.862317651702 -0.28224346313 0.0116460144956 0.0116460144956
-0.00414596430615 -0.95293732532 -0.00497819442303 -0.00497819442303
0.00168872062129 -0.977607843658 -0.00263333900444 -0.00263333900444
0.82702812351 -0.209652032318 0.0110436460451 0.0110436460451
1.24654917047 -0.503544302959 -0.0200993350737 -0.0200993350737
0.66046403123 -0.853163498892 0.0296481758853 0.0296481758853
1.4371718222 0.268632471458 -0.0395528311575 -0.0395528311575
0.467901066155 -1.75574821457 0.0497124394316 0.0497124394316
1.61555151088 1.58056178693 -0.0601009854277 -0.0601009854277
0.334168235264 -1.37405350459 0.0708461268973 0.0708461268973
1.53650369968 3.07369505963 -0.0824207239241 -0.0824207239241
-1.10989157214 -1.11176744249 0.0962176704529 0.0962176704529
1.11111819647 3.17754352771 -0.116907271432 -0.116907271432
-1.14563699885 -1.26057674111 0.170159050841 0.170159050841
1.18225044013 2.09894218438 0.990779592424 0.990779592424
