8.93325923162 9.40399592321 0.245833145095 0.245833145095
0.194882485782 -1.47810375167 -0.0947455468692 -0.0947455468692
-0.934656689373 0.139876575025 0.0552259738017 0.0552259738017
-0.371336827062 -0.518669730922 -0.0368545286122 -0.0368545286122
0.665800035587 -0.924478895505 0.0261348737634 0.0261348737634
0.668772784305 -0.050177195635 -0.0190381481304 -0.0190381481304
0.751377009071 1.32808881978 0.0139394906291 0.0139394906291
0.424813272164 -0.69691190604 -0.0100573056201 -0.0100573056201
1.39358218162 -0.278739130106 0.00696866760932 0.00696866760932
0.657032715246 -0.631597611053 -0.0044244082462 -0.0044244082462
1.32193684998 0.399247467776 0.00226786147141 0.00226786147141
0.681202282947 -0.339560676976 -0.000395255485397 -0.000395255485397
1.34981111883 0.279615972468 -0.00126520376413 -0.00126520376413
0.265003198104 0.12141028172 0.00276511106945 0.00276511106945
0.713978896674 0.890581721599 -0.00414285865431 -0.00414285865431
0.315437456005 0.0851484342633 0.00542798947056 0.00542798947056
0.59569300674 0.999086735554 -0.00664402338207 -0.00664402338207
-0.323998677245 0.748983288952 0.00781037088693 0.00781037088693
-0.185869530031 1.33862150395 -0.00894368994093 -0.00894368994093
-0.823952302849 0.461529597628 0.0100589023247 0.0100589023247
-0.170940361011 0.670582469288 -0.0111700096904 -0.0111700096904
-0.8433097808 0.289282214664 0.0122908082015 0.0122908082015
-0.112761278428 0.731851375769 -0.0134355809901 -0.0134355809901
-1.47385824547 0.252862475351 0.0146198434597 0.0146198434597
-0.313986804289 0.762513584926 -0.0158612265242 -0.0158612265242
-0.784628335462 0.214567992532 0.0171806101899 0.0171806101899
-0.871731506196 0.841089712032 -0.018603673053 -0.018603673053
-1.19027145937 -0.234492632264 0.0201631204213 0.0201631204213
-0.78176793415 0.887209182429 -0.0219020318993 -0.0219020318993
-1.23661003819 -0.134774411421 0.0238791056921 0.0238791056921
-0.74772079002 0.146392589451 -0.0261772408813 -0.0261772408813
-1.26830501284 -0.104920076345 0.028918284583 0.028918284583
-0.715548901171 -0.353749086936 -0.0322898664798 -0.0322898664798
-1.25276663654 -1.32861661586 0.0365977632658 0.0365977632658
0.892764093106 -0.719672186659 -0.0423775305172 -0.0423775305172
-0.0527970880084 -1.25847737888 0.0506619303805 0.0506619303805
0.57404323107 -0.759287037514 -0.0637348139745 -0.0637348139745
0.234497637927 -1.21634472415 0.0878531107986 0.0878531107986
0.283398464334 -0.841007860587 -0.148548755717 -0.148548755717
0.557076107027 -0.701904378267 0.613769121283 0.613769121283
