25.0 9.0 0.0 0.0
0.336993091255 -0.544701500901 -0.0253141048256 -0.0253141048256
-2.30153332664 -0.534212847404 0.0332659354587 0.0332659354587
0.251403446987 0.471478661557 -0.0362587720026 -0.0362587720026
-2.18558405183 -0.422514591743 0.0369108382567 0.0369108382567
0.10486194871 0.371255752164 -0.0361501990165 -0.0361501990165
-2.01069601613 -0.313771590665 0.0344217922128 0.0344217922128
-0.0951111825986 0.24680599036 -0.0319938149118 -0.0319938149118
-1.78939547283 -0.16323007123 0.0290596878669 0.0290596878669
-0.333889133722 0.0359006125093 -0.0257777985526 -0.0257777985526
-1.53651451285 0.393609208604 0.0222883367499 0.0222883367499
-0.599111063877 1.16289794795 -0.0187204813349 -0.0187204813349
-1.25605211321 1.02241420666 0.0151951088208 0.0151951088208
-0.914198714815 0.643272685699 -0.0118252866554 -0.0118252866554
-0.776479903953 0.156046079381 0.00871564465372 0.00871564465372
-0.0749762032976 0.976205097737 -0.00596120272135 -0.00596120272135
-0.999428781604 -0.083094991344 0.00364598765306 0.00364598765306
0.0416603532929 1.20711466304 -0.00184164613246 -0.00184164613246
-1.06230192349 0.913746773281 0.000606191786493 0.000606191786493
0.0645324340764 1.02893174627 1.70171802408e-05 1.70171802408e-05
1.16865581539e-15 1.0 1.31473779232e-17 1.31473779232e-17
0.937218048716 1.00530474497 -0.000669476158262 -0.000669476158262
1.0562501292 0.129960843376 0.00198791492502 0.00198791492502
0.967910923892 -0.154576489072 -0.00393652709454 -0.00393652709454
0.994969344133 0.880413072859 0.00648210809613 0.00648210809613
1.04536453445 1.05373630988 -0.00957838123253 -0.00957838123253
0.945212616006 0.944810677166 0.0131678423169 0.0131678423169
0.602522555223 1.07221934526 -0.0171841694633 -0.0171841694633
-0.489648265582 0.904751405722 0.0215553218912 0.0215553218912
0.532278447307 1.11972177356 -0.0262075748865 -0.0262075748865
-0.570953921638 0.858738102813 0.0310709939191 0.0310709939191
0.375714908878 1.15257805755 -0.0360874046928 -0.0360874046928
-2.07325822565 0.867006859586 0.0412231944778 0.0412231944778
0.123812268117 0.943629945088 -0.0464924997795 -0.0464924997795
-2.2296378781 -0.394455729699 0.0520054167113 0.0520054167113
0.441436721922 0.207472326589 -0.0580856588842 -0.0580856588842
-1.26036035673 -1.44253456134 0.0656228342677 0.0656228342677
0.108549050226 0.637444889503 -0.0775032922379 -0.0775032922379
-2.19142944435 -0.559788109187 0.109090639409 0.109090639409
1.34618546 0.521202177123 0.995887062876 0.995887062876
