12.0 7.0 1.42336285208e-16 -5.69345140833e-18
1.3013897587 0.154877203781 -0.0154935999778 -0.0126987193734
0.690031466612 -0.131556003664 0.0222348856492 0.0170394541689
1.31396372137 0.107235413882 -0.0265549626477 -0.0192511077136
0.686584151741 -0.076679660205 0.0297973335339 0.0206049999974
1.30400299492 0.0164746435522 -0.0324423327352 -0.021528612988
0.738737942426 0.803841431902 0.034714186906 0.0222061391504
0.499015280204 1.11562017759 -0.0367367376993 -0.0227300593561
-0.428743175928 0.919506130318 0.0385870076175 0.0231519577695
0.420368396306 1.05154991555 -0.0403175130625 -0.0235029277516
-0.430173839918 0.98092776855 0.0419669578189 0.023802875328
0.459971829148 0.971685711854 -0.0435659750659 -0.0240651832856
-0.545022561644 1.12919142031 0.0451405500476 0.0242992296542
1.17470051345 0.225244759423 -0.0467142987567 -0.0245118320896
0.106016196335 0.511599964628 0.0483101943656 0.0247081193806
0.136129774579 1.22478767112 -0.0499520870854 -0.0248920813543
-0.179670210981 0.848355489001 0.0516662676856 0.0250669307312
0.170946664474 1.11217049218 -0.0534833135423 -0.0252353516641
-0.0968854232415 0.917492875698 0.0554405134196 0.0253996788933
-0.352312381248 1.05128991439 -0.0575853111171 -0.0255620347504
-0.922168359928 1.00560715771 0.059980497459 0.0257244420801
0.209684451615 0.681476360214 -0.0627124514539 -0.0258889263018
-1.81888161512 -0.36095296479 0.0659048989845 0.026057617748
0.0591769691968 0.633031551085 -0.0697431835194 -0.0262328654719
-0.724240935599 0.654405003212 0.0745199314479 0.0264173759163
-0.753124040951 0.111805856837 -0.0807280686263 -0.026614394861
-1.32934385948 1.14302595333 0.0892706606405 0.0268279605161
-0.636544824274 -0.588600767695 -0.102004456599 -0.0270632728502
-1.38374260111 0.617870839891 0.123460456761 0.0273272560562
-0.605734478836 -0.901797095718 -0.168397808485 -0.0276294519257
-1.34061012676 -0.0468225846776 0.32827158479 0.0279835040757
0.934195290587 -1.76443073488 0.890421593525 -0.0284097532263
1.61355221474 -7.79420858966 -0.127217897138 0.0289400600007
1.24323599618 1.44322166325 0.0472324899945 -0.0296274663537
0.592723764741 -0.916306025193 -0.0158045979275 0.0305675057107
0.296352159901 -0.460605550382 -0.00187101805727 -0.0319516796148
0.799329588585 -0.299866953471 0.014388505328 0.0342288041485
1.26927526633 0.274629030898 -0.0260227140505 -0.0387566747277
0.69045610248 -0.238764586216 0.0450090882516 0.0524666014946
0.273255376281 0.207000449747 1.0023127746 0.99897290848
