12.0 15.0 2.16628882854e-17 3.52021934637e-17
0.699728525481 -1.37510849441 0.0143682449427 0.0123826178158
1.33275815951 0.443178509881 -0.0205353928558 -0.0164756780662
0.604417855507 -0.481829217236 0.0247907622271 0.0185347976164
0.302608283929 -0.630561119583 -0.0284021003619 -0.019786673058
-0.357245105934 -1.4007705723 0.0318268761288 0.0206369581156
0.401311888837 -0.588487406051 -0.0353058702849 -0.0212587795628
-0.45419259379 -1.40954798209 0.039016818635 0.0217385179891
0.535995075874 -0.619083029943 -0.043135458552 -0.0221241389519
-0.747060495577 -1.22789947229 0.0478763485226 0.0224444563122
-0.343076910202 0.381248899144 -0.0535402015732 -0.0227178669031
-0.584686005529 -1.51220776063 0.060592084805 0.0229567111664
-0.638776865169 0.673864386336 -0.0698172176579 -0.0231696199267
-1.58037682129 -1.93358053821 0.0826775766247 0.0233628565914
-0.0153119885925 1.66410966425 -0.102266499442 -0.0235411250866
-0.94737029498 -0.539703573473 0.136497528743 0.0237080785581
-0.00526774915554 1.60698152453 -0.213548144981 -0.0238666534135
-1.02217062392 -0.93365032647 0.562480375098 0.0240192982475
3.32002679212 3.74720601139 0.674616906406 -0.0241681384263
4.41031913771 3.51496754362 -0.191281662534 0.024315101533
-0.0363965134355 -0.318180325358 0.103643982144 -0.0244620203335
1.54979795614 1.0328195368 -0.066515557474 0.024610725378
0.705205532721 -0.441859451776 0.0457536733047 -0.0247631373625
0.763091032676 0.637470930789 -0.0323221860907 0.024921369333
-0.479676737481 1.28071473371 0.0227955437906 -0.0250878506979
0.937204788583 0.12413375487 -0.0155872737958 0.0252654894082
0.345829534993 0.693014190792 0.00985975166618 -0.0254578969632
-0.110973068001 0.997913749568 -0.0051267175742 0.0256697160196
0.0632002922359 1.09981443634 0.00108387059378 -0.0259071182813
-0.00712533376006 0.841111877072 0.00247225906571 0.0261785936118
-0.636753408356 1.20514532966 -0.00568723500526 -0.0264962579393
-1.2304583245 0.749054538417 0.00867406661946 0.0268781339259
-0.788348748236 1.32329270458 -0.0115309581343 -0.0273523749998
-1.21275350184 -0.0939762910733 0.0143580526922 0.0279656919041
-0.778934065086 0.206998641842 -0.01728125819 -0.0288018377032
-1.23366038549 -0.244170614507 0.0205018633318 0.0300276478108
-0.748807208531 0.262762402815 -0.0244364135007 -0.0320304125295
-1.28294405655 -0.260997220809 0.0302630754119 0.035962395607
0.213673919116 -0.648745734057 -0.0436569208006 -0.0474746648521
-0.25987514076 -0.386419845876 0.997046920248 0.998972844211
