8.0 8.0 8.5401771125e-18 8.5401771125e-18
4.05074115334 3.59277846604 -0.169605100245 -0.169605100245
-0.361508089754 -1.6654448319 0.109066955459 0.109066955459
0.828111243039 -0.218703067538 0.0161585229567 0.0161585229567
1.76586535469 1.0171412264 -0.0787198808962 -0.0787198808962
0.556084521721 -0.62020065078 0.0482204386925 0.0482204386925
0.843093268863 -0.233992690834 0.0176717670585 0.0176717670585
1.41462054061 0.677627171014 -0.0478893080953 -0.0478893080953
0.793859581542 -0.388164584029 0.0243085225261 0.0243085225261
0.867305123863 -0.32094812679 0.0160433970071 0.0160433970071
1.23753758068 1.03077406377 -0.0301326910738 -0.0301326910738
0.919883954388 0.790882006377 0.011591041095 0.011591041095
0.951786359671 -0.00781526470745 0.0125710408205 0.0125710408205
0.796709619271 0.420678485371 -0.0173737661956 -0.0173737661956
-0.131386919579 1.05636571493 0.00434396354404 0.00434396354404
-0.236242620977 1.06575341827 0.0075815689727 0.0075815689727
0.282851400409 0.939632541266 -0.00716123468712 -0.00716123468712
-0.044647280618 1.00870826372 0.000693701453451 0.000693701453451
-0.238343130208 1.04704489675 0.00112842410666 0.00112842410666
0.29897357983 0.94084097992 0.00145014398416 0.00145014398416
-1.53723188025e-16 1.0 2.98906198938e-17 2.98906198938e-17
-0.938155964241 1.08280300278 -0.00692430460087 -0.00692430460087
-0.718664898665 0.911222289436 0.00887718770546 0.00887718770546
-0.0108145858348 0.979887694117 0.00224035338217 0.00224035338217
-0.509804661873 1.14214722388 -0.0169973621155 -0.0169973621155
-1.06128853665 0.877939130415 0.0153388270715 0.0153388270715
-0.178719178159 0.938692535729 0.00799351978089 0.00799351978089
0.439571474646 1.22452093825 -0.0301338481734 -0.0301338481734
-0.246710733014 0.847086335791 0.0210248115328 0.0210248115328
-0.212163097662 0.864726115273 0.0190042398587 0.0190042398587
0.761101439193 1.34230039222 -0.0490925266916 -0.0490925266916
0.977395830412 0.820483512413 0.0263041570101 0.0263041570101
0.961588764061 0.729158009377 0.0406555123041 0.0406555123041
0.831069551894 1.53726328404 -0.0830613882464 -0.0830613882464
-0.13236015422 0.797741846448 0.032518601529 0.032518601529
0.311331151819 0.42684700271 0.0975582986948 0.0975582986948
1.7007278002 2.0000873755 -0.186843523462 -0.186843523462
-0.24973314855 0.767040052856 0.0521849873267 0.0521849873267
-1.70399070692 -1.27320784924 0.85801768179 0.85801768179
3.53817056662 3.31184155231 0.809848807281 0.809848807281
