14.0 10.0 -7.68615940125e-17 8.5401771125e-18
6.9851348217 5.07275168197 -0.176529404846 -0.169605100245
-1.96405779443 -0.868104500013 0.117944143165 0.109066955459
-0.31354815335 0.759585036142 0.0183988763388 0.0161585229567
1.49097995514 2.08629319872 -0.0957172430117 -0.0787198808962
-0.910013623857 0.361917742975 0.063559265764 0.0482204386925
-0.341362274929 0.769359989109 0.0256652868394 0.0176717670585
0.987585270819 1.64741745941 -0.0780231562687 -0.0478893080953
-0.600240384252 0.599839978742 0.0453333340589 0.0243085225261
-1.16164486931 -0.0050981389681 0.0350476368659 0.0160433970071
-0.631707562907 0.0111081690496 -0.0792252177654 -0.0301326910738
-1.09837507557 0.0731541081765 0.0378951981051 0.011591041095
-0.415345425162 0.824478428102 0.0532265531245 0.0125710408205
0.305879197505 0.861202415295 -0.100435154442 -0.0173737661956
-1.29325970002 -0.136043020145 0.0368625650731 0.00434396354404
-1.66841686181 -0.250524039324 0.105139867668 0.0075815689727
0.149053177762 0.474977553557 -0.194004758149 -0.00716123468712
-0.113264425383 1.02297377579 0.0528786887801 0.000693701453451
-0.929496907666 0.680685844933 0.859146105897 0.00112842410666
2.07062203393 -1.03094289392 0.811298951266 0.00145014398416
5.0 -2.0 1.7080354225e-17 2.98906198938e-17
2.90452699109 -0.743831315943 -0.176529404846 -0.00692430460087
0.0678267041725 0.265681998395 0.117944143165 0.00887718770546
0.868442742929 0.0218906832662 0.0183988763388 0.00224035338217
1.66902915828 -0.0255636324511 -0.0957172430117 -0.0169973621155
0.54868613015 -0.0418790688206 0.063559265764 0.0153388270715
0.810992822532 -0.0418076738518 0.0256652868394 0.00799351978089
1.6021761286 0.207419104276 -0.0780231562687 -0.0301338481734
0.631939325663 -0.170621628943 0.0453333340589 0.0210248115328
0.700939610762 -0.174904019984 0.0350476368659 0.0190042398587
1.70733554932 0.514517350273 -0.0792252177654 -0.0490925266916
0.648603817424 -0.340251628512 0.0378951981051 0.0263041570101
0.492607086436 -1.20545186465 0.0532265531245 0.0406555123041
1.97092359408 -0.144370751789 -0.100435154442 -0.0830613882464
0.645292458689 -0.123904550554 0.0368625650731 0.032518601529
0.0205027079472 -0.482263535632 0.105139867668 0.0975582986948
2.66819775596 0.935387634069 -0.194004758149 -0.186843523462
0.62261220256 -0.22255640683 0.0528786887801 0.0521849873267
-2.38855317536 -1.82160250512 0.859146105897 0.85801768179
5.797858529 4.17754056166 0.811298951266 0.809848807281
