13.7313113104 5.09470513837 0.124357347884 0.124357347884
-0.225420430648 1.12527671798 -0.0465496018039 -0.0465496018039
0.512543578063 0.646821871363 0.0231456066618 0.0231456066618
0.949631386832 -0.13397004247 -0.0117629979388 -0.0117629979388
1.11641381483 0.0522540561694 0.00496572276495 0.00496572276495
0.868040752834 0.716641972281 -0.000400801248046 -0.000400801248046
1.07919939329 1.17254766855 -0.00291140082762 -0.00291140082762
-0.246987813176 0.850728856412 0.00545183133335 0.00545183133335
0.228112386853 1.1413417016 -0.00748450148936 -0.00748450148936
-0.21737367218 0.861129445283 0.00916663895575 0.00916663895575
0.199926992596 1.13916553529 -0.0105979426602 -0.0105979426602
-0.159356050438 0.858658291593 0.0118449118346 0.0118449118346
0.0121164242614 1.14523819103 -0.0129538288559 -0.0129538288559
-0.98041355663 0.848796026206 0.0139581330042 0.0139581330042
0.0245262956363 1.16028798592 -0.014882832681 -0.014882832681
-1.54240874439 0.824884544334 0.0157472685935 0.0157472685935
-0.538321807367 1.20351319089 -0.0165669188244 -0.0165669188244
-0.605916748996 0.7151159835 0.0173546290927 0.0173546290927
-0.530917639791 0.377463412827 -0.0181214915743 -0.0181214915743
-1.46375763902 0.654723369518 0.0188775093762 0.0188775093762
-0.527025705813 -0.0706185873277 -0.0196321364047 -0.0196321364047
-1.49419257316 0.00633359820568 0.0203947569906 0.0203947569906
-0.463160193498 0.00183034154579 -0.0211751580107 -0.0211751580107
-0.735768182979 -0.856591884785 0.0219840448252 0.0219840448252
-0.201628938359 -0.115705595857 -0.0228336607254 -0.0228336607254
-0.82589323903 -1.20909922393 0.0237385902642 0.0237385902642
-0.188721456312 -0.833826083252 -0.0247168663876 -0.0247168663876
-0.246760669992 -1.15527799003 0.0257915733995 0.0257915733995
0.370717238602 -0.846771598326 -0.0269932704425 -0.0269932704425
-0.486667606062 -1.15530108822 0.0283638121667 0.0283638121667
0.780368070361 -0.839706873873 -0.0299626444076 -0.0299626444076
0.185074727705 -1.16829347941 0.0318777083108 0.0318777083108
0.857400595303 -0.819591979793 -0.0342454716833 -0.0342454716833
0.0957919380861 -1.19943368458 0.0372904836761 0.0372904836761
0.208997878296 -0.76739397885 -0.0414109999446 -0.0414109999446
0.720237768773 -1.30457858379 0.0473884122849 0.0473884122849
1.40158665528 -0.403775046383 -0.0569957016241 -0.0569957016241
0.140767722437 -0.577609466879 0.0753047087293 0.0753047087293
0.846662279852 -0.449207806516 -0.125042434478 -0.125042434478
0.117222904335 0.117805733698 0.839300801651 0.839300801651
