7.0 19.0 4.20084387696e-17 4.20084387696e-17
1.49449514785 1.50458160839 -0.0387739529946 -0.0387739529946
0.531858941782 -0.577148537259 0.0512034122389 0.0512034122389
1.4270241402 1.67821714631 -0.0557108302197 -0.0557108302197
0.623539792536 -0.812824120706 0.0562728570465 0.0562728570465
1.31934268995 2.01185618073 -0.0543227039723 -0.0543227039723
0.742101636509 -1.60299981845 0.050565236266 0.050565236266
1.19404959568 1.36844085246 -0.0454420084493 -0.0454420084493
0.870659232325 -1.15001536155 0.0392864535487 0.0392864535487
1.06431262271 0.925650487235 -0.032384035739 -0.032384035739
1.00443187967 -0.685965765144 0.024997171394 0.024997171394
0.891714367602 0.397307116109 -0.0173751995037 -0.0173751995037
-0.069495954466 -1.37409641024 0.00975735611871 0.00975735611871
0.00555819118345 -0.91283284934 -0.00237226171898 -0.00237226171898
-0.00680239901848 -0.825232325542 -0.00456436229954 -0.00456436229954
0.08806921473 -1.47430602397 0.0108528231536 0.0108528231536
-0.948892876664 0.516927995657 -0.0163128852412 -0.0163128852412
-0.207977930947 -1.50472950276 0.0207871453423 0.0207871453423
-0.612369967425 0.430719949477 -0.024144110531 -0.024144110531
-0.581437773613 -1.30175171201 0.0262808009946 0.0262808009946
-0.221766420838 0.127832431967 -0.0271247442289 -0.0271247442289
-0.966527842902 -0.920100594268 0.0266352593538 0.0266352593538
0.136387316712 -0.310985629088 -0.0248039550539 -0.0248039550539
-1.28423411725 -0.439529792678 0.0216543833936 0.0216543833936
0.446482320016 -0.862683497682 -0.0172408038475 -0.0172408038475
-0.249921905754 -1.15783314541 0.0116460144956 0.0116460144956
0.112722050452 -0.918299104803 -0.00497819442303 -0.00497819442303
1.01781627493 -0.950699742973 -0.00263333900444 -0.00263333900444
0.896407506862 -1.24613778299 0.0110436460451 0.0110436460451
1.19254694722 0.205018166184 -0.0200993350737 -0.0200993350737
0.723629474382 -0.44844664183 0.0296481758853 0.0296481758853
1.3533434029 0.657921246527 -0.0395528311575 -0.0395528311575
0.577565417626 -0.863254780357 0.0497124394316 0.0497124394316
1.48281961015 1.06750582582 -0.0601009854277 -0.0601009854277
0.466065343907 -1.27351193151 0.0708461268973 0.0708461268973
1.57570516564 1.49663635969 -0.0824207239241 -0.0824207239241
0.390841965808 -1.84646459478 0.0962176704529 0.0962176704529
1.63880697522 0.775866186781 -0.116907271432 -0.116907271432
0.309607712795 -0.412549210303 0.170159050841 0.170159050841
0.517468197475 1.43764705203 0.990779592424 0.990779592424
