15.0 4.0 -9.51619735393e-18 -9.51619735393e-18
1.11048375178 1.44427601672 -0.065274066465 -0.065274066465
-2.1336306151 0.669456859687 0.0826840358104 0.0826840358104
1.16228915073 0.690122242475 -0.0825748769302 -0.0825748769302
-2.16627813691 -0.0379751700675 0.0726962057638 0.0726962057638
1.12536508567 1.51599254937 -0.0568941875269 -0.0568941875269
-2.06961562704 0.710000721443 0.0379733699956 0.0379733699956
-0.47235837606 1.12052033531 -0.0183199571557 -0.0183199571557
-4.82153999266e-16 1.0 1.23777592385e-17 1.23777592385e-17
-0.229927019547 0.973607692277 0.015292134507 0.015292134507
-0.291481899867 0.333514472999 -0.026318230073 -0.026318230073
-1.25832507123 0.237898563397 0.0323661409913 0.0323661409913
1.10426462909 1.5173877365 -0.0332826241756 -0.0332826241756
-1.19208905715 0.600303585783 0.0294589944742 0.0294589944742
-0.393200263046 1.27814636307 -0.0217678317245 -0.0217678317245
-0.14907595611 0.857397755673 0.011455450694 0.011455450694
1.31957936641e-15 1.0 1.00731185443e-17 1.00731185443e-17
0.189220040514 1.13790742096 -0.011051161029 -0.011051161029
-0.341229499752 0.741494937905 0.0202489172187 0.0202489172187
0.394740076544 1.35077604869 -0.0263982196614 -0.0263982196614
-0.0897523629993 0.592163442337 0.028686913652 0.028686913652
1.69724610612 1.43249902467 -0.0267748595667 -0.0267748595667
0.500720503798 0.524861658585 0.0208345562848 0.0208345562848
1.26875085839 0.0751807285626 -0.011539283596 -0.011539283596
1.0 2.03012210217e-16 2.61514459426e-18 2.61514459426e-18
0.713433922705 -0.165697104586 0.0123426410647 0.0123426410647
1.56369665232 0.417781654934 -0.0238602497832 -0.0238602497832
0.193961951064 -1.15767115375 0.0328981842676 0.0328981842676
2.00520270777 -0.115636027131 -0.0379398634276 -0.0379398634276
-0.275605528184 -0.592025456592 0.0377563634522 0.0377563634522
0.804033480804 -0.678906631582 -0.031524137368 -0.031524137368
0.623777036795 -0.113219251272 0.0188946858527 0.0188946858527
4.82153999266e-16 -1.0 3.10503900083e-19 3.10503900083e-19
1.30342699488 0.00257730437298 -0.0246276413149 -0.0246276413149
-0.519809734136 -0.895657949404 0.0542664384286 0.0542664384286
1.64375878704 -0.306105484764 -0.0884819795301 -0.0884819795301
-0.666924605202 -0.409695981643 0.128398834498 0.128398834498
1.47155869941 -1.05986423603 -0.181615595985 -0.181615595985
-1.87742380117 -1.0755075162 0.300332236328 0.300332236328
2.10793997522 0.526951990159 0.974515804886 0.974515804886
