12.3713568295 5.90251034989 0.237469813685 0.237469813685
-1.41623316692 -0.12817302204 -0.0919325352849 -0.0919325352849
-0.600294465796 0.0671122350968 0.0533618567077 0.0533618567077
-1.39981034082 0.174504683685 -0.0353594914155 -0.0353594914155
-0.58690631149 0.747631117493 0.0248339714305 0.0248339714305
-0.743490687352 0.280898798978 -0.0178571428571 -0.0178571428571
-0.227016641975 0.687577204882 0.0128403768166 0.0128403768166
-0.235371780735 0.873728687792 -0.00901815999765 -0.00901815999765
0.285856849336 1.16555355228 0.00597575816687 0.00597575816687
-0.301703305966 0.823176378669 -0.00346860390646 -0.00346860390646
1.01702169864 1.17924626843 0.00134281299199 0.00134281299199
-0.275606173415 0.835792486907 0.000503604017914 0.000503604017914
-0.329642245177 0.614823996084 -0.00214124370622 -0.00214124370622
-1.53389097023 0.333300868081 0.0036208632263 0.0036208632263
-0.0325921566394 0.698888873028 -0.00498024754303 -0.00498024754303
-0.987682113375 0.242338686107 0.00624848453477 0.00624848453477
0.302099948442 1.1136731114 -0.00744874186314 -0.00744874186314
0.227366295113 0.317872009644 0.00860014832297 0.00860014832297
0.841525901525 0.634898169225 -0.00971912854336 -0.00971912854336
0.100175610734 0.408832661779 0.0108204035538 0.0108204035538
1.05904234019 0.442448595286 -0.0119177949309 -0.0119177949309
0.787046590414 -0.292888794444 0.0130249298579 0.0130249298579
1.23566483089 0.232501997935 -0.0141559252021 -0.0141559252021
-0.268315029743 -1.22138397804 0.015326124744 0.015326124744
0.336376788554 -0.753661934497 -0.0165529738181 -0.0165529738181
-0.477273637186 -1.25542873711 0.0178571428571 0.0178571428571
-0.432123018383 -0.733342729848 -0.0192640642416 -0.0192640642416
0.575070343199 -1.26959280903 0.0208061435195 0.0208061435195
1.29340137453 0.340784298956 -0.0225260833515 -0.0225260833515
0.717289297744 -0.872268603986 0.0244820935313 0.0244820935313
1.2810121505 0.0585686152295 -0.0267564220454 -0.0267564220454
0.720376569095 -0.532111118829 0.0294700238706 0.0294700238706
1.27633073889 -0.944748100003 -0.0328092739589 -0.0328092739589
0.731004094114 -1.18193402682 0.0370781455209 0.0370781455209
1.25245974863 -0.309965250657 -0.0428095854145 -0.0428095854145
0.0797365996413 -0.827892062 0.0510327823084 0.0510327823084
0.889139192114 -1.02836088602 -0.0640284540609 -0.0640284540609
-0.42397174422 -0.995056676074 0.0880667208593 0.0880667208593
0.366891346684 -1.03831991543 -0.148921652446 -0.148921652446
-0.331464206238 -0.505820716332 0.63319103835 0.63319103835
