16.0 6.0 3.08395284618e-18 3.08395284618e-18
0.720350685931 1.57368387546 -0.0512947984164 -0.0512947984164
-1.76036876048 0.452647930606 0.0654854967475 0.0654854967475
0.905460826883 1.49713281844 -0.0671638034914 -0.0671638034914
-2.5572696286 0.569794527702 0.0622374651096 0.0622374651096
0.571037747197 1.35253814769 -0.0533606146381 -0.0533606146381
-0.571659395879 0.729888055075 0.0422780161694 0.0422780161694
0.184860336661 1.18879577409 -0.0303701033022 -0.0303701033022
-1.26880476015 0.886052147719 0.0187824884574 0.0187824884574
0.232528712199 1.04998371211 -0.00843528207301 -0.00843528207301
9.86864910778e-17 1.0 -6.16790569236e-18 -6.16790569236e-18
-0.120168368382 0.965495402752 0.0061227688875 0.0061227688875
0.159655233316 1.05380535491 -0.00981047251521 -0.00981047251521
-0.121830608137 0.939924941424 0.0112044720555 0.0112044720555
-0.0147780413936 1.05765609466 -0.0106736604121 -0.0106736604121
0.505745381366 0.945719459635 0.00875829969108 0.00875829969108
0.78064265534 1.06770782196 -0.0060991304882 -0.0060991304882
-0.00612433606307 0.809914334806 0.00335856666438 0.00335856666438
1.2180159731 -0.209570425928 -0.00114172080001 -0.00114172080001
0.940504995351 0.144842223294 -7.49097348613e-05 -7.49097348613e-05
1.0 1.0 -6.16790569236e-18 -6.16790569236e-18
1.00016308624 0.0669333724243 0.00143643639137 0.00143643639137
1.04770430127 0.0276955124079 -0.00407087008485 -0.00407087008485
0.861111805045 -0.673231766707 0.00751925832543 0.00751925832543
1.28683622574 -1.1503404384 -0.01121387611 -0.01121387611
0.277956393079 -0.917996730239 0.0144601958487 0.0144601958487
0.143221570826 -1.03826311831 -0.0165079463602 -0.0165079463602
-0.249508720718 -0.990379200819 0.0166289190243 0.0166289190243
0.272639837804 -0.995019413702 -0.0141931645695 -0.0141931645695
-0.227845375413 -1.00637603605 0.00873494383417 0.00873494383417
-1.0 -1.0 -1.23358113847e-17 -1.23358113847e-17
0.103851528751 -1.01582043784 -0.0120340513397 -0.0120340513397
-1.07779872125 -0.276034463712 0.0271733037616 0.0271733037616
-0.607098410343 0.277813131712 -0.0450732516507 -0.0450732516507
-1.68260425956 -0.334955559745 0.0653874300094 0.0653874300094
-0.0356679155258 0.404647764301 -0.0880998556212 -0.0880998556212
-2.2218350627 -0.474658968519 0.114429954317 0.114429954317
0.429700386294 0.537627551342 -0.150368308578 -0.150368308578
-2.53137494517 -0.588627278956 0.233492242324 0.233492242324
1.8571940718 0.626529439967 0.983606673679 0.983606673679
