20.0 8.0 -7.40148683083e-18 -7.40148683083e-18
5.17700732462 2.46918270845 -0.127173559399 -0.127173559399
-5.3267739096 -1.78543099081 0.124401693586 0.124401693586
1.02534723187 0.86415817626 -0.0665602650296 -0.0665602650296
-1.0 2.96059473233e-16 3.75770396523e-17 3.75770396523e-17
-2.20020967778 -0.611324616158 0.0434109560969 0.0434109560969
0.407627957135 1.10836364048 -0.0513288321272 -0.0513288321272
-1.85150869928 0.645835457651 0.0307173166183 0.0307173166183
-1.0 -3.32347465533e-18 -5.27377144186e-19 -5.27377144186e-19
-0.321141749186 -0.0443055161277 -0.022367309341 -0.022367309341
-1.91687013189 0.393826603372 0.0269928011065 0.0269928011065
-0.27824927434 1.17998901829 -0.0161993675469 -0.0161993675469
2.36847578587e-16 1.0 -4.69817879821e-17 -4.69817879821e-17
-0.401978207298 0.940181711189 0.011242421121 0.011242421121
0.892249785572 1.01893616355 -0.0127954678345 -0.0127954678345
0.849703126002 1.04649144538 0.00698181903222 0.00698181903222
1.0 1.0 7.07554983084e-18 7.07554983084e-18
1.27097184309 0.145585684023 -0.00310307912681 -0.00310307912681
0.244032201133 0.321647159166 0.0017469259761 0.0017469259761
0.186986497631 1.1937944409 0.00061720809044 0.00061720809044
1.0 1.0 4.4408920985e-17 4.4408920985e-17
0.395496801953 0.93512875023 -0.00436848318299 -0.00436848318299
-0.371509068549 1.0452795773 0.0089316397477 0.0089316397477
0.234973301368 0.994835813445 -0.00834665479935 -0.00834665479935
-1.7763568394e-15 1.0 4.90030742874e-18 4.90030742874e-18
-0.245971292635 0.959279185472 0.0127975885699 0.0127975885699
0.368239840604 1.08753628677 -0.0216469197733 -0.0216469197733
-0.268624037046 0.917667288339 0.0180860705529 0.0180860705529
2.36847578587e-16 1.0 5.81245412343e-18 5.81245412343e-18
-0.338082250253 1.11655484204 -0.0248378357489 -0.0248378357489
-1.84741311631 0.834529432262 0.0411632385512 0.0411632385512
-0.364723241254 1.03811451966 -0.0342948916954 -0.0342948916954
-1.0 3.32347465533e-18 -4.04699328455e-18 -4.04699328455e-18
-1.80953602057 -0.467699786776 0.0494160065323 0.0494160065323
0.342696865161 0.783062204381 -0.0868363021565 -0.0868363021565
-2.1450388139 -0.775729403547 0.0795717495672 0.0795717495672
-1.0 -1.0 7.02056756838e-17 7.02056756838e-17
0.896092958871 0.492032896753 -0.179033641378 -0.179033641378
-4.79228042326 -1.47441674314 0.636037889591 0.636037889591
6.18848417813 2.29356071786 0.900110617733 0.900110617733
