11.0 16.0 -1.26882631386e-17 -9.51619735393e-18
2.46428550694 1.4410568752 -0.0762140756953 -0.065274066465
-1.13481770419 -3.43614066172 0.103014923053 0.0826840358104
1.6574795272 1.82033753889 -0.109458997475 -0.0825748769302
-0.101890821099 -2.11812727172 0.102335759046 0.0726962057638
0.535814294381 0.35022777487 -0.0849720994086 -0.0568941875269
1.0203577192 -0.542610875969 0.0601628802863 0.0379733699956
0.953468601978 0.234947174773 -0.0308125528514 -0.0183199571557
0.0 -1.0 1.56892783013e-17 1.23777592385e-17
-0.126804785706 -1.3507645211 0.0291538510003 0.015292134507
0.832480523575 -0.382191588098 -0.0536892243975 -0.026318230073
1.09228228087 -1.83025375346 0.0710192200626 0.0323661409913
0.904816061403 0.222478355653 -0.0791076376501 -0.0332826241756
1.10894764723 -0.516265102374 0.0765766899817 0.0294589944742
0.890791168982 0.441320112682 -0.0627054496841 -0.0217678317245
1.07801975146 -0.253482931407 0.0372580920421 0.011455450694
1.0 2.84217094304e-15 -1.18889557372e-17 1.00731185443e-17
0.861061907182 0.291522925509 -0.0505468611905 -0.011051161029
1.35408242708 -0.603945878047 0.120967346514 0.0202489172187
0.334452516585 0.942061556035 -0.240818517596 -0.0263982196614
1.99304362924 -1.38769069116 0.665520450037 0.028686913652
-3.70985025976 2.60985773261 0.757586547931 -0.0267748595667
-7.29618326365 4.43451652065 -0.159607058718 0.0208345562848
0.931034988529 0.688762167692 0.0461330388743 -0.011539283596
-3.04518315326e-16 1.0 -1.09292852262e-17 2.61514459426e-18
-0.429036487731 1.02490155886 -0.0197355862222 0.0123426410647
0.701195858545 1.0404108069 0.0249914861826 -0.0238602497832
-1.27107607955 0.873085250504 -0.0216718537761 0.0328981842676
-0.60130358674 1.19140880554 0.0139236056662 -0.0379398634276
-1.11141097363 0.80392970748 -0.00518731073075 0.0377563634522
0.350264744834 1.06818757265 -0.0015790760149 -0.031524137368
-1.35651326561 -0.258308253042 0.00392717211603 0.0188946858527
-1.0 1.01506105109e-15 2.73582488572e-16 3.10503900083e-19
-0.685170220467 0.285046358594 -0.0114279709454 -0.0246276413149
-1.60687954171 -0.614808938961 0.0310376291647 0.0542664384286
-0.134800506415 0.974400771844 -0.0593396362904 -0.0884819795301
-2.07422451737 -1.3394088209 0.0978814617027 0.128398834498
0.215173155625 1.68181831861 -0.154145430271 -0.181615595985
-2.2317326981 -1.97339744751 0.279710047669 0.300332236328
1.59264240089 2.18711884991 0.985533423301 0.974515804886
