20.4455695082 7.02814730872 0.106678401451 0.106678401451
-1.50712355677 -1.04901399159 -0.0386198285181 -0.0386198285181
-0.514114385971 0.307929603875 0.0178365494932 0.0178365494932
-1.4756180925 -0.271186319673 -0.00767553570551 -0.00767553570551
-0.53013025412 0.267143758972 0.00159110820153 0.00159110820153
-1.46682031505 -0.277059590934 0.00250208821776 0.00250208821776
-0.533773146034 0.302280180305 -0.00547555138759 -0.00547555138759
-1.46926441858 -0.360416784956 0.00775818913588 0.00775818913588
-0.519340534571 0.572179592527 -0.00958585460569 -0.00958585460569
-1.52256778397 0.440298348402 0.0110991898635 0.0110991898635
-0.126123579419 0.505254789005 -0.0123874688029 -0.0123874688029
-0.189032368995 1.04291596024 0.0135102877648 0.0135102877648
-0.464756063691 1.04458269212 -0.0145091551538 -0.0145091551538
-0.550007044557 0.91496314833 0.0154140807819 0.0154140807819
0.453730057694 1.1123262946 -0.0162475222392 -0.0162475222392
-0.410057605917 0.859611907857 0.0170268583187 0.0170268583187
0.342506485647 1.19624224005 -0.0177660060442 -0.0177660060442
0.0851377900113 0.396008152046 0.0184765236671 0.0184765236671
1.57976040476 -0.113915331235 -0.0191683993197 -0.0191683993197
0.476342604094 0.82388316267 0.0198506480202 0.0198506480202
1.50063770677 0.105152772261 -0.0205317974483 -0.0205317974483
0.512602547012 -1.02289099696 0.0212203202937 0.0212203202937
1.47759666952 0.260903601276 -0.0219250606741 -0.0219250606741
0.532391507366 -0.202280172242 0.0226557009985 0.0226557009985
1.45129196618 0.145154320532 -0.0234233233872 -0.0234233233872
0.599964344028 0.468372950829 0.0242411386667 0.0242411386667
-0.151922539133 1.39048483288 -0.0251254920612 -0.0251254920612
-0.809268038095 0.527935511748 0.026097320507 0.026097320507
-0.21336915846 0.515402858526 -0.027184357638 -0.027184357638
-0.713947134766 0.493592867073 0.0284246127249 0.0284246127249
-0.726195223151 0.433937334021 -0.0298721081928 -0.0298721081928
-1.33694075377 1.16931498143 0.0316068269117 0.0316068269117
-0.651976512645 0.221242791857 -0.0337530077361 -0.0337530077361
-1.31590934603 -0.0697992746554 0.0365153267304 0.0365153267304
0.260576432981 0.999811613869 -0.0402573720228 -0.0402573720228
-1.47005819052 -0.209389867182 0.0456940932212 0.0456940932212
-0.56822265952 0.177173820536 -0.0544530895758 -0.0544530895758
-1.40583362818 -0.164825601163 0.0712166405387 0.0712166405387
-0.644328071431 0.154305322369 -0.117232928949 -0.117232928949
-0.605320661846 -0.135774788335 0.865343171344 0.865343171344
