14.5597968739 7.02806652801 0.0878094067108 0.0878094067108
-0.386143639756 -1.00474713763 -0.0299737243302 -0.0299737243302
0.449545541297 -1.0417833869 0.0120390973011 0.0120390973011
-0.722367005631 -0.681768706083 -0.00322348195754 -0.00322348195754
-0.778648342109 0.133791661678 -0.00207029023193 -0.00207029023193
-1.27765982537 0.415609606937 0.00563791865112 0.00563791865112
-0.710318223405 1.30355604381 -0.0082327891933 -0.0082327891933
-1.28030571987 0.750017822267 0.0102266236483 0.0102266236483
0.13076981172 1.22940812474 -0.011824197472 -0.011824197472
-1.09633857443 0.780085842262 0.0131477865421 0.0131477865421
0.103114266969 1.21564542509 -0.0142750899139 -0.0142750899139
-1.16855484724 0.785498015914 0.0152580228411 0.0152580228411
0.602466618556 1.21574552291 -0.0161327714552 -0.0161327714552
-0.51219270713 0.780571747406 0.0169255156343 0.0169255156343
0.466745148956 1.22653172117 -0.0176558596291 -0.0176558596291
-0.427627244074 0.759821129212 0.0183389840367 0.0183389840367
1.26098251985 1.27157999664 -0.0189870538115 -0.0189870538115
-0.21663445214 0.60623358252 0.0196101795032 0.0196101795032
1.21837391209 0.32225831952 -0.0202171052344 -0.0202171052344
-0.282709428861 1.06185851796 0.0208157301381 0.0208157301381
1.71931780855 0.634839567757 -0.0214135333118 -0.0214135333118
0.363807148209 -0.291034466728 0.0220179527486 0.0220179527486
1.60422182701 0.254053576938 -0.0226367598356 -0.0226367598356
0.410351428212 -0.249521971191 0.0232784701722 0.0232784701722
1.58429248709 0.257221921286 -0.0239528384101 -0.0239528384101
0.414004860152 -0.277502177273 0.0246715016407 0.0246715016407
1.59576434423 0.328948095096 -0.0254488679072 -0.0254488679072
0.380262922475 -0.599527651419 0.0263034048467 0.0263034048467
1.68604417436 -0.895925709947 -0.0272595910423 -0.0272595910423
-0.198223843843 -1.17433080731 0.0283509973236 0.0283509973236
0.505858237727 -0.787873401292 -0.0296253730734 -0.0296253730734
-1.3370592122 -1.25054459595 0.0311534737046 0.0311534737046
-0.535841692521 0.213723429322 -0.0330453170173 -0.0330453170173
-1.51671059844 -0.320368829757 0.0354823822929 0.0354823822929
-0.430162328452 0.574561255286 -0.0387875907689 -0.0387875907689
-1.66672179439 0.464468050511 0.04359740178 0.04359740178
0.125545664807 0.467104513158 -0.0513657886783 -0.0513657886783
-1.05580619362 1.07035362329 0.0663005423375 0.0663005423375
0.0146450048472 1.04854679573 -0.107755572169 -0.107755572169
-0.262551594152 0.152606182843 0.891807092478 0.891807092478
