13.0 9.0 6.00120553851e-18 4.20084387696e-17
0.0932554562168 1.6112266712 -0.0455912004152 -0.0387739529946
-2.01469570472 0.44030248218 0.064087212014 0.0512034122389
-0.151200344816 1.50434008693 -0.0737440247271 -0.0557108302197
-1.05628319362 0.552415425351 0.0783960589044 0.0562728570465
0.208306084843 1.39126197132 -0.0793614920985 -0.0543227039723
-1.35869654079 0.66260993983 0.077259756304 0.050565236266
0.51737551375 1.28861714223 -0.0724783124581 -0.0454420084493
-1.71160602489 0.750565114685 0.0653288358315 0.0392864535487
1.16490159293 1.23170969096 -0.056107567004 -0.032384035739
0.521678893647 0.695767868061 0.0451195981258 0.024997171394
1.34771466731 -0.0470163258483 -0.0326873549534 -0.0173751995037
0.803635191888 0.00780491480543 0.019151217155 0.00975735611871
1.0478439631 -0.00141616627471 -0.00486577125304 -0.00237226171898
1.09255645438 -0.00424138649251 -0.00980662316849 -0.00456436229954
0.777238282313 0.0172367343561 0.0245041202687 0.0108528231536
1.34289040066 -0.0423991167689 -0.0388751951672 -0.0163128852412
0.541758510041 0.0877546005582 0.0525900978881 0.0207871453423
1.59733419745 -0.183353540014 -0.065354768996 -0.024144110531
-0.0914086527981 0.660930362821 0.0769294448982 0.0262808009946
0.391477403494 1.02913945991 -0.0871576234267 -0.0271247442289
-0.455801629162 1.06924695524 0.0960206839908 0.0266352593538
0.470117339311 0.863071295886 -0.103764952602 -0.0248039550539
-0.465543890752 1.19251407475 0.111275632164 0.0216543833936
0.496583750675 0.765525889899 -0.121589819422 -0.0172408038475
0.795280605789 1.23804286801 0.150987788311 0.0116460144956
0.0298681339999 -0.344541872366 0.990917532386 -0.00497819442303
0.0287073450182 -6.96329016793 0.0230106149491 -0.00263333900444
-0.142882501695 -1.75293311844 -0.0409516834957 0.0110436460451
0.291553817473 -0.290715609323 0.0393421054492 -0.0200993350737
-0.503629947035 -1.7208403819 -0.0313992084968 0.0296481758853
1.26316343793 -0.259548444393 0.020054507889 -0.0395528311575
-0.0118631320729 -1.75807120967 -0.00643864575414 0.0497124394316
0.348456001511 -0.230136250071 -0.00888826316303 -0.0601009854277
-0.194727238312 -1.77382823284 0.0256945320478 0.0708461268973
1.708355579 -0.231432002535 -0.0441629498472 -0.0824207239241
-1.26678225881 -1.75242931276 0.0654258779211 0.0962176704529
1.35674771363 -0.27882174447 -0.0939071983447 -0.116907271432
-0.133623872227 -1.65078043558 0.155038980921 0.170159050841
1.02464729802 0.793279336251 0.998160219538 0.990779592424
