19.0 6.0 1.49087091878e-16 -9.51619735393e-18
1.81486983627 0.748808586816 -0.076325227494 -0.065274066465
-3.69409074954 -0.000542488534734 0.102932953029 0.0826840358104
1.48199364379 1.83954547793 -0.108973096592 -0.0825748769302
-3.2101175143 0.269732038939 0.101383119416 0.0726962057638
1.03831420205 1.63321115813 -0.0836690470936 -0.0568941875269
-1.19663150102 0.401170417985 0.0588079262804 0.0379733699956
-0.493454727604 0.172341725868 -0.0298592407517 -0.0183199571557
-5.3290705182e-16 1.0 -1.33579814732e-17 1.23777592385e-17
-1.2922003976 0.919129823893 0.0276347755717 0.015292134507
0.362557274446 1.24454756441 -0.0501784798561 -0.026318230073
-1.23052776394 0.124217362694 0.0652643252589 0.0323661409913
-0.061226726984 0.46261251709 -0.0712224876032 -0.0332826241756
-0.541783663859 1.12524906574 0.0672153579264 0.0294589944742
-0.940930093031 0.964169935338 -0.0532919690924 -0.0217678317245
-1.02227121255 1.00669428351 0.0303501365467 0.011455450694
-5.07530525543e-16 1.0 -7.50686341726e-18 1.00731185443e-17
0.194550137438 1.00069857631 -0.0356788023439 -0.011051161029
-0.351274747899 1.00022247665 0.0745153556474 0.0202489172187
0.465079003052 0.991591249 -0.114880199191 -0.0263982196614
-0.520872323926 1.02567113153 0.15708574815 0.028686913652
0.50949614149 0.954468312201 -0.208390455552 -0.0267748595667
-0.430810194899 1.01600273151 0.321166792613 0.0208345562848
0.296152240343 -0.398416707852 0.96297652129 -0.011539283596
1.0 -3.0 -4.88894672051e-20 2.61514459426e-18
0.819608626536 -0.527144511562 -0.0529314254002 0.0123426410647
1.39361888657 0.697208711642 0.0588237860273 -0.0238602497832
0.403686170824 -1.34867798253 -0.0496766926627 0.0328981842676
1.77974800775 -0.0102080786131 0.0347563423361 -0.0379398634276
-0.0599537853118 -0.624282321422 -0.0191378240746 0.0377563634522
0.625600030732 -0.697503798452 0.00644923262763 -0.031524137368
0.73407801755 -0.0776063425201 0.000574728696954 0.0188946858527
5.3290705182e-16 -1.0 -1.29072613481e-18 3.10503900083e-19
1.10123689984 -0.141888417206 -0.00933550680791 -0.0246276413149
0.638056177792 0.168725998611 0.0279482083557 0.0542664384286
1.17905214255 -0.666749164903 -0.0561158385388 -0.0884819795301
-1.003233766 -0.834075533459 0.0951162103226 0.128398834498
2.79918965965 0.31326680216 -0.152156601511 -0.181615595985
-2.53324990256 -1.70773362465 0.278564404604 0.300332236328
2.66002768662 0.955543023745 0.98597125558 0.974515804886
