6.0 13.0 -6.34413156929e-18 -9.51619735393e-18
1.94885647033 1.01829791162 -0.0394714251169 -0.065274066465
-0.0222534230794 -2.91904068487 0.0417464178508 0.0826840358104
1.98353507286 0.678901724296 -0.0354571814227 -0.0825748769302
0.140669609632 -2.07896859762 0.0268711922892 0.0726962057638
1.67391588654 1.43169141444 -0.0182411084556 -0.0568941875269
0.547778744604 -1.0972446771 0.0106023756711 0.0379733699956
1.21951046775 -0.594224666687 -0.00445824066238 -0.0183199571557
1.0 -1.01506105109e-15 -4.08605252259e-18 1.23777592385e-17
0.815193390529 -0.264662795368 0.00279953881131 0.015292134507
1.31762446957 0.519981550205 -0.00412871978226 -0.026318230073
0.61366308265 -0.758456841813 0.00428822910961 0.0323661409913
1.3836913991 1.23027622427 -0.00364307089361 -0.0332826241756
0.697167209984 0.2046313356 0.00257487392938 0.0294589944742
1.09928528844 0.386787353108 -0.00143694448176 -0.0217678317245
-0.247849120001 0.945699837861 0.000515441463658 0.011455450694
-2.86696837233e-16 1.0 -4.10109030464e-17 1.00731185443e-17
0.214020818655 1.12824480316 -3.35426135944e-05 -0.011051161029
-0.418127266033 0.734948452233 -0.000373271440464 0.0202489172187
0.636400951563 1.3810542658 0.00107194605312 -0.0263982196614
-1.11988568894 0.539688054852 -0.00183045914349 0.028686913652
-0.278037651317 1.50179158487 0.00236748367294 -0.0267748595667
-0.367527841669 0.443321400325 -0.00239425297913 0.0208345562848
-0.898441398509 0.171617468771 0.00166038677352 -0.011539283596
-5.25352003635e-16 1.0 3.70900141075e-17 2.61514459426e-18
-0.0302695401811 0.893322778676 -0.00262487267193 0.0123426410647
0.0640943795593 1.29939576021 0.0060848115699 -0.0238602497832
0.344010590293 0.0833684236995 -0.0100454899154 0.0328981842676
1.52086531839 0.186509002022 0.0139236056662 -0.0379398634276
0.513705964178 -0.239745465473 -0.0168136745914 0.0377563634522
1.405942883 0.193156934718 0.0173275985979 -0.031524137368
0.751068686017 -0.0610422862256 -0.0131835414343 0.0188946858527
1.0 1.0 1.43510730308e-17 3.10503900083e-19
1.35530113377 0.373266941738 0.0330446811554 -0.0246276413149
0.158277498466 -0.0140438923734 -0.126175176574 0.0542664384286
2.30296985676 1.95788591801 0.695879427967 -0.0884819795301
-5.50556777013 -2.92115977242 0.765232370883 0.128398834498
-6.06443154362 0.510263154844 -0.39603589392 -0.181615595985
-0.204867600904 -0.50360710756 0.401050665624 0.300332236328
0.449709671742 1.63809449219 0.935020104725 0.974515804886
