16.3879281601 8.13100429823 0.220099609998 0.228394319123
-1.61437909964 -0.205255068941 -0.0793333873389 -0.0887608147718
0.177458077952 0.765253926191 0.0407309169066 0.0512593452856
-1.32886181942 0.2300848288 -0.0220717357546 -0.0336839201125
-0.591190419103 1.14884113764 0.010694367956 0.0233866599225
-1.42634690087 0.276528952264 -0.00277025849795 -0.0165524236952
-0.591752414201 0.639135291312 -0.00326181718146 0.0116338917405
-0.977691003147 0.444353838488 0.00816394369735 -0.00788410197502
0.843420629153 1.06540116531 -0.0123585234133 0.00489785545886
0.0305138678235 0.156913823908 0.0161051222829 -0.00243598046027
1.04480380312 0.736797809004 -0.0195794461177 0.000347875480408
-0.263084937982 0.488887618594 0.0229133713717 0.00146633425725
0.37732661011 1.40628369816 -0.0262182557874 -0.00307581770902
-0.43213623837 0.614540078173 0.0296013884888 0.00453032886127
0.503894485932 1.41997153543 -0.0331811583741 -0.00586692218603
-1.001387672 0.0973921600714 0.0371057815082 0.00711413563019
-0.691082828794 0.230007144509 -0.0415825277795 -0.00829470912487
-1.3640944886 -0.557984751417 0.0469313946039 0.00942742743286
-0.601645945007 -0.957618183436 -0.0536971941718 -0.010528428379
-0.475054991515 -1.07957807856 0.0629168437234 0.0116121843579
0.433791407964 -0.942810996988 -0.0768746614989 -0.0126922919665
0.171099308176 -0.38387519326 0.101849419852 0.0137821651972
0.885123849877 -0.884264019615 -0.163808437252 -0.014895708922
0.0917672294478 -0.575039705961 0.66935665432 0.0160480456724
0.154616655533 -1.28157445014 0.211137940251 -0.0172563788722
-1.39658374308 -1.30375479055 -0.0702197120287 0.0185411027431
-0.601791425967 -0.712555402618 0.0313320236875 -0.0199273215981
-1.31576761836 -0.457250703807 -0.0122368829981 0.0214470371144
1.03297638393 -0.936913710737 0.000244221844048 -0.0231424380784
-0.0430694490438 -0.971180448601 0.00851863593239 0.0250710596276
1.29369397482 -0.25205788005 -0.0156803444475 -0.0273142361881
0.656158396484 -0.645378714194 0.022107543903 0.0299916458781
1.3591493062 0.160422956905 -0.0283899631958 -0.0332878186546
0.638293929607 -0.976858980336 0.0350679867108 0.0375039671711
1.35115479855 0.428895369219 -0.0428208903125 -0.0431687657929
0.693553054806 -1.19757765169 0.0527709936228 0.0513046593655
0.925220133073 0.901175265555 -0.0672581872414 -0.0641823695324
-0.542834575956 0.742559721768 0.0925975835157 0.0880672546544
0.49357279006 1.33740076834 -0.154779650516 -0.14891272833
-0.468579463506 0.172404615766 0.660422744278 0.653308608648
