9.9239360019 4.60978401191 0.228394319123 0.228394319123
-0.737736183679 0.947687298223 -0.0887608147718 -0.0887608147718
-0.272455466948 1.02948752633 0.0512593452856 0.0512593452856
-0.713354798617 0.179556759048 -0.0336839201125 -0.0336839201125
-0.306482517983 1.15912583896 0.0233866599225 0.0233866599225
-0.661800096647 0.877708400215 -0.0165524236952 -0.0165524236952
-0.407935340022 1.0968431669 0.0116338917405 0.0116338917405
-0.0775524309047 0.942215001795 -0.00788410197502 -0.00788410197502
-0.0512120407366 0.922044803249 0.00489785545886 0.00489785545886
-0.809826144687 0.182969896863 -0.00243598046027 -0.00243598046027
0.251833825468 1.35203711616 0.000347875480408 0.000347875480408
0.0220676051429 0.517069732657 0.00146633425725 0.00146633425725
0.832668386338 0.538785804037 -0.00307581770902 -0.00307581770902
0.291803405331 1.03533534217 0.00453032886127 0.00453032886127
1.53569818196 -0.108122346205 -0.00586692218603 -0.00586692218603
0.0330564870286 0.611040029739 0.00711413563019 0.00711413563019
1.03916139579 0.265887965458 -0.00829470912487 -0.00829470912487
0.863919332627 -0.109104915464 0.00942742743286 0.00942742743286
1.10704935075 0.0224621759815 -0.010528428379 -0.010528428379
0.118510171641 -0.774356140945 0.0116121843579 0.0116121843579
1.19025136205 0.0720433619094 -0.0126922919665 -0.0126922919665
0.911297702041 0.0358137429341 0.0137821651972 0.0137821651972
0.782143270496 -0.346498011016 -0.014895708922 -0.014895708922
0.347273590841 -0.520901453536 0.0160480456724 0.0160480456724
0.416499174316 -0.71833271804 -0.0172563788722 -0.0172563788722
0.0913027808072 -0.770368043258 0.0185411027431 0.0185411027431
0.783367093949 -0.359814847338 -0.0199273215981 -0.0199273215981
-0.48679208766 -1.33585309867 0.0214470371144 0.0214470371144
0.415447875513 -0.749690312045 -0.0231424380784 -0.0231424380784
-0.388412159072 -1.19218277203 0.0250710596276 0.0250710596276
0.403603759475 -0.887579792338 -0.0273142361881 -0.0273142361881
-0.846619759128 -0.598750447856 0.0299916458781 0.0299916458781
-0.201247532441 -0.518020685879 -0.0332878186546 -0.0332878186546
-0.770515791717 -1.37245813267 0.0375039671711 0.0375039671711
-0.261592026776 -0.11462425677 -0.0431687657929 -0.0431687657929
-0.674631523965 -0.879576667159 0.0513046593655 0.0513046593655
-0.734560232482 0.273862478758 -0.0641823695324 -0.0641823695324
-1.25114814239 -0.907996981379 0.0880672546544 0.0880672546544
-0.800686596482 0.111805090251 -0.14891272833 -0.14891272833
-0.724511699295 -0.155697557307 0.653308608648 0.653308608648
