10.6605022939 10.6318878334 0.124357347884 0.124357347884
0.501572663334 -0.504715415878 -0.0465496018039 -0.0465496018039
0.446772972083 -0.81407797119 0.0231456066618 0.0231456066618
1.00069603143 -1.22002272311 -0.0117629979388 -0.0117629979388
1.05827556724 -0.770674765789 0.00496572276495 0.00496572276495
0.932866440104 -1.22717002171 -0.000400801248046 -0.000400801248046
1.04855494993 0.170076348054 -0.00291140082762 -0.00291140082762
1.01874390383 -0.0659227520304 0.00545183133335 0.00545183133335
0.623825610069 1.50366088354 -0.00748450148936 -0.00748450148936
0.332770823495 0.0408228253777 0.00916663895575 0.00916663895575
0.687904150483 0.883871519486 -0.0105979426602 -0.0105979426602
-0.449552902504 0.882563806955 0.0118449118346 0.0118449118346
0.407097406933 1.17792074206 -0.0129538288559 -0.0129538288559
-0.416319011214 0.788613437962 0.0139581330042 0.0139581330042
0.487826329202 1.23890223528 -0.014882832681 -0.014882832681
-1.04110333806 0.73067049627 0.0157472685935 0.0157472685935
0.0217611468148 1.31385695606 -0.0165669188244 -0.0165669188244
-0.314588911912 0.584603471481 0.0173546290927 0.0173546290927
-0.513982329958 0.53924479447 -0.0181214915743 -0.0181214915743
-0.551535945761 0.424854760629 0.0188775093762 0.0188775093762
-0.415863612305 0.554202482707 -0.0196321364047 -0.0196321364047
-0.584273781133 0.975852385226 0.0203947569906 0.0203947569906
-1.09256951736 1.14527850368 -0.0211751580107 -0.0211751580107
-0.989506878701 0.708978529878 0.0219840448252 0.0219840448252
-0.971614555136 0.380004951081 -0.0228336607254 -0.0228336607254
-1.0508841617 0.644807387894 0.0237385902642 0.0237385902642
-0.934815768084 -0.0972147444396 -0.0247168663876 -0.0247168663876
-1.0753467159 0.0448237154684 0.0257915733995 0.0257915733995
-0.909209120406 -0.793279740324 -0.0269932704425 -0.0269932704425
-0.105432875297 -1.13349450226 0.0283638121667 0.0283638121667
0.0805783778764 -0.873075823804 -0.0299626444076 -0.0299626444076
-0.0604874127727 -1.12890920305 0.0318777083108 0.0318777083108
0.0068800372331 -0.866463018198 -0.0342454716833 -0.0342454716833
0.654396293926 -1.14297570474 0.0372904836761 0.0372904836761
0.377071979665 -0.818384267819 -0.0414109999446 -0.0414109999446
0.687194502028 -0.217465907493 0.0473884122849 0.0473884122849
-0.0292522562947 -1.1032787384 -0.0569957016241 -0.0569957016241
0.407142831252 -0.514757245757 0.0753047087293 0.0753047087293
0.696392404957 -0.424694004465 -0.125042434478 -0.125042434478
-0.419721663839 -0.585091729284 0.839300801651 0.839300801651
