15.0 27.0 3.08395284618e-18 3.08395284618e-18
1.61566489639 2.03159288871 -0.0512947984164 -0.0512947984164
-1.50575527493 -3.85171687365 0.0654854967475 0.0654854967475
1.33962320983 1.5730814402 -0.0671638034914 -0.0671638034914
-1.11905876118 -3.21551908954 0.0622374651096 0.0622374651096
0.831313695822 0.805622755575 -0.0533606146381 -0.0533606146381
-0.320102213736 -2.37345274677 0.0422780161694 0.0422780161694
1.45927850913 -0.0501840539039 -0.0303701033022 -0.0303701033022
-0.539448671536 -1.56373004842 0.0187824884574 0.0187824884574
0.22844566029 -0.759650019727 -0.00843528207301 -0.00843528207301
-9.86864910778e-17 -1.0 -6.16790569236e-18 -6.16790569236e-18
-0.18988825885 -1.13950879306 0.0061227688875 0.0061227688875
0.384416079669 -0.857714578498 -0.00981047251521 -0.00981047251521
-1.09203986092 -0.512169259305 0.0112044720555 0.0112044720555
-0.691261195923 0.27343789704 -0.0106736604121 -0.0106736604121
-1.43185843902 -0.0558381134335 0.00875829969108 0.00875829969108
-0.270931712404 -0.3769577416 -0.0060991304882 -0.0060991304882
-0.368877761397 -0.838958983347 0.00335856666438 0.00335856666438
-0.876964401301 -0.0378715341483 -0.00114172080001 -0.00114172080001
0.00729524611055 -1.01683304558 -7.49097348613e-05 -7.49097348613e-05
-1.0 -1.23358113847e-17 -6.16790569236e-18 -6.16790569236e-18
-0.193734848144 -0.876385752201 0.00143643639137 0.00143643639137
0.290427908533 -1.0542773229 -0.00407087008485 -0.00407087008485
-0.447999447306 -1.11412106643 0.00751925832543 0.00751925832543
1.05628268132 -0.253958798745 -0.01121387611 -0.01121387611
0.267313052332 -0.417252704551 0.0144601958487 0.0144601958487
0.392977946154 -1.14436807914 -0.0165079463602 -0.0165079463602
1.04656703665 -0.814943827465 0.0166289190243 0.0166289190243
1.03322242898 0.138322998445 -0.0141931645695 -0.0141931645695
0.973321206501 -1.20575694365 0.00873494383417 0.00873494383417
1.0 -2.96059473233e-16 -1.23358113847e-17 -1.23358113847e-17
0.131008067483 1.24036886536 -0.0120340513397 -0.0120340513397
0.543843014511 0.394003017919 0.0271733037616 0.0271733037616
0.963415966982 2.01286870674 -0.0450732516507 -0.0450732516507
-1.00508104405 -0.446999789688 0.0653874300094 0.0653874300094
1.16461602795 2.88427959581 -0.0880998556212 -0.0880998556212
-1.33345256873 -1.29794985913 0.114429954317 0.114429954317
1.4824414518 3.66555946995 -0.150368308578 -0.150368308578
-1.59466977094 -1.99791411784 0.233492242324 0.233492242324
1.65853903281 2.92156217363 0.983606673679 0.983606673679
