11.8094868203 13.661237695 0.0909040274471 0.0878094067108
0.850595660765 -1.28112666776 -0.0313391356028 -0.0299737243302
1.12416124356 0.480328633152 0.0116440071276 0.0120390973011
0.951697985177 -0.395478768356 -0.00101318899257 -0.00322348195754
0.60789655068 0.0253143275759 -0.00617679091869 -0.00207029023193
0.30509933808 -1.66737256486 0.0117524646963 0.00563791865112
0.752778856433 -0.364186297907 -0.0165047819437 -0.0082327891933
-0.521044726456 -1.64990312406 0.020852887084 0.0102266236483
0.460245922344 -0.308476341803 -0.0250634855749 -0.011824197472
-0.415417678611 -1.77684257498 0.0293424946939 0.0131477865421
0.250535569659 0.0467015235965 -0.0338846197373 -0.0142750899139
-1.63702340956 -1.03971621623 0.0389119083784 0.0152580228411
-0.388631515147 0.0234164342467 -0.0447192016428 -0.0161327714552
-1.6326994324 -0.586161022636 0.0517475963662 0.0169255156343
-0.319651214343 1.40244743586 -0.0607287232744 -0.0176558596291
-1.76100409408 -0.475111553121 0.0730132019462 0.0183389840367
-0.0820470792339 0.787948622967 -0.0914489339136 -0.0189870538115
-1.1106897961 -0.0325504047741 0.123317658921 0.0196101795032
0.31795973783 1.27417534827 -0.194594156964 -0.0202171052344
-1.5958264174 -0.719433847499 0.518197012529 0.0208157301381
5.06483907362 3.9277673552 0.609138742864 -0.0214135333118
4.47931039754 2.68615732142 -0.173919711563 0.0220179527486
-0.771541354821 -0.0679254444654 0.0938086814618 -0.0226367598356
0.406620472038 1.43929239656 -0.0594937567957 0.0232784701722
-0.186874519733 0.810349641646 0.0400335002915 -0.0239528384101
0.0305849805707 1.04274508799 -0.0272087553671 0.0246715016407
0.129781844616 1.06424405547 0.0178908741786 -0.0254488679072
-0.530686027064 0.838234482147 -0.0106194927058 0.0263034048467
-0.49548443119 1.29376822775 0.00461028941218 -0.0272595910423
-0.469078264953 0.105386776897 0.000609280646987 0.0283509973236
-1.15975048919 0.859118297535 -0.00535878942233 -0.0296253730734
-0.943544662365 0.121038529151 0.00988681513955 0.0311534737046
-1.0008111437 0.0489403822339 -0.01442510825 -0.0330453170173
-1.03595180046 -0.110727367871 0.0192418134913 0.0354823822929
-0.93768704265 0.144024681402 -0.0247237779976 -0.0387875907689
-1.08140364422 -0.160708698986 0.0315562304743 0.04359740178
-0.906196531277 0.158403676144 -0.0412316274182 -0.0513657886783
-1.09679496426 -0.108977119286 0.0579892183485 0.0663005423375
-0.926965693545 -0.549435134601 -0.10120963072 -0.107755572169
-0.312566298258 -0.50246333852 0.886992741084 0.891807092478
