21.0 4.0 -9.51619735393e-18 -9.51619735393e-18
1.99026732118 1.61636050187 -0.065274066465 -0.065274066465
-3.75497297629 -0.425221873621 0.0826840358104 0.0826840358104
1.42288047045 1.03232208383 -0.0825748769302 -0.0825748769302
-3.01142789904 0.762773667118 0.0726962057638 0.0726962057638
0.548130132939 1.24692928553 -0.0568941875269 -0.0568941875269
-2.06416625816 0.796932403829 0.0379733699956 0.0379733699956
-0.410895575763 1.12635490093 -0.0183199571557 -0.0183199571557
-3.04518315326e-16 1.0 1.23777592385e-17 1.23777592385e-17
-1.29283003373 -0.028418479672 0.015292134507 0.015292134507
0.325607823418 0.794069460385 -0.026318230073 -0.026318230073
-1.12786872427 1.06393531779 0.0323661409913 0.0323661409913
-0.268068156017 0.993898793428 -0.0332826241756 -0.0332826241756
-0.0625402045467 0.979369679312 0.0294589944742 0.0294589944742
-0.0568581388435 1.02679289803 -0.0217678317245 -0.0217678317245
-1.1166409817 0.98186566134 0.011455450694 0.011455450694
4.06024420434e-16 1.0 1.00731185443e-17 1.00731185443e-17
0.211349976813 1.02202340442 -0.011051161029 -0.011051161029
-0.349824381928 0.957709232452 0.0202489172187 0.0202489172187
0.423160814033 1.05550355713 -0.0263982196614 -0.0263982196614
-0.422727641034 0.942890318229 0.028686913652 0.028686913652
0.338552400411 1.04351689223 -0.0267748595667 -0.0267748595667
-0.125057588472 0.988232948061 0.0208345562848 0.0208345562848
1.25941990695 0.95721607486 -0.011539283596 -0.011539283596
1.0 -1.01506105109e-16 2.61514459426e-18 2.61514459426e-18
0.790206467132 -0.120299004402 0.0123426410647 0.0123426410647
1.36826029555 0.25954732924 -0.0238602497832 -0.0238602497832
0.571098104055 -0.824230805802 0.0328981842676 0.0328981842676
1.13193820801 -0.932607273438 -0.0379398634276 -0.0379398634276
-0.742849504758 -1.13368119842 0.0377563634522 0.0377563634522
0.536673118938 -0.854549191301 -0.031524137368 -0.031524137368
-0.283332140166 -1.11033782939 0.0188946858527 0.0188946858527
3.04518315326e-16 -1.0 3.10503900083e-19 3.10503900083e-19
-0.569776894633 0.0519232556418 -0.0246276413149 -0.0246276413149
-1.10620512769 -0.916883652043 0.0542664384286 0.0542664384286
0.96062056329 -0.3757139993 -0.0884819795301 -0.0884819795301
-3.15797660892 0.0335981334652 0.128398834498 0.128398834498
1.45080725895 0.141637800121 -0.181615595985 -0.181615595985
-3.61662324094 -0.284326050973 0.300332236328 0.300332236328
3.06881207193 0.416580044838 0.974515804886 0.974515804886
