19.0 7.0 -1.34572487833e-17 6.72862439167e-18
2.91246278662 1.51482313909 -0.0703321106947 -0.0915924040904
-4.25385374998 -1.3422379717 0.0741976662618 0.108168727803
1.35999837214 0.987004695012 -0.0570394125228 -0.0930047642914
-2.38201894218 -0.447176511697 0.0337335517486 0.0615938384848
-0.511411089143 1.35961021493 -0.0120575123063 -0.02473802562
-0.861476499909 1.11796336964 -0.00380904540105 -0.00883371268776
-0.725129479129 0.575312510322 0.012374397025 0.0327359575025
0.269064082967 1.55917059559 -0.0142350312865 -0.043532895711
-1.63716006607 0.473971005191 0.0113729034707 0.040993638597
0.772835182604 1.35803547894 -0.00635393742957 -0.027787485742
-0.214861083671 0.887831230938 0.00155597267903 0.00864068647186
-0.253904466361 0.85743158417 0.00142510325321 0.0108730445906
0.573214687448 1.34040960973 -0.00207779825996 -0.0256471788823
-0.694947225944 0.56676595352 0.000940845055966 0.0321783640477
0.614496979162 1.40080473301 0.000732993237886 -0.0292826634529
-0.373397636042 0.745428636787 -0.00150919778399 0.0182473481505
0.0480333923059 1.03425501746 0.000347959357008 -0.00240118236081
0.270098204167 1.20193788941 0.00293690979597 -0.0137836690885
-0.497155110924 0.60882267888 -0.00746988140478 0.0258411668186
0.57709900905 1.48065694187 0.0114295264346 -0.0304408689144
-0.494075072869 0.560780222082 -0.0124835987081 0.0262325057699
0.272145561881 1.26108488191 0.00846219648042 -0.0142069965659
0.0537611302002 1.05614239921 0.00186757670232 -0.00251385840185
-1.08744354521 -0.155651755812 -0.0180771750922 0.0194158903943
-0.78194395681 0.483271612364 0.0375072881675 -0.0316944674954
-0.964663270602 -0.893920770472 -0.0547997251425 0.0354696980658
0.414699466492 -0.728730197516 0.0609926795114 -0.0288352382472
-0.0973502175844 -1.1358004081 -0.0395592866424 0.0124941783925
0.845180120402 -0.279923787277 -0.059069284556 0.0101752137761
0.652892424212 1.14099094105 0.866746834904 -0.033654482335
0.150228136132 -3.96341538033 0.58986965821 0.0513138542459
3.06445625316 -3.45989554617 -0.273585042641 -0.0567073208219
-0.0846089574326 0.616566047172 0.138430004445 0.0448211313347
1.26576187409 -0.074360467069 -0.0294661031567 -0.0129083110059
1.72084419996 -0.864348211902 -0.071720604222 -0.0395607975914
-0.807174248667 -1.43664716035 0.169526999299 0.112864080394
3.87024276851 0.163094310493 -0.276018057244 -0.215846696917
-2.85297127451 -0.858927196666 0.484116123463 0.43661117861
3.89833429184 1.25856663598 0.925338039234 0.950423728894
