12.0 11.0 -5.35969736026e-17 5.35969736026e-17
4.10726613914 4.11679535808 -0.168587797745 -0.141135780989
-2.7403566085 -0.848331492524 0.164757567499 0.129841883884
0.998715449577 1.58172165839 -0.0716348128537 -0.0534304078756
0.463747403974 1.21988698388 -0.0366658817404 -0.0259875743926
-1.20064726452 0.610267008662 0.0981860214743 0.0663251854744
1.19820165367 1.03868574676 -0.0869558391741 -0.0561007594754
0.846979000717 -0.113052200619 0.0213299067702 0.0131614568064
0.611061464809 -0.160056373096 0.0510842322498 0.0301699355757
1.63340245328 0.0945898845862 -0.0835384245709 -0.0472297991906
0.567294287697 0.139828616774 0.0578270457902 0.0312837744598
0.952629667896 0.98763074602 0.00633256384543 0.00327474825967
1.51378985205 0.395465404654 -0.0651413836517 -0.0321460307856
0.159307760744 0.0440402269751 0.0789462337566 0.0370852084768
0.0984288780905 1.20598344704 -0.0375758023133 -0.0167455062139
0.096133809447 1.11415737167 -0.0326679793474 -0.0137481176416
-0.191880982772 0.804508377325 0.0848172978254 0.033502217209
-0.0216816962502 1.11306322902 -0.0806165404758 -0.0296411902139
-1.0680318147 0.989847359527 0.0159590125919 0.00540070788472
-0.577244806042 1.00393358039 0.0730849018806 0.0224047016561
0.712060305334 0.911756846289 -0.127847948919 -0.0346860899662
-0.436962070312 1.12488628187 0.0984212994592 0.0227915511371
-0.10658920762 1.05250264557 0.0300809076391 0.00559002709689
0.622180575517 0.53239253902 -0.236768676983 -0.0312305600455
-0.803428525404 1.79246385239 0.540863296016 0.0359566970367
0.447571351891 -1.09636968955 0.95947992871 -0.0150452122249
2.12568717364 -8.40037726865 0.151541600074 -0.0187102602867
0.658332833255 -5.88603916122 -0.155092824791 0.0423813444708
-0.0687556383096 1.07041465943 0.0754693188178 -0.0376620004492
0.000616352811585 -1.14812041756 -0.00446020046846 0.00394540578568
0.577319072665 -2.13476321 -0.0227855687517 0.0389187602131
1.24811035857 0.477520385381 0.0127538218978 -0.0610131988939
-0.583779209959 -1.85956861713 0.00283613238196 0.040792314088
-0.261395115807 -1.36566054883 0.00539525402612 0.0188410959769
1.62235713321 0.971734934513 -0.0399745716169 -0.0865488573501
-0.199683715626 -1.50082322936 0.0690987405785 0.11355473607
0.316252342654 -0.609453633949 -0.0382831504514 -0.0521374444278
0.81754404958 -0.132412001992 -0.11987336426 -0.141928876754
-2.45027413225 -3.06328689948 0.659304080561 0.698923378313
3.9019283144 3.95872035838 0.909522293926 0.880292882129
