11.6132105435 21.8261837583 0.156307312843 0.156307312843
-0.197278251771 -1.71037694256 -0.0604105981461 -0.0604105981461
0.148844460497 -0.312732423332 0.0324056816837 0.0324056816837
0.407346443751 -1.67324485441 -0.0189212972355 -0.0189212972355
0.621508211807 -0.340505283399 0.0109108254706 0.0109108254706
0.442428399568 -1.63722967947 -0.00554861910269 -0.00554861910269
0.184345190258 -0.422976518236 0.00166667900169 0.00166667900169
0.274763880619 -1.10489656426 0.00130576214797 0.00130576214797
0.773433555786 0.157749806002 -0.00368099376193 -0.00368099376193
-0.624503541422 -2.01898076332 0.00564453632532 0.00564453632532
0.834760686982 0.243805510664 -0.00731380062431 -0.00731380062431
0.163512654115 -1.26564916739 0.00876697431048 0.00876697431048
0.852653641705 0.31042036986 -0.0100583998287 -0.0100583998287
0.0841235504671 -1.41721011452 0.0112272912889 0.0112272912889
0.0360465073942 -0.387284795816 -0.0123029415953 -0.0123029415953
0.00314193666262 -1.74441122551 0.0133079785363 0.0133079785363
-0.517767798725 0.300406884239 -0.0142604887728 -0.0142604887728
-0.458007687218 -1.34449903989 0.0151754632604 0.0151754632604
0.121887578231 -0.31199984048 -0.0160658279455 -0.0160658279455
-0.984582553975 -0.823081438929 0.0169432213619 0.0169432213619
-0.0364202899207 -0.167405202886 -0.0178186246452 -0.0178186246452
-1.50091714362 -0.279014911622 0.0187029193609 0.0187029193609
0.142081453111 1.0913014286 -0.0196074345917 -0.0196074345917
-1.04217141031 -0.0673021820361 0.0205445426997 0.0205445426997
-0.00317309220087 1.0649377643 -0.0215283724717 -0.0215283724717
-0.98702409116 -0.0821201173076 0.0225757317582 0.0225757317582
0.618750466095 1.7313361784 -0.0237073766361 -0.0237073766361
-1.43406514433 -0.557505170756 0.0249498460653 0.0249498460653
0.708643031859 1.83744665089 -0.0263382316246 -0.0263382316246
-1.1226226139 -0.25126588015 0.0279205376272 0.0279205376272
0.0860377529313 1.20758645864 -0.0297648541249 -0.0297648541249
-1.12742277502 -0.230810817112 0.0319717574586 0.0319717574586
0.361866581049 1.423719922 -0.0346970396354 -0.0346970396354
-0.444113387036 0.611788411687 0.0381964654162 0.0381964654162
0.971294890943 0.869142456727 -0.0429223091236 -0.0429223091236
0.759021231612 -0.575470811304 0.0497583130966 0.0497583130966
1.29468357016 0.384209330864 -0.0606974235981 -0.0606974235981
0.672949722812 -1.35558089659 0.081381681132 0.081381681132
1.38050431583 0.771943757661 -0.136516669727 -0.136516669727
-0.0165459873849 -0.689199557804 0.788824312958 0.788824312958
