14.7459897725 20.7410833176 0.124357347884 0.124357347884
-0.429179102342 -1.44766850597 -0.0465496018039 -0.0465496018039
0.792189221701 -0.546963289285 0.0231456066618 0.0231456066618
0.247583368498 -1.45752424227 -0.0117629979388 -0.0117629979388
0.203543077505 -0.540169308604 0.00496572276495 0.00496572276495
-0.319819950691 -1.46009156926 -0.000400801248046 -0.000400801248046
0.404497483378 -0.541617883919 -0.00291140082762 -0.00291140082762
-0.515572566151 -1.45450869465 0.00545183133335 0.00545183133335
0.901250503661 -0.552127068857 -0.00748450148936 -0.00748450148936
0.147653298828 -1.4371594878 0.00916663895575 0.00916663895575
0.263065405451 -0.580516039033 -0.0105979426602 -0.0105979426602
-0.388282956516 -1.38764183831 0.0118449118346 0.0118449118346
0.509194164028 -0.682332696672 -0.0129538288559 -0.0129538288559
-0.821551933297 -1.04168526442 0.0139581330042 0.0139581330042
-0.155996804035 0.0459442046686 -0.014882832681 -0.014882832681
-0.852404594814 -1.03817846209 0.0157472685935 0.0157472685935
-0.751103338398 0.0252063776254 -0.0165669188244 -0.0165669188244
-1.40326869083 -0.983649734838 0.0173546290927 0.0173546290927
-0.349971327344 1.05336098691 -0.0181214915743 -0.0181214915743
-0.726818221855 -0.0483198490551 0.0188775093762 0.0188775093762
-0.2216717569 1.0466651519 -0.0196321364047 -0.0196321364047
-0.819937170376 -0.0491921907981 0.0203947569906 0.0203947569906
-0.141545347253 1.06112547046 -0.0211751580107 -0.0211751580107
-0.899652140145 0.799774910149 0.0219840448252 0.0219840448252
-0.0466676759502 1.05365341934 -0.0228336607254 -0.0228336607254
-1.0522768054 -0.126093365288 0.0237385902642 0.0237385902642
0.554884583754 1.59066257377 -0.0247168663876 -0.0247168663876
-0.527078167592 0.488486484577 0.0257915733995 0.0257915733995
0.555159064832 1.46183577097 -0.0269932704425 -0.0269932704425
-0.631917307274 0.610295357962 0.0283638121667 0.0283638121667
0.904115642965 1.13577963061 -0.0299626444076 -0.0299626444076
0.0805908682677 -0.150212586188 0.0318777083108 0.0318777083108
0.917709104549 1.19613011227 -0.0342454716833 -0.0342454716833
0.670514203021 -0.853508826158 0.0372904836761 0.0372904836761
1.4824985932 0.828002999074 -0.0414109999446 -0.0414109999446
0.282656589378 -0.97030136975 0.0473884122849 0.0473884122849
0.811162784368 -0.00256992003836 -0.0569957016241 -0.0569957016241
0.122636781129 -1.00046295399 0.0753047087293 0.0753047087293
0.939842028696 -0.0274025096928 -0.125042434478 -0.125042434478
-0.0139355761416 -0.290024004595 0.839300801651 0.839300801651
