13.0 21.0 0.0 0.0
9.91287168127 15.3297757737 -0.210762002478 -0.210762002478
3.10275132178 3.96348352791 -0.0995788526973 -0.0995788526973
-2.11154230327 -4.25276820023 0.07968779845 0.07968779845
-2.65082056234 -4.87169596997 0.106139600382 0.106139600382
-1.66533453694e-16 -1.0 -1.11022302463e-16 -1.11022302463e-16
2.13850002721 1.45782190902 -0.0754005899775 -0.0754005899775
1.81105171515 0.262193037957 -0.0397414064725 -0.0397414064725
0.151914625804 -2.06488658437 0.0339589436473 0.0339589436473
-0.671938330621 -2.46749951416 0.0468595314466 0.0468595314466
-1.11022302463e-16 -1.0 1.38777878078e-17 1.38777878078e-17
1.05053372259 0.0765597395333 -0.0332885775378 -0.0332885775378
1.26065283911 -0.431184076847 -0.0169357945521 -0.0169357945521
0.621015261807 -1.48315903541 0.0135528392455 0.0135528392455
-0.00317030891737 -1.65657901596 0.0167641048937 0.0167641048937
1.7763568394e-15 -1.0 0.0 0.0
0.483892566239 -0.565372837628 -0.00703530978767 -0.00703530978767
0.923896671339 -0.793857758129 -0.00144338409126 -0.00144338409126
0.956078770153 -1.14638623119 -0.00144338409126 -0.00144338409126
0.561109861127 -1.14324232261 -0.00703530978767 -0.00703530978767
3.88578058619e-16 -1.0 -1.38777878078e-17 -1.38777878078e-17
-0.333407077581 -1.03929479895 0.0167641048937 0.0167641048937
-0.197937641125 -1.08049526965 0.0135528392455 0.0135528392455
0.202113912476 -0.862644414308 -0.0169357945521 -0.0169357945521
0.345438954674 -0.68379080025 -0.0332885775378 -0.0332885775378
-5.55111512313e-17 -1.0 2.42861286637e-17 2.42861286637e-17
-0.403312219826 -1.51330867924 0.0468595314466 0.0468595314466
-0.271091440179 -1.38162174846 0.0339589436473 0.0339589436473
0.293468469893 -0.552125157373 -0.0397414064725 -0.0397414064725
0.505803012673 -0.169278965596 -0.0754005899775 -0.0754005899775
-2.77555756156e-17 -1.0 2.77555756156e-17 2.77555756156e-17
-0.426099625491 -1.92276880424 0.106139600382 0.106139600382
0.27285570633 -1.09770221516 0.07968779845 0.07968779845
1.7095144282 1.15429973994 -0.0995788526973 -0.0995788526973
1.99522969048 1.85796381993 -0.210762002478 -0.210762002478
1.11022302463e-16 -1.0 2.42861286637e-17 2.42861286637e-17
-2.53240259971 -4.7332423584 0.502214745871 0.502214745871
-2.04275564709 -3.53098544136 0.935008353658 0.935008353658
3.03686036024 5.11749993919 0.935008353658 0.935008353658
9.8089241576 16.2242927124 0.502214745871 0.502214745871
