11.0 25.0 -9.51619735393e-18 -9.51619735393e-18
2.58445037195 2.70592798321 -0.065274066465 -0.065274066465
-1.33353322317 -4.59042432556 0.0826840358104 0.0826840358104
1.89350283803 2.78902740036 -0.0825748769302 -0.0825748769302
-0.33355207805 -2.82819105888 0.0726962057638 0.0726962057638
0.724874202909 0.622122788114 -0.0568941875269 -0.0568941875269
0.902626526431 -2.0721816007 0.0379733699956 0.0379733699956
0.99080241385 -0.505461960751 -0.0183199571557 -0.0183199571557
2.03012210217e-16 -1.0 1.23777592385e-17 1.23777592385e-17
0.795409530964 -0.499346401283 0.015292134507 0.015292134507
0.55473741693 0.127362168365 -0.026318230073 -0.026318230073
-0.033791639095 -2.22170225246 0.0323661409913 0.0323661409913
1.86610954576 0.238736434731 -0.0332826241756 -0.0332826241756
0.00867404162699 -2.14455715279 0.0294589944742 0.0294589944742
0.485103700828 0.00707112600518 -0.0217678317245 -0.0217678317245
0.860948945984 -0.398732838223 0.011455450694 0.011455450694
0.0 -1.0 1.00731185443e-17 1.00731185443e-17
0.0344619969766 -0.686311120447 -0.011051161029 -0.011051161029
-0.0468742746645 -1.67624020952 0.0202489172187 0.0202489172187
-0.398546959609 0.420489887506 -0.0263982196614 -0.0263982196614
-1.42538167575 -0.792511885409 0.028686913652 0.028686913652
-0.639394195538 1.06745814339 -0.0267748595667 -0.0267748595667
-1.27633168516 0.420229884782 0.0208345562848 0.0208345562848
-0.842915583073 0.159138988249 -0.011539283596 -0.011539283596
-1.0 3.04518315326e-16 2.61514459426e-18 2.61514459426e-18
-1.21837520304 -0.207340537362 0.0123426410647 0.0123426410647
0.0747377684225 -0.206163882126 -0.0238602497832 -0.0238602497832
-0.343955389009 -1.9426484086 0.0328981842676 0.0328981842676
0.788663270511 0.0748217849221 -0.0379398634276 -0.0379398634276
0.830669760905 -2.11294385137 0.0377563634522 0.0377563634522
1.20689749962 0.0788252054815 -0.031524137368 -0.031524137368
0.859485426843 -0.499455925697 0.0188946858527 0.0188946858527
1.0 -1.0 3.10503900083e-19 3.10503900083e-19
1.20134581196 0.392284958581 -0.0246276413149 -0.0246276413149
0.54536313905 -1.07202170435 0.0542664384286 0.0542664384286
1.76903022489 2.23643015349 -0.0884819795301 -0.0884819795301
-0.365297385929 -1.09174799776 0.128398834498 0.128398834498
0.945408548442 3.74550051722 -0.181615595985 -0.181615595985
-1.21469711625 -2.33184965426 0.300332236328 0.300332236328
1.4064862826 3.36583391458 0.974515804886 0.974515804886
