8.0 8.0 4.20084387696e-17 4.20084387696e-17
1.61142816666 -0.39739037715 -0.0387739529946 -0.0387739529946
0.378730840794 -0.641470884862 0.0512034122389 0.0512034122389
1.61586446087 -0.248735955644 -0.0557108302197 -0.0557108302197
0.400148853577 -0.962830693297 0.0562728570465 0.0562728570465
1.57570815452 0.698073171625 -0.0543227039723 -0.0543227039723
0.454252832054 -0.55580336709 0.050565236266 0.050565236266
1.51304046816 0.431056147887 -0.0454420084493 -0.0454420084493
0.516958707419 -0.304823439269 0.0392864535487 0.0392864535487
1.46996074576 0.161315554297 -0.032384035739 -0.032384035739
0.450415693756 0.0735897025795 0.024997171394 0.024997171394
0.244612073567 1.08018978928 -0.0173751995037 -0.0173751995037
0.934301475481 -0.114905444287 0.00975735611871 0.00975735611871
-0.00913153741359 1.05369063941 -0.00237226171898 -0.00237226171898
0.018048300145 1.0790875556 -0.00456436229954 -0.00456436229954
-0.865321600185 0.835048665307 0.0108528231536 0.0108528231536
-1.18080375431 1.22792489471 -0.0163128852412 -0.0163128852412
-0.108472038306 0.727049788237 0.0207871453423 0.0207871453423
-0.622688180267 1.30152157222 -0.024144110531 -0.024144110531
-0.673683347982 0.685708445242 0.0262808009946 0.0262808009946
0.0282311116118 1.31180089412 -0.0271247442289 -0.0271247442289
-1.65619382211 0.705250083621 0.0266352593538 0.0266352593538
-0.215232469157 1.26412520886 -0.0248039550539 -0.0248039550539
-0.415455203298 0.778716289331 0.0216543833936 0.0216543833936
-0.844280921611 1.16805697255 -0.0172408038475 -0.0172408038475
0.0480179493656 0.893020782962 0.0116460144956 0.0116460144956
-0.0033539608694 1.04197054072 -0.00497819442303 -0.00497819442303
-0.00587858851038 1.01894079237 -0.00263333900444 -0.00263333900444
0.867605871219 0.954229028614 0.0110436460451 0.0110436460451
1.16692902545 0.328272755812 -0.0200993350737 -0.0200993350737
0.780494855614 -0.326550065196 0.0296481758853 0.0296481758853
1.27820627835 0.316462609972 -0.0395528311575 -0.0395528311575
0.660936848907 0.120638803741 0.0497124394316 0.0497124394316
1.39976356738 1.39616131207 -0.0601009854277 -0.0601009854277
0.541285160592 -1.4237597268 0.0708461268973 0.0708461268973
1.51496696396 0.0230721763945 -0.0824207239241 -0.0824207239241
0.431295043554 -0.598606189561 0.0962176704529 0.0962176704529
1.62358443934 0.694577805481 -0.116907271432 -0.116907271432
0.29554558338 -0.722303471448 0.170159050841 0.170159050841
0.563945736306 0.711411415388 0.990779592424 0.990779592424
