4.73230188543 5.49190470193 0.0582301088491 0.106678401451
0.845085304303 0.560070175862 0.00406935122344 -0.0386198285181
1.09586403937 -0.758272219075 -0.0205797733913 0.0178365494932
0.943238144049 -0.388276797668 0.0274082629243 -0.00767553570551
1.02672532401 -0.0489529919738 -0.0307908927052 0.00159110820153
0.999880472904 0.0904382822322 0.0326240175343 0.00250208821776
0.972812635374 -0.0851362104797 -0.0336569063932 -0.00547555138759
1.06022513334 0.0510001017107 0.0342355971157 0.00775818913588
0.8907769358 0.101279336868 -0.0345374437416 -0.00958585460569
1.20853757777 1.20918258601 0.0346602748565 0.0110991898635
0.319848386696 0.847138072821 -0.0346609489178 -0.0123874688029
0.677203583796 1.12763403924 0.0345736811733 0.0135102877648
-0.355619328981 0.892259500752 -0.0344194020286 -0.0145091551538
-0.480024490189 1.06889706353 0.0342108004929 0.0154140807819
-0.602123940528 -0.0302048572042 -0.033955144658 -0.0162475222392
-0.175148530841 1.30567029332 0.0336558828415 0.0170268583187
0.460825116621 0.377056881729 -0.0333135297717 -0.0177660060442
1.0834537595 0.540689536489 0.032926096148 0.0184765236671
0.957672103674 0.527672805484 -0.0324891881878 -0.0191683993197
1.04569350648 -0.283473423196 0.0319958238092 0.0198506480202
0.898030270023 0.308030849892 -0.0314359520824 -0.0205317974483
0.112467775435 0.64468521646 0.0307956020071 0.0212203202937
1.18689701182 0.307938522203 -0.0300555058199 -0.0219250606741
0.536645611695 1.0751433842 0.029188912357 0.0226557009985
-0.146425884701 0.996273702676 -0.0281580749188 -0.0234233233872
0.1346357522 0.991467183518 0.0269084562837 0.0242411386667
-0.918243201881 0.262035265294 -0.0253587951514 -0.0251254920612
-0.995349027392 0.707655326931 0.0233832277146 0.026097320507
-1.02623769679 0.126651677224 -0.0207770861583 -0.027184357638
-0.96194778301 -0.154362187427 0.0171862280938 0.0284246127249
-1.04703771439 0.143193692302 -0.011945632381 -0.0298721081928
-0.945491153235 0.339102001721 0.00365711667149 0.0316068269117
-1.05935518388 0.86140384424 0.0111565541216 -0.0337530077361
-0.945639720249 -0.899592487348 -0.0439712767029 0.0365153267304
-0.981901526849 1.35570128681 0.165799880178 -0.0402573720228
0.193199821789 -3.38565576414 0.866005427007 0.0456940932212
0.0246842083691 -6.37914829896 -0.214365669098 -0.0544530895758
1.76421897135 1.67273233495 0.166058964154 0.0712166405387
-2.11797865272 -0.98577564977 -0.187227982274 -0.117232928949
-0.847182104849 0.720291046948 0.922099373609 0.865343171344
