12.3928433778 3.85614356673 0.0463875480774 0.0463875480774
-1.25979869057 0.941289883602 -0.0103989467788 -0.0103989467788
0.288675305524 0.952210280529 -0.00111723372709 -0.00111723372709
-1.39013433351 -0.0780655785706 0.00684194917684 0.00684194917684
0.744744326585 1.43365881083 -0.0103001946599 -0.0103001946599
-0.997410798925 0.322689343528 0.0126395740335 0.0126395740335
-0.187009938374 0.473996741836 -0.0143455484586 -0.0143455484586
-0.31696345883 1.05820122449 0.0156589352274 0.0156589352274
0.477626452331 1.01522692275 -0.0167129040466 -0.0167129040466
-1.1254467437 0.958296833307 0.0175872028437 0.0175872028437
0.00844745972159 1.05299470906 -0.0183326223359 -0.0183326223359
-0.234506233055 0.943300450546 0.0189831627012 0.0189831627012
0.313851076872 1.05479382694 -0.0195625613459 -0.0195625613459
-0.37849459817 0.953442901615 0.0200880169573 0.0200880169573
0.486668649777 1.02767336821 -0.0205724263475 -0.0205724263475
0.475996043564 1.01762566205 0.0210257900952 0.0210257900952
0.530884167894 0.811483627765 -0.0214561338237 -0.0214561338237
0.490992626829 0.0967811334325 0.021870138302 0.021870138302
0.430084216181 1.03618391772 -0.0222735913815 -0.0222735913815
0.953995755344 -0.510937877586 0.0226717314462 0.0226717314462
1.14567603069 0.845745040368 -0.0230695282615 -0.0230695282615
0.809663377441 0.386641133111 0.023471934424 0.023471934424
1.21664882452 -0.0722010672021 -0.0238841349603 -0.0238841349603
0.765884247552 0.0731897948269 0.0243118222717 0.0243118222717
1.24603398914 -0.791452560135 -0.0247615284766 -0.0247615284766
0.74720611262 -0.294792162941 0.0252410587255 0.0252410587255
1.24869285778 0.176534644345 -0.0257600909297 -0.0257600909297
-0.200016745495 -1.08902564661 0.0263310471927 0.0263310471927
1.24696537861 0.107820260705 -0.0269704156766 -0.0269704156766
-0.457806100767 -1.27698082504 0.0277008415873 0.0277008415873
0.609218313678 -0.741212181995 -0.0285545854569 -0.0285545854569
0.591984094289 -1.29695891005 0.0295795386052 0.0295795386052
-0.261281415754 -0.429175297216 -0.030850331031 -0.030850331031
-1.34485533849 -0.0462614418957 0.0324904075322 0.0324904075322
-0.686164181186 0.121225431038 -0.0347202189329 -0.0347202189329
-1.30624840688 -0.193731282575 0.0379764489439 0.0379764489439
-0.69875698679 0.772968685583 -0.0432642620011 -0.0432642620011
-1.29184040684 1.06823219769 0.0535306571714 0.0535306571714
-0.737880320298 0.211716272513 -0.0827405176714 -0.0827405176714
-0.394679615046 -0.135318344927 0.945492529128 0.945492529128
