18.0 8.0 2.16201325848e-16 2.16201325848e-16
12.6394939122 5.96522344076 -0.217285719563 -0.217285719563
1.05879160471 1.40429321589 -0.0259835809839 -0.0259835809839
-4.90382068006 -0.724293066769 0.131120357848 0.131120357848
-2.07494008519 0.578432978822 0.0352538503838 0.0352538503838
1.98393624509 2.03306364113 -0.0918272163877 -0.0918272163877
1.05756195485 1.43342827739 -0.0401952990971 -0.0401952990971
-2.05280267221 0.284616980951 0.0684382411206 0.0684382411206
-2.01182433212 0.557041555919 0.0433929463529 0.0433929463529
0.462507715296 1.52367904005 -0.0522643316833 -0.0522643316833
0.941778996658 1.45139759802 -0.045728580249 -0.045728580249
-1.037161769 0.611021874763 0.0398882640476 0.0398882640476
-1.8511952134 0.540557334125 0.0475896345297 0.0475896345297
-0.290153629663 1.28402324839 -0.0296651319808 -0.0296651319808
0.74385159414 1.46762184508 -0.0491779843751 -0.0491779843751
-0.449689570092 0.804522100894 0.0206732247631 0.0206732247631
-1.62362743493 0.523526747567 0.0506150097582 0.0506150097582
-0.759742013745 1.11556449972 -0.0123169976045 -0.0123169976045
0.494499539237 1.48670901621 -0.051985373439 -0.051985373439
-0.0714774349004 0.961225373804 0.00414503370385 0.00414503370385
-1.36048047987 0.500509575334 0.053359330669 0.053359330669
-1.06394656261 0.960061618413 0.00425535595474 0.00425535595474
0.225500986775 1.5170874683 -0.0548078860276 -0.0548078860276
0.172373619796 1.12703378587 -0.0133450729976 -0.0133450729976
-1.09320015488 0.455060392919 0.0564183032986 0.0564183032986
-1.26032065562 0.765131760862 0.0237432954652 0.0237432954652
-0.0335169471456 1.60077843835 -0.0583177864349 -0.0583177864349
0.335005551484 1.40463224929 -0.0364232186977 -0.0364232186977
-0.846286890114 0.202152204222 0.060721061365 0.060721061365
-1.40301659622 -0.286802174708 0.0531478511229 0.0531478511229
-0.273445540438 0.531895147896 -0.0640468616055 -0.0640468616055
0.453513173767 1.17435617627 -0.0776463020008 -0.0776463020008
-0.55402905615 0.719252761556 0.0692688219208 0.0692688219208
-1.04956701046 0.443255271538 0.119658454333 0.119658454333
0.704741838374 1.37911532083 -0.0793449383704 -0.0793449383704
1.81859734391 1.98955027423 -0.215730035776 -0.215730035776
-0.794942669147 0.555045396905 0.109696831196 0.109696831196
-3.46971772005 -1.17162139878 0.728870229817 0.728870229817
0.869709657048 0.359252619413 0.995904080056 0.995904080056
11.5249361215 4.99891319806 0.605195297462 0.605195297462
