9.4558851466 9.51944517318 0.0170707318511 0.0463875480774
-0.145322240183 0.820622400058 0.0169743816918 -0.0103989467788
0.120784050398 1.19861638051 -0.0265067035994 -0.00111723372709
-0.0602860165239 0.784110025412 0.0301776282817 0.00684194917684
-0.18760899601 1.23337367775 -0.0314787660971 -0.0103001946599
-0.965574484536 0.747291022588 0.0315181286327 0.0126395740335
0.394660815962 1.27653858015 -0.0307321410086 -0.0143455484586
-0.288907997056 0.688394552588 0.029298447372 0.0156589352274
0.193310217288 1.38642088476 -0.0272657299747 -0.0167129040466
0.382460593347 0.0425223972103 0.0245964162248 0.0175872028437
1.38759049925 0.190608170004 -0.0211717162792 -0.0183326223359
0.667837943765 -0.254503909714 0.0167691505244 0.0189831627012
1.30172904273 0.29803915972 -0.0110030885626 -0.0195625613459
0.726123964838 -0.344062961452 0.00319197864804 0.0200880169573
1.21650202846 0.426126873743 0.00795357915489 -0.0205724263475
-0.314577560816 0.637838707378 -0.0251662165151 0.0210257900952
0.278714603811 1.44689514378 0.0553846643738 -0.0214561338237
-0.247900010988 0.451180403233 -0.122849533223 0.021870138302
0.189932752833 1.62947206763 0.412148951853 -0.0222735913815
0.111793905106 -2.55003627943 0.759650764365 0.0226717314462
1.44387223906 -2.22644380939 -0.251026658834 -0.0230695282615
0.607509289061 0.494580921487 0.166438882524 0.023471934424
1.40981055716 -0.117224582007 -0.131038673245 -0.0238841349603
0.0375596180268 -0.627741941752 0.110963121951 0.0243118222717
-0.56324061281 -1.14177142752 -0.0971307162502 -0.0247615284766
-1.36463558761 -0.183385791278 0.0851686143584 0.0252410587255
0.241996130273 1.06350647901 -0.0679114997027 -0.0257600909297
-0.296373951314 -0.190932851985 1.01483467409 0.0263310471927
0.382062349753 -1.85566652026 -0.102957069134 -0.0269704156766
0.706347224768 -1.02409915491 0.0896803262389 0.0277008415873
-0.00139182230665 -0.910880248062 -0.0839183312544 -0.0285545854569
0.206151835354 -1.12647698909 0.0804443317177 0.0295795386052
0.988379506361 -0.842462216898 -0.0781952283137 -0.030850331031
-0.478291553327 -1.1900080126 0.0768767472428 0.0324904075322
0.427774866586 -0.766287482972 -0.0765078525241 -0.0347202189329
-0.471812992341 -1.32265756551 0.0774098980946 0.0379764489439
1.08900917565 -0.0314740943899 -0.0805136256764 -0.0432642620011
0.0575510519622 -0.840764825456 0.0887133607524 0.0535306571714
0.112336140933 -0.989562579464 -0.115933676535 -0.0827405176714
-0.147110560727 -0.217744427203 0.976740121201 0.945492529128
