22.2076000788 7.93572427124 0.106678401451 0.106678401451
-1.53930385237 -0.870902133602 -0.0386198285181 -0.0386198285181
-0.473712969961 1.14710737354 0.0178365494932 0.0178365494932
-1.52398838114 -0.473889470795 -0.00767553570551 -0.00767553570551
-0.473130150224 0.382384599637 0.00159110820153 0.00159110820153
-1.53515116053 -0.35139098638 0.00250208821776 0.00250208821776
-0.44135147424 0.356384602869 -0.00547555138759 -0.00547555138759
-0.657425883092 0.548823923666 0.00775818913588 0.00775818913588
-0.504399610386 0.304324263309 -0.00958585460569 -0.00958585460569
-1.52499307352 -0.396443579724 0.0110991898635 0.0110991898635
-0.447295671182 0.845312794303 -0.0123874688029 -0.0123874688029
-1.61257049627 0.209915953444 0.0135102877648 0.0135102877648
0.317629802626 0.789616671004 -0.0145091551538 -0.0145091551538
-1.3027055877 0.16957380438 0.0154140807819 0.0154140807819
0.4508578344 0.996175267246 -0.0162475222392 -0.0162475222392
-0.634066541969 0.816668810519 0.0170268583187 0.0170268583187
-0.8005369955 -0.254461264279 -0.0177660060442 -0.0177660060442
-0.780631839247 0.681547013296 0.0184765236671 0.0184765236671
-0.123370312475 0.401416908929 -0.0191683993197 -0.0191683993197
-0.914667129755 0.579336746205 0.0198506480202 0.0198506480202
-0.068837996148 1.27949498883 -0.0205317974483 -0.0205317974483
-0.930989681228 0.632216787177 0.0212203202937 0.0212203202937
-0.104225392428 0.25877518811 -0.0219250606741 -0.0219250606741
-0.582987230236 1.22597378842 0.0226557009985 0.0226557009985
1.1830687768 0.296757335755 -0.0234233233872 -0.0234233233872
-0.156416911118 0.636623370319 0.0242411386667 0.0242411386667
1.19222330624 0.343742085316 -0.0251254920612 -0.0251254920612
0.654616436973 -0.196119866807 0.026097320507 0.026097320507
1.39743469694 0.142775398194 -0.027184357638 -0.027184357638
0.57370136754 -0.105840738624 0.0284246127249 0.0284246127249
1.44656079411 0.0662390442875 -0.0298721081928 -0.0298721081928
0.535932474543 0.00578891598982 0.0316068269117 0.0316068269117
1.4842426407 -0.723509606754 -0.0337530077361 -0.0337530077361
0.473506824314 -0.278680594566 0.0365153267304 0.0365153267304
0.536014748149 -0.874750490044 -0.0402573720228 -0.0402573720228
-0.708986171082 -1.0467235888 0.0456940932212 0.0456940932212
-0.668025177746 -1.06316497834 -0.0544530895758 -0.0544530895758
-1.37340084217 -0.421437242555 0.0712166405387 0.0712166405387
-0.649181826868 -0.552063398597 -0.117232928949 -0.117232928949
-0.616689597445 -0.399843705245 0.865343171344 0.865343171344
