15.0 7.0 2.16201325848e-16 2.16201325848e-16
9.96450986806 5.22977142572 -0.217285719563 -0.217285719563
0.779585101934 1.34177305467 -0.0259835809839 -0.0259835809839
-3.22980597224 -0.446478179982 0.131120357848 0.131120357848
-0.771581566048 0.648956675932 0.0352538503838 0.0352538503838
1.85416875275 1.85421044661 -0.0918272163877 -0.0918272163877
0.764661758551 1.35598477278 -0.0401952990971 -0.0401952990971
-1.24256770191 0.41624017347 0.0684382411206 0.0684382411206
-0.758329239114 0.640817579963 0.0433929463529 0.0433929463529
0.884305841867 1.42200629993 -0.0522643316833 -0.0522643316833
0.75222571907 1.36151805393 -0.045728580249 -0.045728580249
-0.639845669347 0.690402045806 0.0398882640476 0.0398882640476
-0.746041705497 0.636620891786 0.0475896345297 0.0475896345297
0.45520069091 1.22318117034 -0.0296651319808 -0.0296651319808
0.739450876137 1.36496745806 -0.0491779843751 -0.0491779843751
-0.304811029458 0.848522492382 0.0206732247631 0.0206732247631
-0.732036494167 0.633595516558 0.0506150097582 0.0506150097582
0.174738429453 1.08813134258 -0.0123169976045 -0.0123169976045
0.723171094073 1.36777484712 -0.051985373439 -0.051985373439
-0.0564986996203 0.97100179572 0.00414503370385 0.00414503370385
-0.711763642845 0.630851195647 0.053359330669 0.053359330669
-0.0554452664801 0.970891473469 0.00425535595474 0.00425535595474
0.695615154574 1.37059735971 -0.0548078860276 -0.0548078860276
0.164297218697 1.08915941797 -0.0133450729976 -0.0133450729976
-0.669373433059 0.627792223017 0.0564183032986 0.0564183032986
-0.268490760128 0.84545242168 0.0237432954652 0.0237432954652
0.615434084929 1.37410726012 -0.0583177864349 -0.0583177864349
0.341349776724 1.22993925706 -0.0364232186977 -0.0364232186977
-0.420768002429 0.623489464951 0.060721061365 0.060721061365
0.244718793049 0.677142458731 0.0531478511229 0.0531478511229
1.69004645055 1.37983633529 -0.0640468616055 -0.0640468616055
1.25901067597 1.44738827025 -0.0776463020008 -0.0776463020008
-0.946416320319 0.614941704395 0.0692688219208 0.0692688219208
-1.4524262057 0.365019960257 0.119658454333 0.119658454333
0.858124354386 1.39513441205 -0.0793449383704 -0.0793449383704
2.02158493903 1.978113266 -0.215730035776 -0.215730035776
-0.822636964943 0.57451369512 0.109696831196 0.109696831196
-3.3802275122 -1.04422805195 0.728870229817 0.728870229817
0.802738037373 0.319885393628 0.995904080056 0.995904080056
10.1083390937 4.4072904087 0.605195297462 0.605195297462
