5.0 11.0 0.0 0.0
1.25024913619 0.566155626786 -0.0253141048256 -0.0253141048256
0.736732311761 -0.496308577317 0.0332659354587 0.0332659354587
1.26381383076 -0.394822244113 -0.0362587720026 -0.0362587720026
0.744399928549 -0.77461160365 0.0369108382567 0.0369108382567
1.24045021633 0.632202738855 -0.0361501990165 -0.0361501990165
0.780326522001 -0.553839068825 0.0344217922128 0.0344217922128
1.19442823785 0.484494590388 -0.0319938149118 -0.0319938149118
0.834159480931 -0.415902679739 0.0290596878669 0.0290596878669
1.1350417989 0.346596335821 -0.0257777985526 -0.0257777985526
0.896826418128 -0.276945567768 0.0222883367499 0.0222883367499
1.07137395068 0.207924889513 -0.0187204813349 -0.0187204813349
0.959252465307 -0.140600410329 0.0151951088208 0.0151951088208
1.01230462941 0.0756627853311 -0.0118252866554 -0.0118252866554
1.01319005205 -0.0123876802375 0.00871564465372 0.00871564465372
0.964283831417 -0.0556826709151 -0.00596120272135 -0.00596120272135
1.05834248341 0.177920120312 0.00364598765306 0.00364598765306
0.892016501472 1.05343932737 -0.00184164613246 -0.00184164613246
-0.111374046431 1.01177014769 0.000606191786493 0.000606191786493
-1.02066932812 0.977257530011 1.70171802408e-05 1.70171802408e-05
4.67462326158e-16 1.0 1.31473779232e-17 1.31473779232e-17
0.104755266505 1.07681596316 -0.000669476158262 -0.000669476158262
-1.11059558193 -0.0739551916025 0.00198791492502 0.00198791492502
0.088451786151 1.05012690097 -0.00393652709454 -0.00393652709454
-1.04404943792 -0.0078396530093 0.00648210809613 0.00648210809613
-0.0193295774472 0.948211529161 -0.00957838123253 -0.00957838123253
-0.900865759724 0.12886609525 0.0131678423169 0.0131678423169
-0.193149549498 0.774229078984 -0.0171841694633 -0.0171841694633
-0.700471281957 0.351132816738 0.0215553218912 0.0215553218912
-0.417167720438 0.461114423742 -0.0262075748865 -0.0262075748865
-0.453245684052 1.07531866585 0.0310709939191 0.0310709939191
-0.693978628213 1.09802918136 -0.0360874046928 -0.0360874046928
-0.116914954258 0.782205977138 0.0412231944778 0.0412231944778
-1.27724144673 1.31464813577 -0.0464924997795 -0.0464924997795
-0.734117092676 0.603083058731 0.0520054167113 0.0520054167113
0.235446689068 1.46749105711 -0.0580856588842 -0.0580856588842
-0.257959126605 0.47217753786 0.0656228342677 0.0656228342677
0.351241630966 1.58042940957 -0.0775032922379 -0.0775032922379
0.774784356048 0.360442328697 0.109090639409 0.109090639409
0.186099797371 0.546201726914 0.995887062876 0.995887062876
