11.0 10.0 -8.66515531415e-17 3.52021934637e-17
-0.304572875191 0.781998187879 0.0152505817618 0.0123826178158
-0.698612823394 1.21040952436 -0.0229345694564 -0.0164756780662
-0.281907937471 0.801819905581 0.029586934032 0.0185347976164
-0.765590867768 1.17814590187 -0.0369188325737 -0.019786673058
-0.0980637230629 0.860112351254 0.0462354918107 0.0206369581156
0.0537960252995 1.02468544658 -0.0595720410027 -0.0212587795628
-1.21488537087 -0.130984985496 0.081579338903 0.0217385179891
0.469831387577 1.31963722669 -0.127257896829 -0.0221241389519
-0.499169386807 0.715440783288 0.290649170797 0.0224444563122
0.814204105173 -0.42348596896 0.875795534582 -0.0227178669031
1.71409380438 -1.97383466739 -0.164639180959 0.0229567111664
1.03262367573 0.609244015674 0.0859711977551 -0.0231696199267
0.845959387431 -0.426743747141 -0.054659182286 0.0233628565914
1.25252746127 0.30408097461 0.0369893961157 -0.0235411250866
0.444450117724 0.0141685900611 -0.0248519950365 0.0237080785581
0.312638114996 1.21591040056 0.0151680507351 -0.0238666534135
1.20368826278 -0.718783273727 -0.00629487768527 0.0240192982475
0.563345313828 0.934965154532 -0.00308147183375 -0.0241681384263
-0.166825336416 0.692903208187 0.0146426481073 0.024315101533
0.0928865144734 1.33915212767 -0.0316007443211 -0.0244620203335
-0.0003739391186 0.662329291891 0.0624334696115 0.024610725378
-0.478026594761 1.33223495294 -0.140620311067 -0.0247631373625
-0.77452246254 0.423280484933 0.634408069853 0.024921369333
0.477926724449 -1.61784674357 0.632279748376 -0.0250878506979
-0.894019255267 -2.76514413443 -0.394650494065 0.0252654894082
-0.571962230015 0.859673592083 0.915448233982 -0.0254578969632
2.08889225395 -2.21765906639 0.331799232443 0.0256697160196
2.25845677661 -0.123433758297 -0.101902670107 -0.0259071182813
-0.476714042271 -1.00881080975 0.053406227318 0.0261785936118
1.19092660186 -0.018294545495 -0.0352221566572 -0.0264962579393
0.651801280413 -0.889850313634 0.0270076465323 0.0268781339259
1.43818788718 -0.913585371883 -0.023173705836 -0.0273523749998
-0.253007408955 -1.14905358355 0.0216733687619 0.0279656919041
1.1805016929 -0.820149180584 -0.0216650522766 -0.0288018377032
-0.131530002657 -1.19701375015 0.0228622719002 0.0300276478108
1.07342847934 -0.793593282486 -0.0254187104678 -0.0320304125295
0.857912048889 -1.20971775037 0.0303685519454 0.035962395607
0.259973832063 -0.796988893237 -0.0433141369393 -0.0474746648521
-0.253633345421 -0.255950001433 0.996661888467 0.998972844211
