6.90824043364 8.27764594948 0.140885425841 0.140885425841
-0.0225728954137 -1.04994999488 -0.0538003035115 -0.0538003035115
1.32349575378 -1.02144732903 0.027992846759 0.027992846759
0.740791473391 -0.468860327005 -0.0155049531587 -0.0155049531587
1.23182699547 -0.488299414062 0.00806738530174 0.00806738530174
0.783799021311 -0.464458649616 -0.00308071452521 -0.00308071452521
1.2060918104 0.556690718067 -0.000533353403678 -0.000533353403678
0.801109885815 0.530093156192 0.0033029534943 0.0033029534943
1.19259131479 -0.0807470842895 -0.00551751559194 -0.00551751559194
0.817385421332 0.691153924049 0.00734918847405 0.00734918847405
0.302186760347 1.16815032373 -0.00890702442267 -0.00890702442267
-0.265782452242 0.863389312101 0.0102637019769 0.0102637019769
0.307364400882 1.10951817276 -0.0114697687103 -0.0114697687103
-0.766152794249 0.948267148547 0.0125617224591 0.0125617224591
-0.954803361212 0.361880272431 -0.013566842725 -0.013566842725
-0.191222770531 0.704925207851 0.014506214049 0.014506214049
0.0318621032033 1.0723470148 -0.0153966995947 -0.0153966995947
-1.44117744086 -0.434683315683 0.016252285216 0.016252285216
-0.0736370491644 0.845350791813 -0.0170850387073 -0.0170850387073
-0.909178306759 0.880810744072 0.0179058342759 0.0179058342759
-0.789293291763 1.15733413668 -0.0187249403165 -0.0187249403165
-0.348057049511 0.829198740217 0.0195525406985 0.0195525406985
-0.658632681087 1.17887490074 -0.0203992469357 -0.0203992469357
0.133844312073 0.812826642126 0.0212766568857 0.0212766568857
-0.066371110178 1.20201475642 -0.0221980245161 -0.0221980245161
0.92282947233 0.740803428867 0.0231791274333 0.0231791274333
1.03748992224 0.150333802844 -0.0242394613449 -0.0242394613449
0.968615658364 -0.167204135006 0.025403968069 0.025403968069
1.02603427497 0.17958733255 -0.0267056461297 -0.0267056461297
0.983932716369 -0.195826301182 0.0281896633176 0.0281896633176
0.995532764444 0.23020292345 -0.0299201277681 -0.0299201277681
1.05681499439 -0.389252585028 0.0319918043258 0.0319918043258
0.641991525107 -0.93889569354 -0.0345516133786 -0.0345516133786
-0.16561066039 -1.11118758814 0.0378410226694 0.0378410226694
0.100956166427 -0.868014944324 -0.0422876442392 -0.0422876442392
-0.0987390564435 -1.14793665377 0.0487287063762 0.0487287063762
-1.1046267432 -0.830469111013 -0.059057919022 -0.059057919022
-0.527962151576 -1.2233957916 0.0786636250583 0.0786636250583
-0.463321158932 -0.315475532106 -0.131405960915 -0.131405960915
-0.500979540909 0.0380383838257 0.81377145957 0.81377145957
