11.0 8.0 -7.93016446161e-18 -7.93016446161e-18
4.730568898 2.95553750443 -0.149639726369 -0.149639726369
-1.17253238273 -1.72899333498 0.123074139032 0.123074139032
1.45883885374 0.368932730261 -0.030440064726 -0.030440064726
1.62756797395 0.51237355895 -0.0462160620256 -0.0462160620256
0.197478428693 -0.669184493578 0.064620134105 0.064620134105
1.35961622795 0.308512795533 -0.0318020212627 -0.0318020212627
1.14259608091 0.127018882785 -0.0141622036231 -0.0141622036231
0.683313847517 -0.29553305212 0.0371606179064 0.0371606179064
1.17276759302 0.166429111744 -0.0270110128063 -0.0270110128063
1.0 6.34413156929e-17 -5.55111512313e-17 -5.55111512313e-17
1.05585849591 0.551653669624 0.0195413400938 0.0195413400938
0.608743113584 1.30501337764 -0.0192731487542 -0.0192731487542
-0.021650040934 0.930994359196 0.00516308114468 0.00516308114468
0.113380554086 0.907075230868 0.00787855339123 0.00787855339123
-0.688365877106 1.10523488882 -0.0102891084645 -0.0102891084645
-0.827133344078 0.965953554787 0.00429819847009 0.00429819847009
0.00805619775925 0.996058159229 0.00136905800795 0.00136905800795
-0.741848988697 0.968918632922 -0.00152542847845 -0.00152542847845
-0.724900726042 1.06540764206 -0.000972919190605 -0.000972919190605
-1.90323947079e-16 1.0 9.91270557701e-18 9.91270557701e-18
-0.861315892786 0.836152733119 0.00557894809806 0.00557894809806
-0.572871460583 1.28493163638 -0.0093741043156 -0.0093741043156
-0.0522730692542 0.847509978723 0.00400131824084 0.00400131824084
-0.960629710504 -0.0430894877505 0.00953516846624 0.00953516846624
-0.39776000893 0.596216068592 -0.0197385880074 -0.0197385880074
-0.160255806796 0.9834750212 0.0138569159998 0.0138569159998
-1.01238724851 0.936282922564 0.00860038377377 0.00860038377377
-0.222344464339 1.35815990259 -0.0310465724964 -0.0310465724964
-0.319920662517 0.44106948141 0.0309071071421 0.0309071071421
-1.0 -1.26882631386e-16 -3.17206578464e-17 -3.17206578464e-17
-0.0735107982243 1.01964173636 -0.0427213416692 -0.0427213416692
-0.509054805387 0.429676899569 0.0598609927497 0.0598609927497
-0.923638393883 0.0827493048813 -0.0235906395479 -0.0235906395479
-0.0259091347938 0.961786551967 -0.0559338644264 -0.0559338644264
-0.295096580402 0.76828717497 0.123967028677 0.123967028677
0.275259343407 1.2121030563 -0.102526195644 -0.102526195644
-0.56686095831 0.390061556822 -0.0889665635302 -0.0889665635302
-2.61815810544 -1.70179291529 0.756318525673 0.756318525673
4.028658566 2.91251801657 0.858069482936 0.858069482936
