24.0 7.0 4.20084387696e-17 4.20084387696e-17
1.00825139183 0.580701382552 -0.0387739529946 -0.0387739529946
-2.97509760019 -0.645922732622 0.0512034122389 0.0512034122389
0.915145658392 1.40286807772 -0.0557108302197 -0.0557108302197
-2.82772565157 -0.0568190933643 0.0562728570465 0.0562728570465
0.714454726112 0.124825055449 -0.0543227039723 -0.0543227039723
-2.57802249338 0.324869274667 0.050565236266 0.050565236266
0.421941590719 1.04600172597 -0.0454420084493 -0.0454420084493
-2.25060222824 -0.58476578595 0.0392864535487 0.0392864535487
0.0698464550858 0.469487785997 -0.032384035739 -0.032384035739
-1.88991628336 -0.408577761578 0.024997171394 0.024997171394
-0.250024421953 0.405042280703 -0.0173751995037 -0.0173751995037
-0.346604786127 0.855159995471 0.00975735611871 0.00975735611871
-0.929160666215 0.0179242653903 -0.00237226171898 -0.00237226171898
0.112182507324 0.988584532105 -0.00456436229954 -0.00456436229954
-1.20793848606 0.943951430996 0.0108528231536 0.0108528231536
0.215905618593 1.18981933004 -0.0163128852412 -0.0163128852412
-1.12953321991 0.0510803369106 0.0207871453423 0.0207871453423
-0.0847370759902 0.664586731248 -0.024144110531 -0.024144110531
-0.214307010015 1.06679501015 0.0262808009946 0.0262808009946
0.305149839058 1.02845788846 -0.0271247442289 -0.0271247442289
-0.324601969537 0.90818700152 0.0266352593538 0.0266352593538
0.282206628544 1.15568061088 -0.0248039550539 -0.0248039550539
-0.104771630869 0.693385560258 0.0216543833936 0.0216543833936
1.38249623288 -0.0388341244028 -0.0172408038475 -0.0172408038475
0.787272190007 -0.0270455936977 0.0116460144956 0.0116460144956
1.06699795667 0.0376767127317 -0.00497819442303 -0.00497819442303
0.0713489739922 0.9846550176 -0.00263333900444 -0.00263333900444
-0.251112017466 1.01608524065 0.0110436460451 0.0110436460451
0.418217770097 1.00240737899 -0.0200993350737 -0.0200993350737
-0.546149658539 0.967463607111 0.0296481758853 0.0296481758853
0.171217941609 1.09199755394 -0.0395528311575 -0.0395528311575
-2.1994330525 0.49489030591 0.0497124394316 0.0497124394316
0.36343578452 -0.672484164238 -0.0601009854277 -0.0601009854277
-2.56754923723 -0.746783136991 0.0708461268973 0.0708461268973
0.936063082028 0.109716598818 -0.0824207239241 -0.0824207239241
-1.57636238669 -1.55267834604 0.0962176704529 0.0962176704529
1.75656833768 -0.526677370163 -0.116907271432 -0.116907271432
-1.86622090639 -1.41862297806 0.170159050841 0.170159050841
1.9319789079 0.59745093541 0.990779592424 0.990779592424
