9.92757546309 6.82197275885 0.124798682556 0.0677191564491
0.374825514473 -0.38526676902 -0.0656851388922 -0.0205767714385
1.53814632485 0.34081219287 0.0423291576846 0.00572843925721
0.524589183007 -0.31126507416 -0.0285636305032 0.00161068756522
1.42800913525 0.290623441999 0.0190621864683 -0.00603075951334
0.609261157884 -0.275934185018 -0.0119128499934 0.00901506873318
1.36047386039 0.265716261855 0.00622370622118 -0.0111884543258
0.664846649719 -0.259409237059 -0.00151005990635 0.01286002633
1.31302752427 0.25741991034 -0.00251939767205 -0.014200387383
0.708985089372 -0.262520028942 0.00605293529255 0.0153115519148
0.342263939314 1.20241380634 -0.00921929217188 -0.0162584164421
-0.308102123529 0.761510566211 0.0121107401749 0.017084382077
0.304566343437 1.26144647142 -0.0147962522091 -0.0178197244317
-0.322464785209 0.701314523857 0.0173294990526 0.0184863629584
0.392005594618 1.3868548846 -0.0197539820189 -0.0191007227477
-0.824498629503 0.158942654289 0.022106514794 0.0196755312526
-0.295305410494 0.752932164148 -0.0244197368852 -0.0202209948535
-0.598952762901 0.283474027434 0.0267240712565 0.0207456028068
-1.15714486292 0.6968781197 -0.0290494000164 -0.0212567032451
-0.8745164676 0.314936388871 0.0314266662193 0.0217609403109
-1.15484819037 0.678027241147 -0.0338895916471 -0.0222646109946
-0.712647783097 0.325102819515 0.036476722712 0.0227739839563
-0.308197635308 0.676250845249 -0.0392340860654 -0.0232956152925
-0.684798715535 0.315248791542 0.0422188757136 0.0238366956316
-0.30222908503 0.708640894491 -0.0455048568888 -0.0244054689377
-0.765623404089 0.218655675463 0.0491906697592 0.0250117777799
0.298199403771 1.30414642789 -0.0534131903227 -0.0256678171606
-0.226806467478 0.837541393461 0.0583701130864 0.026389228818
0.848507789016 0.430831380895 -0.0643603345231 -0.0271967596963
1.08060993313 -0.288891504962 0.0718612425572 0.0281188830227
0.885008787959 0.297586193659 -0.0816897987372 -0.0291961290124
1.17765187255 0.683634921852 0.0953778962155 0.0304886092009
0.730648446287 0.277799136988 -0.116192880875 -0.0320898912846
1.40942013277 0.808157290749 0.152632348781 0.0341545265232
0.353148460826 0.0183297137456 -0.236253762863 -0.0369580053644
1.99696008692 1.41711029738 0.674151238127 0.0410446328003
-6.35360144029 -3.15446692603 0.473898436372 -0.047662439055
-4.5070793114 -0.859915255773 -0.12074368432 0.060446073622
0.421305735101 0.993409807713 0.0114318373323 -0.0963555810701
-1.11140117145 -0.599142932661 0.843120204316 0.91857400033
