14.0 7.0 7.04043869274e-17 3.52021934637e-17
0.656283861155 -1.12096240956 0.0166787179846 0.0123826178158
1.35530458358 0.13053500132 -0.0238943336534 -0.0164756780662
0.637840575219 -0.0816111620908 0.0283515129449 0.0185347976164
1.37194503033 0.0314857142779 -0.0315240767644 -0.019786673058
0.576425881232 0.0695263268407 0.0339651299762 0.0206369581156
0.212063976368 1.07142114603 -0.0359414394967 -0.0212587795628
-0.195170283719 1.03558205855 0.0376019213224 0.0217385179891
0.0380665747653 0.769764519216 -0.0390381110274 -0.0221241389519
-1.13989189912 0.153651500335 0.0403103322947 0.0224444563122
0.206231564352 0.889633340385 -0.0414605688087 -0.0227178669031
-1.2779960396 0.0675732361457 0.0425194188891 0.0229567111664
0.391621278313 0.990385745462 -0.0435101387166 -0.0231696199267
-1.72623452516 -0.0936266190451 0.0444511421386 0.0233628565914
-0.20706406799 1.42449179543 -0.0453576366633 -0.0235411250866
-0.0221204749549 0.687748859327 0.0462427593346 0.0237080785581
1.53425676608 1.26007082735 -0.0471184214502 -0.0238666534135
0.581507131548 0.771434689048 0.0479959923735 0.0240192982475
1.07624201327 1.20728245524 -0.0488869131663 -0.0241681384263
-0.63943734125 0.807693382349 0.0498033140984 0.024315101533
0.560577921668 1.18212098378 -0.0507587097638 -0.0244620203335
-0.518299554803 0.823355902301 0.0517688610281 0.024610725378
0.477560402967 1.17758924543 -0.05285292923 -0.0247631373625
-0.402596477655 0.808655439489 0.0540351176558 0.024921369333
-0.0789887318527 1.2467886544 -0.0553471253667 -0.0250878506979
-1.64736632789 0.258083846427 0.0568319865972 0.0252654894082
-0.407217776619 -0.01835207789 -0.0585503626799 -0.0254578969632
-1.57037059056 -0.0259676942761 0.0605913928544 0.0256697160196
-0.440822231594 0.0458775429431 -0.0630925576149 -0.0259071182813
-1.55392904084 -0.0681412799361 0.0662787913085 0.0261785936118
-0.446949309602 0.130059307219 -0.0705469856919 -0.0264962579393
-1.55649134959 -0.855111941947 0.0766725460336 0.0268781339259
-0.434612833981 -0.294703221546 -0.0864104585718 -0.0273523749998
-1.58231234591 -0.522700477023 0.1047881568 0.0279656919041
-0.392446764191 -1.49947810969 -0.154625183376 -0.0288018377032
-0.982867953102 0.603871791159 1.00453790618 0.0300276478108
5.26240183007 -7.65574916206 0.0773486678459 -0.0320304125295
0.959460528152 -0.846667074414 -0.00277947575161 0.035962395607
1.27159684883 0.402291393755 -0.0304505229122 -0.0474746648521
-0.287664262547 -0.256586401559 0.99259179524 0.998972844211
