6.59656913416 7.12876870613 0.2360230716 0.245833145095
-0.265016559955 0.983805657406 -0.0864363323881 -0.0947455468692
0.909506920965 1.12852821862 0.0483512601916 0.0552259738017
0.935222735853 0.554748613341 -0.0313689966428 -0.0368545286122
1.08375272837 0.559526238017 0.0220118320821 0.0261348737634
0.914929881084 0.213178250605 -0.0162681672365 -0.0190381481304
1.08307664941 -0.105745850372 0.012529929844 0.0139394906291
0.241929462574 0.771028645535 -0.0100326818397 -0.0100573056201
1.01946089346 -0.0823248583702 0.00837190569744 0.00696866760932
1.02716557446 0.732516613042 -0.00731911156007 -0.0044244082462
0.725703950869 1.07055948687 0.00674186669297 0.00226786147141
-0.0935674365628 1.00470926825 -0.00656591655644 -0.000395255485397
-0.152406626619 0.785004231876 0.00675672390487 -0.00126520376413
-0.709276093771 0.352682619854 -0.00731133870667 0.00276511106945
-0.343654967686 0.554710221057 0.00825705426864 -0.00414285865431
-0.605772629247 0.8193958501 -0.00965619571968 0.00542798947056
-0.968954181486 0.525076853174 0.0116187914423 -0.00664402338207
-1.0372070263 -0.321493805438 -0.0143284088229 0.00781037088693
-1.00759644727 0.291616894708 0.0180938801219 -0.00894368994093
-0.798996389525 -1.15530393714 -0.0234585977799 0.0100589023247
-0.346700015882 -0.768440305931 0.0314550723058 -0.0111700096904
-0.536545028148 -1.26102236171 -0.0442897848509 0.0122908082015
0.637273856016 -0.701608326836 0.0676339295908 -0.0134355809901
0.370038363375 -1.37438524643 -0.121719321333 0.0146198434597
-0.295574226488 -0.322267724091 0.371029469348 -0.0158612265242
1.71437631688 -1.26959554272 0.520195370344 0.0171806101899
0.964237111062 -1.27282151715 -0.17371100818 -0.018603673053
0.665264923528 -0.551041808286 0.112325426401 0.0201631204213
0.65011920107 -0.389768911964 -0.0874640113401 -0.0219020318993
0.374758190638 -0.626676974405 0.0746174364212 0.0238791056921
0.0828630084566 -0.848837958243 -0.0673690527386 -0.0261772408813
-0.0650362342151 -1.26352408545 0.0633782049371 0.028918284583
-0.379318962895 -0.229111379197 -0.0616934252564 -0.0322898664798
-1.34689239929 -0.161352418775 0.0620205917358 0.0365977632658
-0.344051032784 0.594596080005 -0.0645488483943 -0.0423775305172
-0.648901759738 0.338339679359 0.0700965283486 0.0506619303805
-0.336513111889 0.753563259459 -0.0808072466496 -0.0637348139745
-1.1479206919 -0.376515617243 0.102841954498 0.0878531107986
-0.937319583886 -0.178336380334 -0.161664271436 -0.148548755717
-0.611483637046 0.413609096369 0.625171189585 0.613769121283
