13.6307950956 5.86806535677 0.165387544442 0.106678401451
-0.721928165547 1.18591302666 -0.0945948353329 -0.0386198285181
-0.301660277448 0.900079652678 0.074559421603 0.0178365494932
-0.624957291962 1.04211339594 -0.0676666218683 -0.00767553570551
-0.895535910904 0.999299967814 0.0671911006231 0.00159110820153
-1.19283349432 0.972330185475 -0.0714642736844 0.00250208821776
-0.0262908374498 1.04054541372 0.0808438394517 -0.00547555138759
-0.937405221095 0.978272840034 -0.0978526775368 0.00775818913588
-0.0317402896211 0.853781728399 0.130270747716 -0.00958585460569
-1.25755351048 0.0772099087155 -0.208496945033 0.0110991898635
-0.622594850096 1.07851434227 0.644129736505 -0.0123874688029
1.92303707021 -1.22163633513 0.45689665108 0.0135102877648
2.01070296916 0.0901566894221 -0.148272076931 -0.0145091551538
0.40418995272 -0.261786861763 0.0778479434717 0.0154140807819
1.48007607666 0.288741033242 -0.0445239536142 -0.0162475222392
0.594302508554 -0.158673277838 0.0231930744276 0.0170268583187
1.15707351248 1.57986373018 -0.00648042813901 -0.0177660060442
-1.13482685189 0.418892218153 -0.00900329857307 0.0184765236671
-0.0488914129891 1.62918363719 0.0257723757062 -0.0191683993197
-0.160616963295 0.292260333451 -0.0470882936679 0.0198506480202
-0.707261859594 1.82836661308 0.0798379655563 -0.0205317974483
-0.0979702140341 -0.0277609311058 -0.146777576279 0.0212203202937
-0.0931308735647 2.36202298531 0.417962355575 -0.0219250606741
1.19441300753 -4.54552703338 0.67181208607 0.0226557009985
2.60917928136 -3.23103872911 -0.186722002864 -0.0234233233872
0.128733998443 0.784162358527 0.100755359547 0.0242411386667
1.72706122946 -0.249830010915 -0.0581343007356 -0.0251254920612
0.314813823709 -0.0161824767571 0.0243491336929 0.026097320507
1.69334618819 0.212981172456 0.0166041728702 -0.027184357638
0.251540977866 -0.422531084214 -0.0979736070802 0.0284246127249
1.71649396965 0.788193017198 0.532213859553 -0.0298721081928
-4.15589081779 -3.0941632789 0.575143480292 0.0316068269117
-1.28478639063 -1.78001455304 -0.279800735429 -0.0337530077361
1.20247582476 -0.937828078117 0.235393413792 0.0365153267304
-0.0329613304759 -0.758980603004 -0.260931613613 -0.0402573720228
1.19164215509 -1.50587820153 0.473388706292 0.0456940932212
-1.52102480661 2.63297790553 0.616183131388 -0.0544530895758
-1.90288160356 3.31267296323 -0.0868600806287 0.0712166405387
0.789736146928 0.372245025527 -0.0270597047419 -0.117232928949
-0.614696901924 0.53602943208 0.797793013054 0.865343171344
