10.0610533524 7.76312330803 0.170671241135 0.170671241135
0.37335577914 -0.790373678379 -0.0664195490452 -0.0664195490452
0.692771640088 -0.183375644216 0.0364116612637 0.0364116612637
0.248736281003 -0.859542730702 -0.0220321765691 -0.0220321765691
0.882395066153 -0.0147078475703 0.0135111817645 0.0135111817645
0.996429275333 -0.104506861557 -0.00781603967365 -0.00781603967365
1.02673226282 0.110163571893 0.00369747177368 0.00369747177368
0.994193354089 0.451833605744 -0.000546336481484 -0.000546336481484
0.887306302003 1.42123679113 -0.0019701335544 -0.0019701335544
0.240039927402 0.35506642308 0.00404939333283 0.00404939333283
0.707764363229 0.627604945536 -0.00581629175274 -0.00581629175274
0.345724753681 0.942213698864 0.00735390687096 0.00735390687096
0.522754128083 1.1301468351 -0.00871994260917 -0.00871994260917
-0.396112966326 0.838270710734 0.00995601446532 0.00995601446532
0.360262965889 1.18136623254 -0.0110931920473 -0.0110931920473
-0.353000784374 0.802871665152 0.0121554624364 0.0121554624364
-0.422861116315 1.21354041157 -0.0131619878464 -0.0131619878464
-0.566434033444 0.762881922983 0.0141286409156 0.0141286409156
-0.830688573087 1.2922965024 -0.0150690985855 -0.0150690985855
-1.21548494892 0.0947377384009 0.0159956665154 0.0159956665154
0.0301789572214 0.907020808906 -0.0169199461588 -0.0169199461588
-1.23684270476 -0.148219304441 0.0178534244753 0.0178534244753
-0.759430492891 0.167356770473 -0.0188080512904 -0.0188080512904
-1.24310852868 -0.180609309752 0.0197968669823 0.0197968669823
-0.754700675255 0.193714330794 -0.0208347527783 -0.0208347527783
-1.247769602 -0.213265602219 0.0219394003646 0.0219394003646
-0.748652586899 0.263439097392 -0.0231326444712 -0.0231326444712
-1.25776648989 -0.869919823468 0.024442387773 0.024442387773
-0.727899759227 -0.137147034323 -0.0259055048771 -0.0259055048771
-1.31677693848 -1.09132233638 0.0275724106136 0.0275724106136
-0.316585468277 -0.909346837152 -0.0295145698455 -0.0295145698455
-0.0376711371572 -1.06937984272 0.0318374689753 0.0318374689753
0.829202137187 -0.991614841518 -0.0347043669559 -0.0347043669559
0.214287065239 -0.741598123512 0.0383830031083 0.0383830031083
0.763268449233 -0.300266637714 -0.0433461714037 -0.0433461714037
0.259814008437 -0.648347138274 0.0505159445871 0.0505159445871
0.692571607769 -0.485312762112 -0.0619657881195 -0.0619657881195
0.539824197896 -1.37844045348 0.0835374926753 0.0835374926753
1.50455743989 -0.696451596662 -0.140542709141 -0.140542709141
-0.141436508183 -0.705136964582 0.764510213178 0.764510213178
