12.8571428571 6.7619047619 0.047619047619 0.0238095238095
0.584378817461 -0.129527019331 -0.0237981792021 0.000583000741789
1.40327258344 -0.936122100004 0.0164590035822 -0.00851511321389
0.607161319786 0.186266493115 -0.0131159222361 0.0124814417139
1.37994946419 0.978159499207 0.0113767004304 -0.0148849997004
0.650208449153 -0.280477467374 -0.0104663257809 0.016514152402
1.17904711849 0.413646881831 0.0100669743036 -0.0177038481231
-0.628791216202 1.01738756826 -0.0100347289911 0.0186207139904
0.656022983256 1.03351352304 0.0103084225896 -0.0193570800385
-1.03449077635 0.953106410321 -0.0108770303655 0.0199683222892
-0.128076572954 1.04404554688 0.0117710071402 -0.0204897520254
-0.714421055526 0.994322086439 -0.0130690371149 0.020945030949
-0.88763648263 0.571587429375 0.0149235884946 -0.0213506929179
-1.20134411712 -0.389696864143 -0.0176238078552 0.0217187267508
-0.756336531685 1.00392508817 0.0217553593532 -0.0220581292269
-1.27264678384 0.120500040095 -0.0286736742448 0.0223758819255
-0.697936299488 0.800134691755 0.0423355250288 -0.0226775920543
-1.35622810064 0.295711778929 -0.0811681145658 0.0229679311678
0.24015556227 -0.260786560317 0.937718145272 -0.0232509501987
-2.11600468249 4.73797247065 0.0993738618115 0.0235303192108
0.142857142857 1.2380952381 -0.047619047619 -0.0238095238095
-0.208077059433 0.84653197503 0.0315665527801 0.0240920413768
0.279194449426 1.14603227467 -0.0237915979436 -0.0243815164194
0.888967377736 0.782830737504 0.0192381770227 0.0246819541514
1.12219158723 -0.0305030731757 -0.0162782772767 -0.0249979549275
0.923506871891 0.0333903699976 0.0142302534073 0.0253350203546
0.846114801645 -0.232709398054 -0.012761189835 -0.0256999774643
-0.029493815047 -0.996526945155 0.011692421735 0.0261015956663
1.43775066311 0.500522176702 -0.010923552299 -0.0265515234665
0.650728979688 -0.821068556431 0.0103993316252 0.0270657716102
1.30740009885 -0.360820314189 -0.0100949403444 -0.0276671686087
0.725523144686 -0.472429459166 0.0100110687229 0.0283896371375
1.2343037438 -1.13544817392 -0.010176585279 -0.0292861021864
0.847366067997 -0.948527884911 0.0106611391319 0.0304442366887
0.53254794441 -1.01512385752 -0.0116076408593 -0.0320209154583
-0.267879984698 -1.00454888873 0.0133164890772 0.0343277335849
-0.540051418702 -0.984240767344 -0.0164985612494 -0.0380848797746
-0.511928862515 -1.02013749948 0.0232723508638 0.0454189056865
-0.469008863851 -0.990153778878 -0.0438757339069 -0.0665749720287
-0.532582262494 -0.11740510051 0.94912043174 0.972371702816
