6.0 8.0 -6.34413156929e-18 -9.51619735393e-18
1.58545501881 1.27745033432 -0.0463793806123 -0.065274066465
0.530429232998 -1.29250669038 0.0511598984425 0.0826840358104
1.36231882351 1.20090981495 -0.044818513478 -0.0825748769302
0.737661656616 -1.02162590696 0.0347563423361 0.0726962057638
1.17207645336 0.779305540223 -0.0239960032593 -0.0568941875269
0.90449450006 -0.503096851052 0.0141131202124 0.0379733699956
1.03683999364 0.226463148668 -0.005977316091 -0.0183199571557
1.0 4.06024420434e-16 8.3217431356e-18 1.23777592385e-17
0.988983708098 0.676184695249 0.00375285091099 0.015292134507
0.989321386324 1.46979323817 -0.00548367378819 -0.026318230073
1.09041531983 0.452799207546 0.00559128142459 0.0323661409913
0.534997228891 1.5490746288 -0.0045957105236 -0.0332826241756
-0.148973187077 0.520277927152 0.0030607748128 0.0294589944742
0.0346619738937 1.35179320559 -0.00151891450576 -0.0217678317245
0.0473110804425 0.815763331971 0.000404289665016 0.011455450694
1.0 1.0 -7.63211229299e-17 1.00731185443e-17
1.08582758546 1.17656290028 0.000404289665015 -0.011051161029
0.860017392675 0.677603277266 -0.00151891450576 0.0202489172187
1.21225064703 1.41833087557 0.0030607748128 -0.0263982196614
0.451989193634 0.548670273005 -0.0045957105236 0.028686913652
-0.128428062257 1.41625994196 0.00559128142459 -0.0267748595667
0.0926392838894 0.682804412732 -0.00548367378819 0.0208345562848
-0.10210447304 1.16875733962 0.00375285091099 -0.011539283596
-1.0 1.0 3.54038305062e-18 2.61514459426e-18
-1.01998477198 0.878595196772 -0.005977316091 0.0123426410647
-1.0575445837 0.542041841384 0.0141131202124 -0.0238602497832
-0.367715934198 -0.0506826823079 -0.0239960032593 0.0328981842676
-0.198298832034 1.58447556891 0.0347563423361 -0.0379398634276
-1.37400594167 -1.19233376709 -0.044818513478 0.0377563634522
-0.76433568808 0.988039705536 0.0511598984425 -0.031524137368
-1.12784034379 -0.675253865066 -0.0463793806123 0.0188946858527
-1.0 -1.0 -2.43588452264e-17 3.10503900083e-19
-0.0171621670539 0.937392041133 0.949888163571 -0.0246276413149
-0.098456590731 -7.49861492302 0.354598674757 0.0542664384286
0.588480767565 -3.24554101767 -0.270097575515 -0.0884819795301
1.3727227582 0.972959614025 0.256797668996 0.128398834498
-0.180964246336 -0.0901711856238 -0.270097575515 -0.181615595985
-3.53315605549 -0.479982822577 0.354598674757 0.300332236328
1.15436258681 0.880358793768 0.949888163571 0.974515804886
