12.0 8.0 -6.16790569236e-18 3.08395284618e-18
0.244371502011 1.67322395984 -0.0563510462088 -0.0512947984164
-1.24386481015 0.520371593313 0.0734488862647 0.0654854967475
0.292608721514 0.680735499066 -0.0760160331869 -0.0671638034914
-1.37188716518 0.0600116314102 0.0703143305772 0.0622374651096
0.468219205402 1.54050648402 -0.0595187997115 -0.0533606146381
-1.57916845927 0.652252333907 0.0459908571874 0.0422780161694
0.781916453787 1.19742850652 -0.0317445921667 -0.0303701033022
-0.46353085853 0.929552996864 0.0184974931868 0.0187824884574
0.244945475751 0.965469327054 -0.0076087556212 -0.00843528207301
1.0 -1.97372982156e-16 -1.38777878078e-17 -6.16790569236e-18
0.920592814524 0.871154516571 0.00390284587055 0.0061227688875
1.13185779783 0.418790245307 -0.00418850881942 -0.00981047251521
0.854916518193 -0.386401670052 0.00143306648028 0.0112044720555
1.12401385649 0.382327353075 0.00337316513674 -0.0106736604121
0.922366598917 -0.370810149164 -0.00893809644246 0.00875829969108
1.01563250786 0.348705998735 0.013808438671 -0.0060991304882
1.05643296704 -0.322326147571 -0.016523593735 0.00335856666438
0.835236481413 0.330277931493 0.0157657638319 -0.00114172080001
-0.0499533396286 0.975831730363 -0.0104878983485 -7.49097348613e-05
3.70074341542e-16 1.0 0.0 -6.16790569236e-18
-0.0210730291848 1.07268773514 0.0160088462412 0.00143643639137
0.0857396034459 0.836452445822 -0.0375469356626 -0.00407087008485
-0.192018773378 1.2662723171 0.0645695163901 0.00751925832543
0.362759412653 0.620301839229 -0.0976240343503 -0.01121387611
-0.854478331893 1.50540550414 0.139757654284 0.0144601958487
-0.469465146387 0.353568532367 -0.204483466925 -0.0165079463602
-0.160256048997 1.76962275216 0.384054222795 0.0166289190243
0.413699527259 -1.8160528894 0.921201128513 -0.0141931645695
2.02285168332 -7.974655413 -0.0804112836962 0.00873494383417
1.0 -1.0 -1.85037170771e-17 -1.23358113847e-17
0.105191305573 -0.556870032017 0.0211570614019 -0.0120340513397
-0.204773882361 -1.64001615593 -0.0202448163341 0.0271733037616
0.347887511725 -0.239060893384 0.00661040682434 -0.0450732516507
-0.503577644572 -1.84076607305 0.0157019533362 0.0653874300094
0.628610197987 -0.110695245049 -0.044497478479 -0.0880998556212
-0.535600896798 -1.90805722036 0.0793717702888 0.114429954317
2.06758842155 -0.108375883684 -0.124967548378 -0.150368308578
-1.48595921258 -1.80327611834 0.217725086209 0.233492242324
1.4303912569 0.995301546393 0.990682616798 0.983606673679
