17.0 5.0 2.16201325848e-16 2.16201325848e-16
11.2947051431 3.89227619034 -0.217285719563 -0.217285719563
0.878933795118 1.23650989677 -0.0259835809839 -0.0259835809839
-3.58589814392 -0.00802557260427 0.131120357848 0.131120357848
-0.824043335861 0.754219833827 0.0352538503838 0.0352538503838
1.74937453446 1.6000827032 -0.0918272163877 -0.0918272163877
-0.0369978594499 1.25072161489 -0.0401952990971 -0.0401952990971
-2.35983432325 0.588014035273 0.0684382411206 0.0684382411206
-1.17763256172 0.746080737858 0.0433929463529 0.0433929463529
1.30813093335 1.29875897718 -0.0522643316833 -0.0522643316833
1.09787004913 1.25625489604 -0.045728580249 -0.045728580249
-0.936392729694 0.780305275855 0.0398882640476 0.0398882640476
-1.10806684493 0.741884049681 0.0475896345297 0.0475896345297
0.695694590148 1.15867582422 -0.0296651319808 -0.0296651319808
1.18920623737 1.25970430016 -0.0491779843751 -0.0491779843751
-0.542263015129 0.89212392 0.0206732247631 0.0206732247631
-1.72472802295 0.738858674452 0.0506150097582 0.0506150097582
-0.759478202597 1.06285989425 -0.0123169976045 -0.0123169976045
0.387782989788 1.26251168923 -0.051985373439 -0.051985373439
-0.050854484006 0.979286185912 0.00414503370385 0.00414503370385
-0.740183317556 0.736114353542 0.053359330669 0.053359330669
-0.0620619719038 0.979175863661 0.00425535595474 0.00425535595474
0.817955748818 1.26533420182 -0.0548078860276 -0.0548078860276
0.201100126148 1.06388796965 -0.0133450729976 -0.0133450729976
-0.851724592471 0.733055380912 0.0564183032986 0.0564183032986
-0.357167584369 0.889053849298 0.0237432954652 0.0237432954652
0.87046676573 1.26884410222 -0.0583177864349 -0.0583177864349
0.537417802488 1.16543391094 -0.0364232186977 -0.0364232186977
-0.882278375668 0.728752622846 0.060721061365 0.060721061365
-0.757256281608 0.76704568878 0.0531478511229 0.0531478511229
0.890245021423 1.2745731774 -0.0640468616055 -0.0640468616055
1.04585524139 1.3241409475 -0.0776463020008 -0.0776463020008
-0.895717978927 0.72020486229 0.0692688219208 0.0692688219208
-1.46493778969 0.53679382206 0.119658454333 0.119658454333
0.899255638783 1.28987125416 -0.0793449383704 -0.0793449383704
2.17358613696 1.72398552259 -0.215730035776 -0.215730035776
-0.900888127812 0.679776853015 0.109696831196 0.109696831196
-3.75226652874 -0.605775444573 0.728870229817 0.728870229817
0.900018455393 0.214622235733 0.995904080056 0.995904080056
11.4120202311 3.06979517331 0.605195297462 0.605195297462
