6.68618713936 13.4182198416 0.140885425841 0.140885425841
0.0421995720313 1.05179436858 -0.0538003035115 -0.0538003035115
-0.396234304912 0.618160758628 0.027992846759 0.027992846759
-0.658591897621 0.321337929618 -0.0155049531587 -0.0155049531587
0.289617286381 1.30625233346 0.00806738530174 0.00806738530174
-0.160003075258 0.813690697366 -0.00308071452521 -0.00308071452521
1.23633097983 0.963835732256 -0.000533353403678 -0.000533353403678
0.799489912306 -0.193418335672 0.0033029534943 0.0033029534943
1.1764699538 -0.39720099318 -0.00551751559194 -0.00551751559194
0.844079222737 -0.587937713748 0.00734918847405 0.00734918847405
1.13502452073 -0.507867908544 -0.00890702442267 -0.00890702442267
0.889954491468 -0.175935744203 0.0102637019769 0.0102637019769
1.07375391848 -0.238679021045 -0.0114697687103 -0.0114697687103
1.00058006931 -0.733802837054 0.0125617224591 0.0125617224591
0.284224965527 -0.344562546362 -0.013566842725 -0.013566842725
0.825306689128 -0.467920575346 0.014506214049 0.014506214049
0.859573837596 0.115955774955 -0.0153966995947 -0.0153966995947
0.187396664127 -1.0447983798 0.016252285216 0.016252285216
0.820992577462 0.0315583009083 -0.0170850387073 -0.0170850387073
-0.463506325364 -1.64398216351 0.0179058342759 0.0179058342759
0.460381114404 -0.446643289685 -0.0187249403165 -0.0187249403165
0.540262041329 -1.51082767326 0.0195525406985 0.0195525406985
0.110543396703 -0.512385368132 -0.0203992469357 -0.0203992469357
-0.136425208789 -1.47683143691 0.0212766568857 0.0212766568857
0.126968821409 -0.520626101808 -0.0221980245161 -0.0221980245161
-0.0913665983672 -1.50878081215 0.0231791274333 0.0231791274333
-0.072043042878 -0.323016648937 -0.0242394613449 -0.0242394613449
-1.25001760241 -0.40053452911 0.025403968069 0.025403968069
-0.807551982109 0.940210083392 -0.0267056461297 -0.0267056461297
-1.16254520115 0.11236055186 0.0281896633176 0.0281896633176
-0.0315927744891 0.869624689994 -0.0299201277681 -0.0299201277681
-1.09759517076 0.137090250285 0.0319918043258 0.0319918043258
-0.982050500977 0.866426977072 -0.0345516133786 -0.0345516133786
-0.497027989024 0.100281895295 0.0378410226694 0.0378410226694
-0.471149665522 1.55037658878 -0.0422876442392 -0.0422876442392
-1.3239370155 0.496344023462 0.0487287063762 0.0487287063762
-0.716724412302 1.54157730883 -0.059057919022 -0.059057919022
-1.30495133012 0.116803810162 0.0786636250583 0.0786636250583
-0.254409664981 0.845492494158 -0.131405960915 -0.131405960915
-0.0116134115807 0.151691001165 0.81377145957 0.81377145957
