9.0 14.0 -1.34572487833e-17 6.72862439167e-18
1.99613135742 2.14456685317 -0.107552497986 -0.0915924040904
-1.93295799459 -3.8988073443 0.135744538197 0.108168727803
1.96556265121 1.68683182448 -0.124467845146 -0.0930047642914
-0.0421595951535 -1.48578058361 0.0878060743531 0.0615938384848
0.303777080242 -0.525363746443 -0.0375571240128 -0.02473802562
1.0474956857 0.107095613705 -0.0142925593853 -0.00883371268776
0.745132905803 -0.473253569634 0.0565384927388 0.0327359575025
1.37948551919 0.669180021705 -0.0804751931954 -0.043532895711
0.620077282169 -0.653941812781 0.0814328759837 0.040993638597
1.26934212832 0.457017733593 -0.0596423103392 -0.027787485742
0.912741154597 -0.146530725123 0.0201896585583 0.00864068647186
0.885150831677 -0.190940732562 0.0279414480341 0.0108730445906
1.28698400503 0.470666253249 -0.0735193121783 -0.0256471788823
0.607490939419 -0.628220525996 0.104986368327 0.0321783640477
1.41699793242 0.633649553561 -0.112041088206 -0.0292826634529
0.622627891608 -0.505629930597 0.0858659319239 0.0182473481505
0.0195203874926 -0.970279157665 -0.0151212131986 -0.00240118236081
0.943986907334 -0.771854775841 -0.139695622263 -0.0137836690885
0.551086448169 -1.13175113901 0.861063013092 0.0258411668186
-1.13753844255 2.2645867737 0.606419370494 -0.0304408689144
-1.89207187247 2.42188943272 -0.179144746884 0.0262325057699
0.420249693695 0.906134229097 0.0534784105876 -0.0142069965659
0.0693261378427 1.00399354192 0.00599415340106 -0.00251385840185
-1.25157350815 0.902503815159 -0.0309109365324 0.0194158903943
0.0728074691533 1.21897955806 0.0339922911737 -0.0316944674954
-0.685384171009 0.712759792004 -0.0248885090746 0.0354696980658
-0.74660132665 1.25687264672 0.0121310677013 -0.0288352382472
0.0334161968153 0.8814852173 -0.00247375759441 0.0124941783925
0.0140352823087 0.899214986772 -0.000153540401006 0.0101752137761
-0.655493442507 1.3434955512 -0.00469652746235 -0.033654482335
-0.979720730274 0.46577966575 0.0140365065971 0.0513138542459
0.785753344218 1.59682656354 -0.0222365915045 -0.0567073208219
-0.680326554223 0.527488290427 0.0223688347412 0.0448211313347
-0.881641705414 1.13477551779 -0.00770817579836 -0.0129083110059
0.220907908556 1.40236342376 -0.0272377887729 -0.0395607975914
-1.3634680659 -0.085894803546 0.0874508941752 0.112864080394
0.348173442575 2.8401929517 -0.185095125277 -0.215846696917
-1.16599433392 -1.65115637478 0.409448359178 0.43661117861
1.63424691742 2.68620692594 0.966264600197 0.950423728894
