14.0 15.0 3.08395284618e-18 3.08395284618e-18
0.540436970839 1.70773251172 -0.0512947984164 -0.0512947984164
-2.37202453382 -1.70803318913 0.0654854967475 0.0654854967475
0.103340039767 1.71879974942 -0.0671638034914 -0.0671638034914
-1.34660987688 -2.14144993995 0.0622374651096 0.0622374651096
0.48875302613 0.609385510975 -0.0533606146381 -0.0533606146381
-1.61947989718 -1.05634892468 0.0422780161694 0.0422780161694
0.82916920307 -0.584029652499 -0.0303701033022 -0.0303701033022
-0.507303444402 -1.32091321212 0.0187824884574 0.0187824884574
0.274044552266 -0.830581353042 -0.00843528207301 -0.00843528207301
1.0 -1.0 -6.16790569236e-18 -6.16790569236e-18
0.867647433661 -1.21083959275 0.0061227688875 0.0061227688875
1.30116353485 0.165740336218 -0.00981047251521 -0.00981047251521
-0.0238938975175 -0.989506716056 0.0112044720555 0.0112044720555
0.644846188174 -0.32363918932 -0.0106736604121 -0.0106736604121
1.10835240387 0.00955967789239 0.00875829969108 0.00875829969108
0.910202541273 0.0854192941821 -0.0060991304882 -0.0060991304882
1.12788509079 -0.145337517922 0.00335856666438 0.00335856666438
0.772281604944 0.23848904448 -0.00114172080001 -0.00114172080001
0.0259717504692 0.972991755889 -7.49097348613e-05 -7.49097348613e-05
1.0 5.92118946467e-16 -6.16790569236e-18 -6.16790569236e-18
0.151731110422 0.839015997225 0.00143643639137 0.00143643639137
-0.187626232638 1.20504157055 -0.00407087008485 -0.00407087008485
0.26672498362 0.754189659309 0.00751925832543 0.00751925832543
-0.783263296814 1.27974024198 -0.01121387611 -0.01121387611
-0.651818500246 0.699158729119 0.0144601958487 0.0144601958487
0.263561280841 1.30223487489 -0.0165079463602 -0.0165079463602
-0.173969020355 0.722728377019 0.0166289190243 0.0166289190243
0.112558088229 1.22048187324 -0.0141931645695 -0.0141931645695
-0.0489668257123 0.871630779022 0.00873494383417 0.00873494383417
1.72701359386e-16 1.0 -1.23358113847e-17 -1.23358113847e-17
-0.868495529873 1.16266254627 -0.0120340513397 -0.0120340513397
-0.435091524018 0.645281907331 0.0271733037616 0.0271733037616
-0.127571603726 1.56860516315 -0.0450732516507 -0.0450732516507
-1.44336928372 0.205290905975 0.0653874300094 0.0653874300094
1.39517726719 2.02236027896 -0.0880998556212 -0.0880998556212
-1.72219301154 -0.241541289349 0.114429954317 0.114429954317
0.28500124058 2.44724830339 -0.150368308578 -0.150368308578
-2.36542991508 -0.666905415407 0.233492242324 0.233492242324
1.65270252698 1.5431146818 0.983606673679 0.983606673679
