6.65889025053 6.30186369753 0.1841824229 0.170671241135
0.839001446215 -0.842740305881 -0.0742355887189 -0.0664195490452
1.18762052842 0.227567360085 0.0401091330374 0.0364116612637
0.805057443059 -0.184967321775 -0.0225785130506 -0.0220321765691
1.18600474647 0.190553287679 0.0115410482101 0.0135111817645
0.863600776088 -0.247310704573 -0.00376664634082 -0.00781603967365
0.7323908289 0.666041416091 -0.00211881997906 0.00369747177368
0.216213078175 0.361061385381 0.00680757038947 -0.000546336481484
1.61159432396 -0.146930501967 -0.0106900761636 -0.0019701335544
0.160251431666 0.284645963582 0.0140054077982 0.00404939333283
0.877682239849 1.13893664796 -0.0169094838 -0.00581629175274
0.0603263607672 0.880477535854 0.0195093693074 0.00735390687096
-0.529465260105 1.15736881487 -0.0218819304555 -0.00871994260917
-0.599869707457 0.609189417165 0.0240846553809 0.00995601446532
-0.357580068257 0.355898384629 -0.0261622906328 -0.0110931920473
-0.136007792406 1.25824742288 0.0281511289518 0.0121554624364
0.351207650048 0.679818162421 -0.0300819340052 -0.0131619878464
0.476255587269 0.427367272934 0.0319820653909 0.0141286409156
0.600215865181 0.532381948621 -0.0338771498759 -0.0150690985855
0.339482695077 0.505512292882 0.0357925334977 0.0159956665154
0.742012775358 1.22703124942 -0.0377546989371 -0.0169199461588
-0.0154673058833 0.839110485002 0.0397928248399 0.0178534244753
0.0476356132357 1.12769903335 -0.0419406957615 -0.0188080512904
-0.0562967521604 0.900973250531 0.0442392547552 0.0197968669823
0.00533227522893 1.02513612691 -0.0467402576554 -0.0208347527783
-1.14926039815 -0.155378464731 0.0495118109782 0.0219394003646
-0.8591323571 0.140738758267 -0.0526472143167 -0.0231326444712
-1.13685602209 -0.138342169935 0.0562798567483 0.024442387773
-0.870149218184 0.144289884083 -0.060609871833 -0.0259055048771
-1.11267990406 -0.163047470268 0.0659554137218 0.0275724106136
-0.940558024507 0.220237398289 -0.0728607412492 -0.0295145698455
-0.437969030355 -0.850188907503 0.0823534135624 0.0318374689753
-0.627024499763 -0.0598874849005 -0.0966701550754 -0.0347043669559
-1.26147964099 -0.221164529173 0.121920495784 0.0383830031083
-0.8045524168 -1.19401447274 -0.183888880545 -0.0433461714037
-0.597208689474 -0.257763320325 0.815026157765 0.0505159445871
4.47159695646 -5.51924323605 0.108705453016 -0.0619657881195
0.680662513241 -0.0502377757605 0.0171179436301 0.0835374926753
1.37463700458 0.0317271209411 -0.104131047877 -0.140542709141
0.00388469796951 -0.00265765178286 0.742478036609 0.764510213178
