6.48499448805 8.07747737283 0.218275829711 0.196427185606
-0.663474923426 0.782019729359 -0.0968917596164 -0.0767873924899
0.175003824736 1.22268959476 0.0618234158093 0.0433110255989
0.449823287682 0.760328705681 -0.044453199449 -0.027417012882
0.83487525825 0.130931310576 0.03369021809 0.0180431501637
1.11899438562 0.266781728768 -0.0261180794465 -0.0117963803944
0.288176201832 1.33472365009 0.0203284102301 0.00728804171908
0.803886729864 -0.223227246724 -0.0156295865343 -0.00384386360595
1.15067855953 0.233680759576 0.0116383661136 0.0010965859977
0.846468238222 -0.221139720797 -0.00812186455419 0.00117123106561
1.16711650415 -0.564459579132 0.00492715421929 -0.00309683339551
0.81266869778 -0.182982091538 -0.00194631851669 0.00477141765457
1.21900147974 0.146980579684 -0.000902580957497 -0.00625824903496
0.699790577195 -0.0514192939519 0.00368688735339 0.00760290352102
0.428446447797 0.871551582892 -0.00646697654105 -0.00883937221386
0.954758677834 0.151828243393 0.00930221643626 0.00999387063136
0.469126396136 1.4248982069 -0.0122566234374 -0.0110873186909
-0.346344388509 0.627143599737 0.015405441407 0.0121370249293
0.394407196313 1.39922828077 -0.0188442100072 -0.0131578846346
-0.965286951166 0.0488997707233 0.0227029211201 0.0141632810944
-0.771229851045 0.993432583712 -0.0271702980961 -0.0151658130615
-1.30338405224 -0.529207366491 0.0325390652048 0.0161779359465
-0.637322382396 -0.471357957134 -0.039298205266 -0.0172125875436
-1.42955236715 0.166986529887 0.0483424016922 0.0182838661723
-0.479247365726 -0.312179035942 -0.0615208134968 -0.019407839113
-1.67581615257 -1.00969137931 0.0834072222914 0.0206035851193
0.511585773394 -1.13036391578 -0.129342785475 -0.0218946247773
-1.11304667701 -0.544142093344 0.303170755283 0.023310983729
3.33383868287 -1.24979213366 0.640814278323 -0.0248923013194
2.48310645124 -2.17539155962 -0.137785809418 0.0266927144764
-1.40925935373 -0.543728722624 0.0684984781037 -0.0287888749297
-0.0503443384684 -1.00733969791 -0.0391756703383 0.0312937745217
-0.72137705223 -0.0923050814686 0.0215229617375 -0.0343820098619
-0.484984870234 -1.46799463045 -0.0083256644522 0.0383393454376
-1.2574636812 0.424987960953 -0.00345527404569 -0.0436690990451
-0.844686079953 -0.385032449294 0.015946420755 0.0513493710978
-1.09308859418 0.355323321707 -0.0319317567353 -0.0635679526583
-0.946497057276 -0.334927319253 0.057860940735 0.0864338421908
-1.04961542929 0.322445979506 -0.119903435542 -0.145907342784
-0.461649367335 -0.322581294017 0.694119065771 0.717912384993
