16.8493310378 6.17998641929 0.105740970902 0.106678401451
-1.35328097175 0.966583645142 -0.0381384352633 -0.0386198285181
0.687556194513 1.11588745211 0.0173902082522 0.0178365494932
-1.03423285825 0.49179897841 -0.00693668642496 -0.00767553570551
-0.0895853254428 0.401367100634 0.000284423133132 0.00159110820153
-0.247202014832 1.25223239123 0.00462691616034 0.00250208821776
0.309243499074 0.816706363635 -0.0086641398691 -0.00547555138759
-0.328329386918 1.15836999409 0.0122691287905 0.00775818913588
0.325742742514 0.844654350337 -0.0157087943264 -0.00958585460569
-0.285906219815 1.18917418277 0.0191763762037 0.0110991898635
-0.0683000135373 0.463765495437 -0.0228426896294 -0.0123874688029
-1.607944312 -0.149601768297 0.0268915313883 0.0135102877648
0.242580617784 0.799423479703 -0.0315564971935 -0.0145091551538
-1.17242215025 0.239307415256 0.0371760850194 0.0154140807819
0.176170800099 0.880992874067 -0.0442985349716 -0.0162475222392
-1.25783043192 1.08480318497 0.053919605235 0.0170268583187
0.68014746459 0.935086347511 -0.06813362467 -0.0177660060442
-1.09201591096 1.04204077473 0.0924769828497 0.0184765236671
-0.0338601522606 1.00726861235 -0.14996291187 -0.0191683993197
-0.211792887921 0.246080480606 0.917778757331 0.0198506480202
0.281078357668 -5.33547822424 0.0119402653502 -0.0205317974483
0.790459423637 0.0712023900746 0.213182281157 0.0212203202937
-0.560381951028 -0.00705135329958 0.815647343631 -0.0219250606741
-1.68661445109 -0.329814022834 -0.191208617149 0.0226557009985
0.756007806385 -1.24509113593 0.115220131225 -0.0234233233872
-0.622571463694 -0.815330240334 -0.0852216250433 0.0242411386667
0.596005363188 -1.15201188517 0.0699409650342 -0.0251254920612
0.313231158008 0.0664140801068 -0.0620443653412 0.026097320507
0.638392512293 -1.2777537054 0.0595179402523 -0.027184357638
0.685601137859 -0.488363598615 -0.0630306471056 0.0284246127249
1.33769643326 -0.0357008812888 0.0776153748403 -0.0298721081928
0.709695516505 0.115638861827 -0.128306512214 0.0316068269117
0.575407434695 -0.218025893051 0.827292080632 -0.0337530077361
1.24957530207 4.37596962419 0.179349939136 0.0365153267304
1.56555052772 0.15537150888 -0.0902552432299 -0.0402573720228
0.477564478631 -0.0572644820975 0.070065126067 0.0456940932212
1.50978874874 0.0295028546028 -0.0675673489122 -0.0544530895758
0.487792430781 -0.0208726500653 0.078436796836 0.0712166405387
1.54377441635 0.0229841644712 -0.121121705751 -0.117232928949
-0.266557685059 -0.0376444901566 0.867320019104 0.865343171344
