19.2696115765 6.07788269926 0.152822979041 0.156307312843
-1.59901109597 -0.379287376089 -0.0539172853386 -0.0604105981461
-0.422812421529 0.755761434516 0.0237225624855 0.0324056816837
-1.56753494485 0.267658422549 -0.00855486192547 -0.0189212972355
-0.437276258441 0.758249462862 -0.000804832299795 0.0109108254706
-1.56035464636 -0.988896092309 0.00728517460069 -0.00554861910269
-0.440852325528 -0.683653073587 -0.0121196518692 0.00166667900169
-1.55749841866 0.155390744993 0.0159228057254 0.00130576214797
-0.450013279073 -0.105883802102 -0.0190374481758 -0.00368099376193
-1.4925305182 0.999990438117 0.0216711892461 0.00564453632532
0.668563509606 0.934012055382 -0.0239579860639 -0.00731380062431
-0.713482137997 1.14062540133 0.0259888428882 0.00876697431048
1.28750148522 0.256305004391 -0.0278283760136 -0.0100583998287
0.440421656027 0.782787365446 0.0295243413074 0.0112272912889
0.590713096621 1.04900469421 -0.031113421817 -0.0123029415953
-0.678371895999 1.06682328211 0.0326249240783 0.0133079785363
1.21249927638 0.389530538577 -0.0340832611319 -0.0142604887728
-0.238116640538 0.641277477339 0.0355097183744 0.0151754632604
0.557072199965 1.03606922961 -0.0369238012402 -0.0160658279455
0.363569122088 0.0465733754145 0.0383443608423 0.0169432213619
0.266211135408 1.32001169589 -0.0397906435387 -0.0178186246452
-0.330800394708 0.749719256189 0.0412833945948 0.0187029193609
0.342659151212 1.22856789595 -0.0428461594276 -0.0196074345917
-0.310016753291 0.76829532053 0.0445069736004 0.0205445426997
0.0197000280403 1.27863063821 -0.0463007335587 -0.0215283724717
-1.55472674389 0.231459579161 0.0482727377146 0.0225757317582
-0.503926727215 0.0612176149672 -0.0504842797133 -0.0237073766361
-1.4622578427 -0.196162973591 0.0530219914206 0.0249498460653
-0.59554555261 -0.995986994922 -0.0560144479125 -0.0263382316246
-1.00626333939 -1.03682256672 0.0596639514762 0.0279205376272
0.658173613232 -0.953147092479 -0.0643133641352 -0.0297648541249
-0.636320479134 -1.04907158274 0.0706054156607 0.0319717574586
0.778169309544 -0.953712335847 -0.0799364734912 -0.0346970396354
0.565877938642 -1.0373530285 0.0961626678504 0.0381964654162
1.49158983475 -0.989241239899 -0.136402987245 -0.0429223091236
-0.183442867657 -0.328917156688 0.871526106444 0.0497583130966
2.15261741006 -2.60330238513 0.0109665553511 -0.0606974235981
0.600764184816 -0.532219141281 0.0579295042357 0.081381681132
0.958526921181 -0.424817842525 -0.128120638961 -0.136516669727
-0.605535145128 -0.57410363648 0.787847518145 0.788824312958
