13.0 6.0 0.0 0.0
8.36374467642 4.35811121848 -0.208264988505 -0.208264988505
-2.10982529799e-16 1.0 0.0 0.0
-2.75514072007 -0.137389857181 0.120710678119 0.120710678119
4.4408920985e-16 1.0 0.0 0.0
1.5701965854 1.66113809904 -0.0815925843564 -0.0815925843564
2.6645352591e-16 1.0 -8.881784197e-17 -8.881784197e-17
-1.00734271625 0.558140363372 0.0585424783056 0.0585424783056
2.61029088252e-17 1.0 0.0 0.0
0.610132222941 1.30871147174 -0.0427040342732 -0.0427040342732
4.4408920985e-17 1.0 0.0 0.0
0.0287470168197 0.786539885546 0.030640039407 0.030640039407
1.0 1.0 0.0 0.0
1.08346648724 1.13607907497 -0.0207106781187 -0.0207106781187
1.33226762955e-16 1.0 0.0 0.0
-0.532391434338 0.935395216402 0.012003937954 0.012003937954
3.13035974196e-16 1.0 0.0 0.0
0.350833430025 0.985948131266 -0.00393508534123 -0.00393508534123
-1.58776712148e-16 1.0 0.0 0.0
-0.270467266037 1.13398216883 -0.00393508534123 -0.00393508534123
0.0 1.0 0.0 0.0
0.540393343203 0.414602982888 0.012003937954 0.012003937954
1.0 0.0 0.0 0.0
0.900008113463 0.324709452961 -0.0207106781187 -0.0207106781187
3.97506761564e-16 1.0 0.0 0.0
-0.697832787418 1.28233654701 0.030640039407 0.030640039407
1.20439766797e-16 1.0 0.0 0.0
1.19217322741 0.439883316381 -0.0427040342732 -0.0427040342732
1.0 0.0 0.0 0.0
-0.0710234395014 0.174219697876 0.0585424783056 0.0585424783056
-8.881784197e-17 1.0 0.0 0.0
0.728105300552 1.52402748608 -0.0815925843564 -0.0815925843564
-2.61029088252e-17 1.0 0.0 0.0
-1.19489702663 0.393319756254 0.120710678119 0.120710678119
2.04910554165e-16 1.0 0.0 0.0
2.16560044536 1.86277092405 -0.208264988505 -0.208264988505
1.0 1.0 0.0 0.0
-2.05501349168 -0.714466979518 0.635310236809 0.635310236809
-2.22044604925e-16 0.0 1.0 1.0
8.0507080331 3.57194104355 0.635310236809 0.635310236809
