7.7380952381 19.4523809524 0.0238095238095 0.0238095238095
-0.095627600695 0.62646724918 0.000583000741789 0.000583000741789
1.20005894242 1.3875134892 -0.00851511321389 -0.00851511321389
0.816165776771 0.539988409648 0.0124814417139 0.0124814417139
1.17834442439 0.202867698084 -0.0148849997004 -0.0148849997004
0.826349685879 -0.179376952002 0.016514152402 0.016514152402
1.16691835663 -0.0593141856518 -0.0177038481231 -0.0177038481231
0.844790506134 -1.08244595429 0.0186207139904 0.0186207139904
1.13175983748 0.227901017226 -0.0193570800385 -0.0193570800385
0.929444980968 -1.67973312046 0.0199683222892 0.0199683222892
0.697648077215 -0.404999266101 -0.0204897520254 -0.0204897520254
-0.319331538884 -1.57066165157 0.020945030949 0.020945030949
0.236797738622 -0.422109639025 -0.0213506929179 -0.0213506929179
-0.14391065171 -1.64045584629 0.0217187267508 0.0217187267508
-0.498040686464 0.268148854893 -0.0220581292269 -0.0220581292269
-0.681647376932 -1.08249494781 0.0223758819255 0.0223758819255
0.544697013344 -0.781065834897 -0.0226775920543 -0.0226775920543
-1.30746273378 -0.46007650619 0.0229679311678 0.0229679311678
0.232340407281 -0.456544039551 -0.0232509501987 -0.0232509501987
-1.20729269515 -0.581865752438 0.0235303192108 0.0235303192108
-0.738095238095 0.547619047619 -0.0238095238095 -0.0238095238095
-1.25791199754 -0.583127185795 0.0240920413768 0.0240920413768
0.390636470929 -0.496964716231 -0.0243815164194 -0.0243815164194
-0.429477681108 -1.56904452755 0.0246819541514 0.0246819541514
0.599971950874 -0.260480312326 -0.0249979549275 -0.0249979549275
0.492237316913 -0.626587194275 0.0253350203546 0.0253350203546
0.40492791288 -0.629545285632 -0.0256999774643 -0.0256999774643
0.92084870621 -1.55668793255 0.0261015956663 0.0261015956663
1.18744110527 0.167965436665 -0.0265515234665 -0.0265515234665
0.740684545269 0.586065581534 0.0270657716102 0.0270657716102
1.36452910547 -0.116687813849 -0.0276671686087 -0.0276671686087
0.139968707208 0.484982591025 0.0283896371375 0.0283896371375
0.66212423829 0.77343859089 -0.0292861021864 -0.0292861021864
1.00204072469 -0.473969091104 0.0304442366887 0.0304442366887
1.07648172398 0.420136442496 -0.0320209154583 -0.0320209154583
0.88659250435 -0.401515391077 0.0343277335849 0.0343277335849
1.1364441543 0.393486853014 -0.0380848797746 -0.0380848797746
0.844869158277 -0.389815113998 0.0454189056865 0.0454189056865
1.18198743381 0.388670475958 -0.0665749720287 -0.0665749720287
-0.0868747340774 -0.390635857705 0.972371702816 0.972371702816
