14.0 5.0 -6.16790569236e-18 3.08395284618e-18
1.63016341438 1.44423136726 -0.0472005332635 -0.0512947984164
-1.66418910422 0.584688542925 0.0592180073397 0.0654854967475
1.71108238453 1.37090342922 -0.0605070881751 -0.0671638034914
-2.17458013631 0.684758702859 0.0566220955802 0.0622374651096
0.693021714905 1.25265577481 -0.0497036008162 -0.0533606146381
-1.2157751373 0.81200324058 0.0408934950585 0.0422780161694
-0.2288795348 1.12624199394 -0.0309585715122 -0.0303701033022
-0.395158515764 0.927998266629 0.0204985639975 0.0187824884574
-0.876963313398 1.02905840053 -0.0100261963676 -0.00843528207301
9.86864910778e-17 1.0 -2.46716227694e-17 -6.16790569236e-18
-0.0686934196578 0.985985573984 0.00916245380238 0.0061227688875
0.216554121551 1.01333092541 -0.0170798851575 -0.00981047251521
-0.950042822594 1.00029987687 0.0234061495055 0.0112044720555
-0.386856498266 0.975977907862 -0.0278298638355 -0.0106736604121
0.04942523493 1.05444538866 0.0300729382461 0.00875829969108
0.263038426423 0.911177818239 -0.0298862175334 -0.0060991304882
1.2221803352 1.12877801656 0.0270398452668 0.00335856666438
0.881747474462 0.793070545267 -0.0213043412642 -0.00114172080001
1.05496563781 -0.0316597781798 0.0124146046215 -7.49097348613e-05
1.0 -1.97372982156e-16 -2.46716227694e-17 -6.16790569236e-18
0.970864748145 -0.0580048995395 -0.0165598858744 0.00143643639137
0.372863830857 0.837169230034 0.0384633780578 -0.00407087008485
-0.464819506615 1.10568061074 -0.0683472861447 0.00751925832543
1.006935944 0.519557036404 0.113074155067 -0.01121387611
0.699457738761 -0.401361728163 -0.196532973949 0.0144601958487
1.25871107524 0.533188000927 0.487582036562 -0.0165079463602
-1.16938424191 -1.03183978613 0.874826490143 0.0166289190243
-1.47136270506 -2.95786529332 -0.169537695434 -0.0141931645695
1.11005588788 -0.802682552569 0.0550490132871 0.00873494383417
1.0 -1.0 -2.77555756156e-17 -1.23358113847e-17
1.10180866814 -1.07269061485 -0.0362739700143 -0.0120340513397
0.0315731889467 -0.88678723259 0.0638451729785 0.0271733037616
0.126484513131 -1.18277931265 -0.0864628057214 -0.0450732516507
0.176605582923 -0.32042265948 0.1060679469 0.0653874300094
1.48309616128 -0.215502360083 -0.124300560422 -0.0880998556212
-1.34617118326 -1.4335386147 0.143770378464 0.114429954317
1.62438790807 -0.616017636792 -0.171694099176 -0.150368308578
-0.442825253101 -1.32763975038 0.246713884331 0.233492242324
1.39289960292 0.580924903067 0.977707187676 0.983606673679
