6.70037622509 7.89421231274 0.131697231428 0.0878094067108
0.723819756764 0.135930237904 -0.0694185884011 -0.0299737243302
1.01289461527 -0.344515058293 0.048018039789 0.0120390973011
-0.0742854609198 -0.758813360481 -0.0363920079569 -0.00322348195754
1.47527777095 0.1920585502 0.0287469813765 -0.00207029023193
0.688291607193 -0.0533532430982 -0.0231602515297 0.00563791865112
0.596400400623 -0.643136327957 0.0187923035376 -0.0082327891933
0.379193028703 -0.394603562885 -0.0152106048233 0.0102266236483
1.47115724045 0.252552034633 0.0121658671478 -0.011824197472
0.576342789734 -0.205436788749 -0.00950210715061 0.0131477865421
1.40385552115 0.174628524268 0.00711522868744 -0.0142750899139
0.594809491589 -0.14098718804 -0.00493191105667 0.0152580228411
1.45099813302 0.0732709804573 0.00289794744077 -0.0161327714552
0.0599622546141 0.429971505082 -0.000971351421824 0.0169255156343
0.204173426084 1.29947615085 -0.000881980881131 -0.0176558596291
-0.262171623517 0.753583449101 0.00269118323699 0.0183389840367
0.316564855957 1.22199511104 -0.00448252837449 -0.0189870538115
-0.468837948326 0.794494404495 0.00628110696434 0.0196101795032
-0.52986141167 1.19058393156 -0.00811232924275 -0.0202171052344
-0.43809528307 0.827255602146 0.0100034537835 0.0208157301381
-0.661614439072 1.14405615671 -0.0119853509008 -0.0214135333118
0.284218722092 0.925726204602 0.0140947622381 0.0220179527486
-0.880196551737 0.40151169432 -0.0163774434693 -0.0226367598356
-0.186748899189 0.551106876522 0.0188928256147 0.0232784701722
0.0169106570625 1.3071068273 -0.0217213186776 -0.0239528384101
-0.988955656449 0.75923218786 0.0249763745398 0.0246715016407
0.344560773129 1.0599038363 -0.0288255656942 -0.0254488679072
1.09894193797 -0.430223594353 0.0335299020779 0.0263034048467
0.899618138366 0.387564423698 -0.0395232679833 -0.0272595910423
1.14185018136 -0.393324195086 0.0475902633141 0.0283509973236
0.789612029602 0.442984320221 -0.0593235751434 -0.0296253730734
1.31864602416 -1.25182380479 0.0785619869033 0.0311534737046
0.494991021434 0.324133714281 -0.117659251523 -0.0330453170173
1.8740317639 -0.501700696977 0.252003272895 0.0354823822929
-3.00955497597 0.985331369725 0.796575118982 -0.0387875907689
-7.28677250254 1.1410059817 -0.121772576174 0.04359740178
1.25553937926 0.391337967901 0.0466669697175 -0.0513657886783
-1.46316946699 0.587429313952 -0.00595545123429 0.0663005423375
-0.519860828984 -0.213762691627 -0.0492481230309 -0.107755572169
-0.625134919325 0.127681287195 0.841932542773 0.891807092478
