7.44721550784 14.2439775473 0.156307312843 0.156307312843
-1.16272170117 0.772063236609 -0.0604105981461 -0.0604105981461
0.938796862002 1.2213025967 0.0324056816837 0.0324056816837
0.0955441263911 0.804620200626 -0.0189212972355 -0.0189212972355
0.997301392216 1.12489998741 0.0109108254706 0.0109108254706
0.676937379403 0.0333009908724 -0.00554861910269 -0.00554861910269
0.369611460288 0.968913021205 0.00166667900169 0.00166667900169
1.06053718251 -0.408603990099 0.00130576214797 0.00130576214797
1.01503834113 0.327684985813 -0.00368099376193 -0.00368099376193
0.957580579658 -0.283188786745 0.00564453632532 0.00564453632532
1.05228701328 0.23936910016 -0.00731380062431 -0.00731380062431
0.948359184696 -0.161471081626 0.00876697431048 0.00876697431048
1.0425201889 -0.43904866254 -0.0100583998287 -0.0100583998287
0.962484092995 -0.555518201141 0.0112272912889 0.0112272912889
-0.0925470876635 -0.637885676247 -0.0123029415953 -0.0123029415953
0.498680347419 -1.29831985549 0.0133079785363 0.0133079785363
0.0416866241425 -0.747774579569 -0.0142604887728 -0.0142604887728
-0.728586361929 -1.18909010942 0.0151754632604 0.0151754632604
-0.350930846524 -0.0408209492383 -0.0160658279455 -0.0160658279455
-0.555439259487 -0.887841222353 0.0169432213619 0.0169432213619
-0.890697031795 -0.153174712034 -0.0178186246452 -0.0178186246452
-1.12347510994 -0.814865255145 0.0187029193609 0.0187029193609
-0.917978832647 -0.217295576534 -0.0196074345917 -0.0196074345917
-0.888285353874 -0.739543732565 0.0205445426997 0.0205445426997
-0.095341481824 -0.348562949658 -0.0215283724717 -0.0215283724717
-1.41731026807 -0.0826424377874 0.0225757317582 0.0225757317582
0.0232127848603 -0.598933650714 -0.0237073766361 -0.0237073766361
-0.9716503018 -1.24914059266 0.0249498460653 0.0249498460653
0.164762621878 -0.852258238687 -0.0263382316246 -0.0263382316246
0.257129930449 -0.675857093684 0.0279205376272 0.0279205376272
1.37633423754 -0.32398115429 -0.0297648541249 -0.0297648541249
0.680350778892 -0.57291269906 0.0319717574586 0.0319717574586
1.29813234712 0.438022189048 -0.0346970396354 -0.0346970396354
0.711830842905 -0.391141748691 0.0381964654162 0.0381964654162
1.28422092465 0.365019224762 -0.0429223091236 -0.0429223091236
0.715132122392 -0.347393077891 0.0497583130966 0.0497583130966
1.29080411226 0.334288068702 -0.0606974235981 -0.0606974235981
0.693683990435 -0.324297244773 0.081381681132 0.081381681132
1.35315587491 0.317720925385 -0.136516669727 -0.136516669727
0.0171429896325 -0.319006551083 0.788824312958 0.788824312958
