15.351975617 6.86294463865 0.114469817665 0.140885425841
-1.57201568543 -0.29689501493 -0.0289393801733 -0.0538003035115
-0.0968779019284 0.616189943589 0.00477574992504 0.027992846759
-0.413096813595 0.904336248753 0.00594893373675 -0.0155049531587
0.520476814239 1.14973537216 -0.0114658756749 0.00806738530174
-0.62009738838 0.861432944492 0.014325021629 -0.00308071452521
0.865409452612 0.96225194139 -0.0155380872363 -0.000533353403678
0.132201645739 -0.0232400262776 0.0155404460256 0.0033029534943
0.42163953145 1.53342760492 -0.0144872591623 -0.00551751559194
-0.535830189929 0.511530586969 0.0123476305248 0.00734918847405
1.44540328487 1.49161686254 -0.00890702442267 -0.00890702442267
-0.68569627497 0.485215908137 0.00368745162376 0.0102637019769
0.773975272893 1.55435498601 0.00428175856362 -0.0114697687103
-0.910647696886 0.385228864947 -0.0170977101597 0.0125617224591
1.70555694604 1.70960343422 0.0400650154045 -0.013566842725
-0.89712408293 0.126689866358 -0.0912878697535 0.014506214049
2.45802454277 2.17893168686 0.297618906752 -0.0153966995947
-4.30951834511 -3.90050963784 0.736505949437 0.016252285216
-3.09430274786 -4.13259504247 -0.21999506617 -0.0170850387073
-0.0566011331307 1.30791715376 0.146502812182 0.0179058342759
-0.443268446279 0.779586458104 -0.117309332141 -0.0187249403165
-0.989225438352 -0.0457591617973 0.101752130219 0.0195525406985
-0.847247375621 0.179985891516 -0.0921726824364 -0.0203992469357
-1.30122887402 -0.710614881812 0.0857562480369 0.0212766568857
0.0509025641136 -0.94023687299 -0.0812305698715 -0.0221980245161
0.5528682652 -1.16120966102 0.0779421749279 0.0231791274333
0.391581901112 -0.757093159942 -0.0755273499199 -0.0242394613449
-0.52559934141 -1.35984103146 0.0737753726954 0.025403968069
1.09967263304 -0.0791279545833 -0.0725659283031 -0.0267056461297
-0.135266866111 -0.945915465505 0.0718397210194 0.0281896633176
1.31255621103 -0.717481292618 -0.0715867944348 -0.0299201277681
0.344223297858 -0.459706873429 0.0718474903321 0.0319918043258
0.689295846362 -0.472900523494 -0.0727273635024 -0.0345516133786
0.739371488125 -0.551280899061 0.0744353645774 0.0378410226694
1.39441780749 -0.479257176556 -0.0773726313673 -0.0422876442392
-0.368980127223 0.589753516839 0.915687339863 0.0487287063762
0.534834389126 4.50642169706 -0.0912534704431 -0.059057919022
-0.934242764015 -0.186376159573 0.109441173531 0.0786636250583
-0.0922538267418 0.995414021419 -0.160759649712 -0.131405960915
-0.28859952453 0.0274712066799 0.841677536211 0.81377145957
