17.0 6.0 -1.6247166214e-17 3.52021934637e-17
0.598958383213 -1.1278904042 0.0143093937935 0.0123826178158
1.40719955525 0.153399873764 -0.020365163157 -0.0164756780662
0.591268280608 -0.0872516156395 0.024449103154 0.0185347976164
1.38163884318 1.18340675511 -0.0278173814602 -0.019786673058
-0.614979079934 0.867996900377 0.0309102578291 0.0206369581156
-0.534561355655 1.0873732033 -0.0339430872446 -0.0212587795628
-0.238100547595 0.980288838966 0.037055641354 0.0217385179891
0.141484243558 0.838695325809 -0.0403657112053 -0.0221241389519
-1.28622511676 0.0782936696329 0.0439965551623 0.0224444563122
0.414691795728 0.967238828041 -0.048098898793 -0.0227178669031
-1.68760316674 -0.00772107604629 0.052877839379 0.0229567111664
-0.429345399276 1.05483290499 -0.058635678206 -0.0231696199267
-1.32170991044 -0.121343285399 0.0658509903328 0.0233628565914
0.559243351402 1.23926616934 -0.0753417095933 -0.0235411250866
-2.00710965379 -0.612005409187 0.0886436422835 0.0237080785581
-0.0126144943293 0.526172505055 -0.109034504075 -0.0238666534135
-2.05666081289 -0.543410904926 0.145002740327 0.0240192982475
0.207660222674 0.871733478988 -0.227478654689 -0.0241681384263
-2.38046660259 0.416128905913 0.62891366604 0.024315101533
4.58540344418 -0.0408353303616 0.612313518974 -0.0244620203335
2.84284316342 0.361954191675 -0.18394792968 0.024610725378
0.0215268010741 1.32100496174 0.0993154413247 -0.0247631373625
0.733465182242 0.729040183773 -0.0627485718468 0.024921369333
-0.171236177851 1.24884857058 0.0421058659879 -0.0250878506979
-0.0399392671947 0.768483229464 -0.0286698896972 0.0252654894082
0.208128242365 1.20874767765 0.0190942138271 -0.0254578969632
-0.83869472962 0.847531058301 -0.0118160291116 0.0256697160196
-0.908572814416 0.579290493515 0.00600424822816 -0.0259071182813
-1.17132190084 -0.460304061557 -0.00117218994693 0.0261785936118
-0.781699912058 1.11361944647 -0.00298915055021 -0.0264962579393
-1.25166890274 0.0981821801913 0.00669243251219 0.0268781339259
-0.722520712219 -0.0115229829841 -0.0100992934002 -0.0273523749998
-1.29841073628 0.770127041352 0.0133516276584 0.0279656919041
-0.684130907119 0.365372412359 -0.0166035017247 -0.0288018377032
-1.33061568284 -0.271209895263 0.0200754712751 0.0300276478108
-0.657084661948 0.263797621259 -0.0241972795764 -0.0320304125295
-1.35216619635 -1.12438077472 0.0301559494161 0.035962395607
-0.646603903411 -0.860722764769 -0.0436321210021 -0.0474746648521
-0.415810327406 -0.184423044508 0.997057658296 0.998972844211
