8.56897826695 7.93186436013 0.0485607715976 0.0463875480774
-0.152579956942 0.646578305804 -0.00481513223183 -0.0103989467788
0.00824993184449 1.19601821163 -0.0146462175407 -0.00111723372709
-1.05623743365 -0.268498713051 0.0290915272105 0.00684194917684
0.117348836806 1.54335890709 -0.0428827796516 -0.0103001946599
-1.24320342182 0.516000406679 0.0586321055774 0.0126395740335
0.732473814767 1.51760810403 -0.0799335249737 -0.0143455484586
-1.05003788413 0.0574010734659 0.115408479717 0.0156589352274
-0.62981882837 0.75816491124 -0.199147546626 -0.0167129040466
-1.04915496151 0.46665014635 0.813940463871 0.0175872028437
2.86300373097 -0.944515119701 0.324808142723 -0.0183326223359
1.23312664205 0.54495160281 -0.118646504269 0.0189831627012
1.07284213722 0.394273684647 0.063304158688 -0.0195625613459
0.851518715807 -0.274460287217 -0.0364456181952 0.0200880169573
1.13909800555 0.274705336296 0.019872627527 -0.0205724263475
-0.21657897156 0.810327683518 -0.00813931712561 0.0210257900952
1.47230693872 -0.0749208654954 -0.000968981711293 -0.0214561338237
0.3390821659 0.274003007123 0.00853731064259 0.021870138302
0.500295888099 0.874526717315 -0.0151747993782 -0.0222735913815
0.918299382443 -0.279336128022 0.0212662883367 0.0226717314462
1.16004961325 0.185313316893 -0.0270860769854 -0.0230695282615
0.813258330227 -0.140711718277 0.0328581317234 0.023471934424
1.19035744336 0.116397358667 -0.0387953808149 -0.0238841349603
0.845230045749 -0.127630733537 0.0451343538017 0.0243118222717
0.46396571057 0.788998371027 -0.0521780143172 -0.0247615284766
-0.346721332949 1.13100676753 0.0603650789763 0.0252410587255
0.320500545778 0.841907435928 -0.07040462404 -0.0257600909297
-1.27619457572 1.21722176542 0.0835785177712 0.0263310471927
0.382973765942 0.692064042388 -0.102537998378 -0.0269704156766
-0.40105719456 1.44839441044 0.133912070475 0.0277008415873
0.452816594949 0.313775802684 -0.20051799492 -0.0285545854569
-0.585194056443 2.1114444931 0.470208532551 0.0295795386052
1.23507030913 -4.51846205814 0.6928248352 -0.030850331031
1.16125605669 -6.50784975779 -0.155265132746 0.0324904075322
-0.331992238997 0.80399380461 0.0670826072394 -0.0347202189329
0.728432314209 -2.12168190665 -0.0274262607323 0.0379764489439
0.497109443432 -0.171631361314 0.00117983234186 -0.0432642620011
-0.285766429223 -1.6572537641 0.0233521198126 0.0535306571714
0.242730462293 -0.475239207782 -0.0634335221415 -0.0827405176714
-0.220721527747 -0.592432824356 0.935225145414 0.945492529128
