5.84113513491 7.31117811246 0.283372421996 0.283372421996
0.346403366334 0.866156308204 -0.105527917918 -0.105527917918
0.575586376331 1.20572355939 0.0623842877344 0.0623842877344
0.95808125262 0.268920085643 -0.0427669641651 -0.0427669641651
0.773420356308 1.0117936949 0.0314456948404 0.0314456948404
-0.772643194621 0.37641214876 -0.0240008153442 -0.0240008153442
-0.314126648052 0.615408975539 0.0186764686214 0.0186764686214
-0.648089712441 0.386436755338 -0.0146360637768 -0.0146360637768
-0.379352827536 0.608351169262 0.011429921825 0.011429921825
-0.590924839396 0.405482214229 -0.00879442352765 -0.00879442352765
-0.46297732593 0.552949440068 0.00656445919794 0.00656445919794
-0.235791588516 0.736764214617 -0.00463101084157 -0.00463101084157
-0.342244740785 1.19725241437 0.0029188588441 0.0029188588441
0.852922033134 0.826382092309 -0.00137407716367 -0.00137407716367
1.11598906755 0.397815394275 -4.33702469516e-05 -4.33702469516e-05
0.898133357273 -0.715407422733 0.00136422237089 0.00136422237089
1.10331094194 -0.283634649259 -0.00261289458297 -0.00261289458297
0.424608346854 -1.20518905108 0.00380948629831 0.00380948629831
0.528678266698 -0.812821000168 -0.00497119971104 -0.00497119971104
-0.0254160466564 -1.18570598064 0.0061133982249 0.0061133982249
-0.421091135872 -0.80854983431 -0.0072504518885 -0.0072504518885
-0.345247317603 -1.20847858476 0.0083964731024 0.0083964731024
0.199908829646 -0.731523544815 -0.0095660244962 -0.0095660244962
0.799310879957 -0.569885060697 0.0107748756084 0.0107748756084
1.11853450577 -0.805679699033 -0.012040894277 -0.012040894277
0.920825272261 -0.450413240777 0.0133851852353 0.0133851852353
1.03839245835 -0.527769905283 -0.0148336406099 -0.0148336406099
1.02866458951 -0.415214225455 0.016419162549 0.016419162549
0.730308691533 -0.146595933424 -0.0181849931504 -0.0181849931504
0.49043889437 -0.643801232241 0.0201899164464 0.0201899164464
-0.0334149376999 -0.666699503604 -0.0225167455654 -0.0225167455654
-1.29243377771 -1.16853002989 0.0252868556944 0.0252868556944
-0.792769719342 0.232871742747 -0.0286865188195 -0.0286865188195
-1.16609014723 -0.228691677291 0.0330180279022 0.0330180279022
-0.862034974242 0.240796163903 -0.0388079619188 -0.0388079619188
-1.11392763775 0.461235393602 0.0470642322766 0.0470642322766
-0.911215563904 0.0789790857361 -0.0599914112203 -0.0599914112203
-1.05539380514 0.162199193899 0.0835207417882 0.0835207417882
-1.00935160777 0.781878255184 -0.140960357766 -0.140960357766
-0.620908723942 0.198810510241 0.510983681355 0.510983681355
