10.0 13.0 3.08395284618e-18 3.08395284618e-18
1.06486323261 0.532013032844 -0.0512947984164 -0.0512947984164
-1.05083224312 -2.53991751204 0.0654854967475 0.0654854967475
1.56541659611 1.11033895899 -0.0671638034914 -0.0671638034914
0.406667786144 -1.61729916661 0.0622374651096 0.0622374651096
1.50426376598 0.0341085155868 -0.0533606146381 -0.0533606146381
0.60786441623 -0.211952221172 0.0422780161694 0.0422780161694
1.27702883616 -0.0464714025412 -0.0303701033022 -0.0303701033022
0.830801701734 -1.1387815695 0.0187824884574 0.0187824884574
1.07543490723 0.179804940507 -0.00843528207301 -0.00843528207301
1.0 0.0 -6.16790569236e-18 -6.16790569236e-18
0.944480103001 -0.0926171535371 0.0061227688875 0.0061227688875
1.0930067333 0.129429572987 -0.00981047251521 -0.00981047251521
0.879360553198 -0.113089287772 0.0112044720555 0.0112044720555
1.16805729666 0.023772127109 -0.0106736604121 -0.0106736604121
0.515205758691 0.377166788977 0.00875829969108 0.00875829969108
-0.210759201104 1.20186360741 -0.0060991304882 -0.0060991304882
0.204277422948 0.95228413716 0.00335856666438 0.00335856666438
-0.281241831532 0.884005852483 -0.00114172080001 -0.00114172080001
-0.942031326135 -0.0365643552575 -7.49097348613e-05 -7.49097348613e-05
-4.93432455389e-16 1.0 -6.16790569236e-18 -6.16790569236e-18
-0.930495107277 1.0971617242 0.00143643639137 0.00143643639137
-0.263678673257 0.837949862529 -0.00407087008485 -0.00407087008485
-0.384534294356 1.2613482688 0.00751925832543 0.00751925832543
-1.52972530506 0.207334669849 -0.01121387611 -0.01121387611
-0.125021708197 0.367738204319 0.0144601958487 0.0144601958487
-0.432263772982 1.23840161616 -0.0165079463602 -0.0165079463602
-1.0433874424 0.852103823272 0.0166289190243 0.0166289190243
-1.04812698259 1.09039326243 -0.0141931645695 -0.0141931645695
-0.909855011485 0.964456373982 0.00873494383417 0.00873494383417
-2.46716227694e-16 1.0 -1.23358113847e-17 -1.23358113847e-17
-0.920616638485 0.113681646998 -0.0120340513397 -0.0120340513397
-0.284529420784 0.604728703892 0.0271733037616 0.0271733037616
-0.408955869403 0.806005509417 -0.0450732516507 -0.0450732516507
-0.975407123336 -0.342511790382 0.0653874300094 0.0653874300094
0.426343964423 2.23524821833 -0.0880998556212 -0.0880998556212
-2.07480849633 -0.328829572811 0.114429954317 0.114429954317
0.0221068176729 2.44757537972 -0.150368308578 -0.150368308578
-1.95502488397 -0.59414299789 0.233492242324 0.233492242324
1.1861154397 1.40215112045 0.983606673679 0.983606673679
