8.42867876935 7.36828058985 -0.00644393579397 0.0463875480774
0.982218658177 0.0947209067138 0.0401066842671 -0.0103989467788
1.03512248365 -0.122500883729 -0.0496876595777 -0.00111723372709
0.952134353578 0.165509342473 0.0537681273266 0.00684194917684
1.05637648263 -0.251857548788 -0.0558042152798 -0.0103001946599
0.941048839227 0.590195694639 0.0568945948525 0.0126395740335
1.04948801212 0.523533752999 -0.0574891913068 -0.0143455484586
0.999381116034 0.357438354606 0.0578026257867 0.0156589352274
0.540417744382 1.20963966168 -0.0579486444097 -0.0167129040466
-0.275526200438 0.884614037904 0.057992722495 0.0175872028437
0.238581934098 1.07221701006 -0.0579755544489 -0.0183326223359
-0.234539805834 0.951757237811 0.0579247419072 0.0189831627012
0.248159513922 1.03926193069 -0.0578612942643 -0.0195625613459
-1.16604619528 0.0675389848998 0.0578038320162 0.0200880169573
0.230750138149 0.96834063299 -0.0577719952532 -0.0205724263475
-0.269442647602 1.03160595792 0.0577901163757 0.0210257900952
0.330523141153 0.961679301968 -0.0578923246319 -0.0214561338237
-0.554778898585 1.04666368134 0.0581309785577 0.021870138302
-0.602098540609 0.943983184139 -0.0585922635941 -0.0222735913815
0.0365916071891 1.06656997985 0.0594278114637 0.0226717314462
-0.0221636286086 0.921084431235 -0.0609253101537 -0.0230695282615
0.478456441611 1.09413625716 0.0636865392147 0.023471934424
0.734479571399 0.885801318271 -0.0691593282446 -0.0238841349603
-0.485974122923 1.14274764218 0.0817095149525 0.0243118222717
0.467612659851 0.816832273527 -0.121953919847 -0.0247615284766
-0.518310870731 0.611691147172 0.930743501095 0.0252410587255
2.32573256154 -10.2736492006 0.107405117928 -0.0257600909297
0.546805928178 -0.440624368024 -0.0574441579847 0.0263310471927
1.57724389568 0.199002745559 0.0617565494838 -0.0269704156766
0.257032455594 -0.134533767082 -0.104441663644 0.0277008415873
2.01474754925 0.138024588646 0.301604184129 -0.0285545854569
-3.19173248465 -0.344537799394 0.844551331114 0.0295795386052
-5.30374505891 -0.920389157461 -0.236531856789 -0.030850331031
0.0573762219224 0.808350687571 0.159541077013 0.0324904075322
-1.54111145384 0.44726103978 -0.131345102827 -0.0347202189329
-0.669412872576 -0.0876058640662 0.118595441649 0.0379764489439
-1.21772980105 0.0176023820709 -0.114050335641 -0.0432642620011
-0.848529294058 0.0148891822964 0.117668922298 0.0535306571714
-1.12466556075 -0.0367073912142 -0.142077944451 -0.0827405176714
-0.0612921771308 0.055152972531 1.00118995864 0.945492529128
