11.4949069614 10.0454227274 0.237469813685 0.237469813685
-0.131950613244 -1.28283931235 -0.0919325352849 -0.0919325352849
0.147124684914 -0.656753874298 0.0533618567077 0.0533618567077
-1.20523447419 -0.542328911557 -0.0353594914155 -0.0353594914155
-0.317268124273 -0.848305296779 0.0248339714305 0.0248339714305
0.805606091826 -0.480147020948 -0.0178571428571 -0.0178571428571
1.14283742147 -0.805966265518 0.0128403768166 0.0128403768166
0.867797108335 -0.632679042385 -0.00901815999765 -0.00901815999765
1.11325878107 0.700409528353 0.00597575816687 0.00597575816687
0.931885000642 0.214631826687 -0.00346860390646 -0.00346860390646
0.190216397427 0.94991794044 0.00134281299199 0.00134281299199
0.277571760365 0.891626265859 0.000503604017914 0.000503604017914
0.586613522232 1.15497214254 -0.00214124370622 -0.00214124370622
-0.270503164426 0.820174468291 0.0036208632263 0.0036208632263
-0.281590668433 1.19768362274 -0.00498024754303 -0.00498024754303
-0.52337142307 0.785937416159 0.00624848453477 0.00624848453477
0.0413204565325 1.23330967002 -0.00744874186314 -0.00744874186314
-0.995910723406 0.736804081833 0.00860014832297 0.00860014832297
-0.00354656473399 1.33158625649 -0.00971912854336 -0.00971912854336
-1.04327905081 0.169643142946 0.0108204035538 0.0108204035538
-0.471105069757 0.288837049923 -0.0119177949309 -0.0119177949309
-0.742220192038 0.527191289089 0.0130249298579 0.0130249298579
-0.155255289668 0.509084026524 -0.0141559252021 -0.0141559252021
-1.10627116444 0.501433488311 0.015326124744 0.015326124744
-0.804103151914 0.434871704833 -0.0165529738181 -0.0165529738181
-1.22969867855 0.0956028463199 0.0178571428571 0.0178571428571
-0.753646752032 0.37787930357 -0.0192640642416 -0.0192640642416
-1.23564078918 -0.816493684566 0.0208061435195 0.0208061435195
0.249778291495 -0.491090727282 -0.0225260833515 -0.0225260833515
-0.291190041895 -1.40759898225 0.0244820935313 0.0244820935313
0.314276320082 -0.627173270354 -0.0267564220454 -0.0267564220454
-0.345157483225 -1.35912061183 0.0294700238706 0.0294700238706
0.421295448837 -0.642661426566 -0.0328092739589 -0.0328092739589
0.364942095143 -1.36637657276 0.0370781455209 0.0370781455209
0.271112509011 -0.608366750585 -0.0428095854145 -0.0428095854145
-0.381384238176 -1.45867450837 0.0510327823084 0.0510327823084
0.764915123949 -0.168625513697 -0.0640284540609 -0.0640284540609
0.138555504848 -0.958169563405 0.0880667208593 0.0880667208593
1.16662712827 -0.606094991971 -0.148921652446 -0.148921652446
0.283401335302 -0.0646953280342 0.63319103835 0.63319103835
