13.9498318207 5.21355626195 0.228394319123 0.228394319123
-1.35835547082 -0.0764081158793 -0.0887608147718 -0.0887608147718
-0.644178411115 -0.482221117208 0.0512593452856 0.0512593452856
-1.35534783613 0.450693038122 -0.0336839201125 -0.0336839201125
-0.645637560842 0.0856023796158 0.0233866599225 0.0233866599225
-1.35265969847 0.0164219420796 -0.0165524236952 -0.0165524236952
-0.649450033693 0.767956144522 0.0116338917405 0.0116338917405
-1.35084929579 0.30446779482 -0.00788410197502 -0.00788410197502
0.123014695691 1.34085246175 0.00489785545886 0.00489785545886
0.0839488192066 0.751350718597 -0.00243598046027 -0.00243598046027
1.44786779515 0.689361256628 0.000347875480408 0.000347875480408
0.601008331068 0.274316160288 0.00146633425725 0.00146633425725
1.37575443337 0.750988402052 -0.00307581770902 -0.00307581770902
0.655103606472 0.190105993258 0.00453032886127 0.00453032886127
1.16701838031 1.10639867994 -0.00586692218603 -0.00586692218603
-1.04266342607 0.380356416535 0.00711413563019 0.00711413563019
-0.0286096119371 0.608678791198 -0.00829470912487 -0.00829470912487
-0.957907827387 0.370810640042 0.00942742743286 0.00942742743286
-0.031037132368 1.15478909402 -0.010528428379 -0.010528428379
-1.0211088477 0.902773234043 0.0116121843579 0.0116121843579
0.420054802934 1.05831599759 -0.0126922919665 -0.0126922919665
0.150288492294 1.00179423736 0.0137821651972 0.0137821651972
1.15200818434 0.75098609784 -0.014895708922 -0.014895708922
0.787617579549 -0.109291379525 0.0160480456724 0.0160480456724
1.21916282902 -0.100689734161 -0.0172563788722 -0.0172563788722
0.820021394639 -0.710373267869 0.0185411027431 0.0185411027431
0.589862345797 -0.399048768208 -0.0199273215981 -0.0199273215981
-0.363381676708 -1.30930242941 0.0214470371144 0.0214470371144
0.304428514312 -0.765074286106 -0.0231424380784 -0.0231424380784
-0.235620794748 -1.19312079216 0.0250710596276 0.0250710596276
-0.0381765359774 -0.841459224763 -0.0273142361881 -0.0273142361881
-0.894907735581 -1.11797458099 0.0299916458781 0.0299916458781
-0.103022395577 -0.228779637824 -0.0332878186546 -0.0332878186546
0.66508083879 -0.690862032758 0.0375039671711 0.0375039671711
0.75122900798 -0.380009528651 -0.0431687657929 -0.0431687657929
0.401213232595 -0.410536411218 0.0513046593655 0.0513046593655
1.54443498709 0.327442204102 -0.0641823695324 -0.0641823695324
-0.188093045427 -0.941966313305 0.0880672546544 0.0880672546544
1.42840507948 0.125011323376 -0.14891272833 -0.14891272833
0.0781976201336 -0.138638922412 0.653308608648 0.653308608648
