6.44490707439 7.20922469687 0.287864320017 0.287864320017
-0.165267817938 0.820417093749 -0.106513465632 -0.106513465632
1.06492895062 0.551446064611 0.0630447443593 0.0630447443593
0.912009773593 0.343711471845 -0.0433465839487 -0.0433465839487
0.79790601897 1.0271300469 0.0319976425647 0.0319976425647
-0.502434974895 0.754970860306 -0.0245421206079 -0.0245421206079
-0.387506765489 0.419795993687 0.0192138342967 0.0192138342967
-0.616593258299 0.554436884884 -0.0151724813718 -0.0151724813718
-0.416553045186 0.417368309344 0.0119668397976 0.0119668397976
-0.270158971494 0.903883672783 -0.00933258247583 -0.00933258247583
-0.392469257758 0.406349849698 0.00710425260064 0.00710425260064
-0.250998539522 1.02983493228 -0.00517265481332 -0.00517265481332
0.460665462142 0.709399539756 0.00346247756518 0.00346247756518
0.949089092679 0.441117973559 -0.00191974834482 -0.00191974834482
1.07747885091 0.199851279856 0.000504410109725 0.000504410109725
0.321597560145 -0.72867100742 0.000814282028549 0.000814282028549
0.645689219109 -0.325791083356 -0.00206073974949 -0.00206073974949
0.369387767065 -0.65841534227 0.0032550520205 0.0032550520205
0.614399495298 -0.325123700946 -0.00441440515902 -0.00441440515902
0.416678993152 -0.965267032655 0.0055541416165 0.0055541416165
0.443638797715 -1.04527799582 -0.00668860505256 -0.00668860505256
-0.674491148868 -0.505512528721 0.0078318750418 0.0078318750418
-0.37143869443 -0.769970741296 -0.00899847325266 -0.00899847325266
-0.955728974459 -0.587013501505 0.0102041175393 0.0102041175393
0.776717955221 -0.7362244985 -0.0114666094925 -0.0114666094925
0.262189273343 -0.61079748026 0.0128069673189 0.0128069673189
0.718454233851 -0.3799753078 -0.0142509676866 -0.0142509676866
0.2912287114 -0.615360003664 0.0158313549213 0.0158313549213
0.705326149728 -0.391563263138 -0.0175911494229 -0.0175911494229
0.290163813538 -0.601819984533 0.0195888138904 0.0195888138904
0.114335007019 -1.01902032745 -0.0219066783524 -0.0219066783524
-0.154703052065 -0.940659607205 0.0246653593177 0.0246653593177
-0.753920181062 -0.421541041407 -0.0280498722389 -0.0280498722389
-1.19102005103 -0.339418893935 0.0323602856359 0.0323602856359
-0.811802962399 0.852304462772 -0.0381188859172 -0.0381188859172
-1.21321008937 0.231444708772 0.0463242773448 0.0463242773448
-0.388102143723 0.740102183768 -0.0591571787831 -0.0591571787831
-0.605667857404 0.267332132199 0.0824692419222 0.0824692419222
-0.432683240666 0.741590824623 -0.139132101431 -0.139132101431
-0.247041173841 0.220710359613 0.495971013824 0.495971013824
