11.5199849259 4.02301170223 0.294877463646 0.253528245596
0.784470696202 0.0150577352826 -0.123702403005 -0.0972277052062
0.535636477827 0.706096774523 0.0745873755095 0.0568707554508
-0.438286364229 1.1731896199 -0.050069459493 -0.0381832805864
1.04439669391 0.238116028897 0.0349818690892 0.0273006000043
0.74623116065 -0.0443513892251 -0.024575161374 -0.0201045923773
1.32343103549 -0.00905572856648 0.0168494151352 0.014938850827
0.480514621866 0.18572776285 -0.0108059950164 -0.0110079649705
0.203477536929 1.15670616016 0.00588681826586 0.00788204810983
-0.268735513689 0.866480595664 -0.00175369989585 -0.00530805636917
0.329113251758 1.15753993098 -0.00181139102857 0.00312699806864
-0.485847077074 0.708229793302 0.00495622198026 -0.00123362118673
-0.317055180359 0.470868736873 -0.00778527268292 -0.000444856853241
-0.262279105476 0.967565311687 0.0103752631145 0.00196071841475
-0.460228797122 0.288491860026 -0.0127845751159 -0.00335285140064
-0.614509152133 0.669273126514 0.015059243229 0.00465116805928
-0.327492070787 0.318056963285 -0.0172369396903 -0.0058794722508
-1.13103289289 0.763108103396 0.0193497551688 0.00705739997234
-0.932221513125 0.719769253752 -0.0214262513984 -0.00820179436092
-0.629835214552 0.493898377094 0.0234930870579 0.00932773491512
-0.510969236002 0.258617496937 -0.025576424974 -0.0104493630842
-1.34402228223 0.276037385039 0.0277032839398 0.0115806044334
-0.683505849643 0.648901522877 -0.0299029875071 -0.0127358675023
-1.31437404351 0.424004719618 0.0322088816007 0.0139307950635
-0.670327508486 -0.529814060535 -0.0346605489546 -0.0151831534647
-1.38252962503 -0.498839565116 0.0373068599992 0.0165139730644
-0.0647643261439 -0.975058892805 -0.0402104078531 -0.01794910604
-0.234292100871 -1.05321817027 0.0434542653486 0.0195214652043
0.712387205252 -0.941003351183 -0.0471527602949 -0.0212743859428
0.280605970524 -1.05893034124 0.0514695163217 0.0232668903173
0.729263203606 -0.944555154377 -0.0566493955312 -0.0255822969855
0.263640292596 -1.04710680719 0.0630790185245 0.0283430064848
0.732346559238 -0.974076749156 -0.0714117094731 -0.0317373847287
0.825485651889 -0.939645679841 0.0828566616652 0.0360721736123
1.22400147103 -0.241782271538 -0.0999655052152 -0.0418840857716
0.747199313979 -1.22448002048 0.129380994379 0.0502067057904
1.30254356524 0.189514751835 -0.197064657664 -0.0633211134767
0.207300756551 -0.306696737943 0.725331038775 0.0874558427301
-0.842784687502 -0.963337912206 0.0383989496787 -0.147849742307
-0.732110263336 0.550930498265 0.522249908567 0.59502989116
