9.36682936164 4.73350273021 0.119070722841 0.156307312843
0.738624656311 0.108859153669 -0.0274427590525 -0.0604105981461
1.25843290172 -0.0635369878084 0.0029139853659 0.0324056816837
0.754619898627 0.0246184841166 0.00765198620906 -0.0189212972355
1.22913335759 0.0107788899215 -0.0131488676462 0.0109108254706
0.789953131396 -0.0456962691486 0.0162980591914 -0.00554861910269
1.18413454387 0.0858034530882 -0.0181936113417 0.00166667900169
0.869752217748 -0.153399454597 0.0193519280469 0.00130576214797
0.466188411772 0.831810540205 -0.0200439596895 -0.00368099376193
0.535779982541 0.149629675831 0.0204227154296 0.00564453632532
0.2272893445 1.10922767406 -0.0205791234594 -0.00731380062431
-0.225180818638 0.853325493521 0.0205689666666 0.00876697431048
0.246875428596 1.20665596857 -0.0204268294059 -0.0100583998287
-1.05068149297 -0.047475489786 0.0201736953981 0.0112272912889
-0.744160734626 0.291243298431 -0.0198212065337 -0.0123029415953
0.039462998852 0.958298422528 0.0193740334575 0.0133079785363
-0.0531828176218 1.1025864786 -0.0188310809911 -0.0142604887728
0.746351712908 0.871859046603 0.018185879791 0.0151754632604
0.152630567617 1.1333020327 -0.0174262996427 -0.0160658279455
-0.0219394485726 0.905108473686 0.0165335631241 0.0169432213619
-0.387840175868 0.699302137385 -0.0154803817105 -0.0178186246452
-1.21118128298 0.229071541082 0.0142278228469 0.0187029193609
-0.86182256023 0.814021685263 -0.0127201604446 -0.0196074345917
-1.0986214732 0.146437865424 0.0108762953631 0.0205445426997
-0.932739858999 0.894593366803 -0.00857498528039 -0.0215283724717
-1.0370394639 0.0715690547101 0.00562819347449 0.0225757317582
-0.995727914204 0.337014168034 -0.00172996127917 -0.0237073766361
-0.965613608251 -0.518631446434 -0.00364972416338 0.0249498460653
-1.08345121092 0.895635556031 0.0115093055977 -0.0263382316246
-0.849363255747 0.0305821115814 -0.0239643226148 0.0279205376272
-1.25149866058 0.534976258919 0.0463700599954 -0.0297648541249
-0.577263218206 -0.866001228781 -0.0971693599521 0.0319717574586
-1.74114200439 1.48386504597 0.308320651885 -0.0346970396354
3.64745509287 -4.52275678517 0.711503021932 0.0381964654162
4.18416084012 -3.73019612816 -0.222761728069 -0.0429223091236
-0.235607333058 0.438640126859 0.156244763859 0.0497583130966
1.82849603857 -0.784533517884 -0.137376714454 -0.0606974235981
0.335110082259 0.492770848332 0.141743736503 0.081381681132
1.61490690708 -0.337251246844 -0.186479117887 -0.136516669727
-0.198252592592 0.236633870444 0.831503867865 0.788824312958
