7.33985347563 11.3834390764 0.205604019668 0.207921470355
0.38601032525 -1.21950373125 -0.0789682629125 -0.081220662091
0.151602358024 -0.816852641648 0.0442026775294 0.0462562962492
-0.197472095144 -1.14292694312 -0.0280195623438 -0.0297293417643
0.173168552013 -0.932326901044 0.0188038775565 0.0200042663921
0.302234800114 -0.550357969038 -0.0130395355456 -0.0135325178809
0.70168771343 -0.484459714362 0.00932806751192 0.00886630947432
0.541082921324 -0.236434713567 -0.00704242602479 -0.00530406383716
1.44819367653 0.197499307312 0.0059153767416 0.00246418344122
0.541603325104 -0.235135741336 -0.0059020991862 -0.000120976971713
1.47828047902 -0.70081127648 0.00715926763408 -0.00186789191914
0.493456633039 0.181484833972 -0.0101176026484 0.00359693833325
1.5450811383 -0.280221877014 0.0157141345157 -0.00513169147147
0.400985648335 -0.510503780763 -0.0260551637177 0.00651933372428
1.67968163886 -0.231368661941 0.0466462901957 -0.00779503700436
0.186076762189 -0.0740904066176 -0.0970226770755 0.00898591432305
2.03772863043 -0.535339199417 0.327219088416 -0.0101135908444
-4.04207726268 5.17544715467 0.630000127064 0.0111959488523
-2.33210718089 3.18953687979 -0.226294553879 -0.0122483681938
-0.76027106594 -2.10324262524 0.168914021413 0.0132846585128
-0.941017391466 0.57818048046 -0.157229073749 -0.0143178108629
-1.23207167137 -1.29541846715 0.17099002216 0.01536065926
-0.612872972714 0.981821445022 -0.230472710975 -0.0164265252897
-1.43579977637 -0.969092632424 0.636334093889 0.0175299156778
6.15746126169 2.78140395839 0.318645326427 -0.0186873528327
1.5381196292 0.821755950218 -0.0860901466203 0.0199184447783
-0.297877673778 1.28532138705 0.0331939752386 -0.0212473519615
0.08635226557 0.74135032036 -0.00986959580482 0.0227049016372
-0.922047849773 1.07756420559 -0.00348594567261 -0.0243317716598
-1.09794131703 -0.000875466676979 0.0124689483681 0.0261834893497
-0.864749270687 1.50803628312 -0.0193114724419 -0.0283386319951
-1.16884119778 -0.338417270615 0.0251318351429 0.0309129573574
-0.800267611642 0.34817299019 -0.0306340089361 -0.0340852022365
-1.23111671776 -0.325625697582 0.0364092727489 0.0381476349365
-0.730347694388 0.29467178277 -0.0431526455075 -0.0436144035451
-1.34080381325 -0.235652305799 0.051975967877 0.0514829855417
-0.084454745595 -0.310924647467 -0.0651793702221 -0.0639789813865
-1.02256209237 -0.702905452258 0.0890009347507 0.0872911553302
-0.88878089825 -0.347133657303 -0.14953795384 -0.14748433512
-0.656879048389 -0.117007671407 0.697918425652 0.695666026473
