10.0 12.0 8.41078048958e-17 6.72862439167e-18
2.84528333664 2.65345231163 -0.0753631905638 -0.0915924040904
-0.590865915682 -3.06200990446 0.0799072826157 0.108168727803
2.20563573931 1.163526826 -0.0604950835724 -0.0930047642914
0.249930596099 -1.188578656 0.0342752409562 0.0615938384848
1.2920153483 -0.627909232394 -0.0112539841876 -0.02473802562
1.103059579 0.0793698555116 -0.00303378949606 -0.00883371268776
0.6170369863 -0.446373659968 0.00716398873132 0.0327359575025
1.5172598645 1.16115004816 -0.00334517255897 -0.043532895711
0.49857425322 0.327605713833 -0.00363521392222 0.040993638597
1.35571866293 0.10442505923 0.00796802362402 -0.027787485742
0.881457760678 -0.0582829594896 -0.00459131875828 0.00864068647186
0.833463232627 -0.0975740917177 -0.00919296577406 0.0108730445906
1.48111117458 0.320820347665 0.0325651882444 -0.0256471788823
-0.0805236451795 -0.875532004504 -0.0606086691109 0.0321783640477
0.584860618235 -0.596665437328 0.0839224055901 -0.0292826634529
0.907763047188 -0.0416874615124 -0.0862063539566 0.0182473481505
1.02154067008 -1.02620129289 0.023250307877 -0.00240118236081
0.519715394122 -0.451889707839 0.949646835963 -0.0137836690885
-2.65149637274 2.40893067778 0.428197714358 0.0258411668186
-1.79576256226 2.44410289656 -0.243370389621 -0.0304408689144
0.570294102833 0.453665701736 0.143923942497 0.0262325057699
-0.250687511784 1.20948010807 -0.0607779510115 -0.0142069965659
-0.995724751606 1.03037500693 -0.00894919786023 -0.00251385840185
-0.996408647783 0.795170847247 0.0597849349883 0.0194158903943
-1.01740805546 1.30026982959 -0.0865602202461 -0.0316944674954
-0.963015457029 0.696374259815 0.0874158162124 0.0354696980658
-1.06653179025 1.21892366932 -0.0649225558384 -0.0288352382472
-0.921526615537 0.922081823004 0.0259303192548 0.0124941783925
-0.0292362968042 0.965923394793 0.0195941047741 0.0101752137761
-0.687154255621 0.434068467057 -0.0604207213773 -0.033654482335
-0.771625922242 -0.0381887869462 0.0861807650433 0.0513138542459
0.225115961554 1.75745998203 -0.08929305279 -0.0567073208219
-1.50557621263 0.489227516742 0.0662518160737 0.0448211313347
-0.885369942963 1.13315854787 -0.01791644964 -0.0129083110059
-0.700062819578 1.37491425864 -0.051529030857 -0.0395607975914
-1.73556745714 0.028105615957 0.137744144391 0.112864080394
0.135098787654 2.60410089983 -0.24618691755 -0.215846696917
-2.35059887249 -1.29009992691 0.463614129452 0.43661117861
2.05929889803 2.23946097211 0.934557692288 0.950423728894
