11.8859981621 4.94474292113 0.0631343673496 0.140885425841
0.273592343852 0.00337692032394 0.00756595267608 -0.0538003035115
1.62021117467 0.0213123756003 -0.0229472554084 0.027992846759
0.44826590638 -0.0384878043929 0.0281413046591 -0.0155049531587
1.50781767791 0.0569601652568 -0.0301318267204 0.00806738530174
0.514315005473 0.741628991145 0.030848999636 -0.00308071452521
1.50177186017 0.249570034221 -0.0309879086454 -0.000533353403678
0.229938139027 1.08133550024 0.0308410247874 0.0033029534943
0.214846307414 0.964018758729 -0.0305444644321 -0.00551751559194
-0.249365136254 1.02292041043 0.0301659128425 0.00734918847405
0.248311876916 0.979756013298 -0.029740357756 -0.00890702442267
-0.235231784485 1.02468958325 0.0292860546498 0.0102637019769
0.210797867483 0.960515635023 -0.0288121855007 -0.0114697687103
-0.154219890542 1.08648931182 0.0283227310337 0.0125617224591
-0.52553618432 0.242928342387 -0.0278184965198 -0.013566842725
-1.30674679505 -0.0838833892905 0.0272981808695 0.014506214049
-0.736720607094 0.0485555847897 -0.0267589176825 -0.0153966995947
-1.23784455272 -0.0307062091194 0.0261965003556 0.016252285216
-0.783035505566 0.0168111224532 -0.0256053941701 -0.0170850387073
-1.1960126468 -0.00214208110315 0.0249785775837 0.0179058342759
-0.828988130933 -0.01747904217 -0.0243072151588 -0.0187249403165
-1.13391472275 0.0504805608165 0.0235801307035 0.0195525406985
-0.945954065566 -0.12826636466 -0.0227830104363 -0.0203992469357
-0.532762734988 0.650947693728 0.0218972104479 0.0212766568857
-0.437756142216 0.370386240507 -0.0208979521594 -0.0221980245161
-1.32534071656 -0.109967305006 0.0197515302542 0.0231791274333
0.458966911309 1.17350788188 -0.0184108618442 -0.0242394613449
-0.812791765502 0.852771850907 0.016808127267 0.025403968069
0.177812585091 1.1657378572 -0.0148420563667 -0.0267056461297
1.21352924346 0.19248057224 0.012354772035 0.0281896633176
0.861344758542 -0.907019892258 -0.00908679443475 -0.0299201277681
1.14430847076 0.11977031534 0.0045822206393 0.0319918043258
0.806866799103 -0.472034070539 0.00203324722857 -0.0345516133786
1.30471299972 -0.559028032243 -0.0126517432827 0.0378410226694
-0.0859489904594 -0.439769300703 0.0321775472236 -0.0422876442392
1.2844391728 -0.547778296849 -0.0778987107596 0.0487287063762
-0.975257120958 -0.494477282388 0.274791020658 -0.059057919022
3.46088426428 -0.219229813443 0.778083955946 0.0786636250583
3.96440842671 0.765846177447 -0.313482655045 -0.131405960915
-1.49637912713 0.262728063999 0.921535104143 0.81377145957
