17.0 3.0 4.62592926927e-18 4.62592926927e-18
8.59782770674 1.98102952145 -0.186432046766 -0.186432046766
-2.73016449528 0.712306415789 0.0826804065155 0.0826804065155
-2.4858948412 0.816916689338 0.063801372214 0.063801372214
0.761025223662 1.21429780874 -0.0830804771504 -0.0830804771504
-1.0 1.0 9.25185853854e-18 9.25185853854e-18
-1.52290184656 0.862757545332 0.0576581590828 0.0576581590828
0.593041322489 1.07235218695 -0.0302439306962 -0.0302439306962
-0.231660147408 1.06361504987 -0.0258081840333 -0.0258081840333
-1.77045228944 0.907187106438 0.0356806305678 0.0356806305678
-1.11022302463e-16 1.0 1.85037170771e-17 1.85037170771e-17
1.10886300309 1.080381181 -0.0257343051351 -0.0257343051351
-0.715231009232 0.952469862036 0.0132975563707 0.0132975563707
-1.37432259235 0.953747863907 0.0109041189634 0.0109041189634
-0.0724426290282 1.07403000459 -0.0140327823311 -0.0140327823311
0.0 1.0 0.0 0.0
-0.956411053834 0.923914343177 0.00734449610025 0.00734449610025
-0.79470224913 1.0489040974 -0.00257411331011 -0.00257411331011
-0.0613529997699 1.05180916856 -0.000641320771502 -0.000641320771502
-0.273696568227 0.909355925614 -0.00207678166632 -0.00207678166632
-1.0 1.0 1.38777878078e-17 1.38777878078e-17
-0.734649434727 1.11424652789 0.00842305429407 0.00842305429407
0.320641604579 0.916677788873 -0.0072545801612 -0.0072545801612
0.301583935764 0.896716093809 -0.00940123411164 -0.00940123411164
-0.523129027224 1.22352854383 0.0189012786869 0.0189012786869
-7.40148683083e-16 1.0 1.61907524425e-17 1.61907524425e-17
1.07394665811 0.186618097899 -0.0272351264252 -0.0272351264252
0.792990194988 0.116101150862 0.0198324630106 0.0198324630106
0.718522998969 0.855634392731 0.0232411407193 0.0232411407193
1.55261835653 0.858981936376 -0.0440106362211 -0.0440106362211
1.0 0.0 7.40148683083e-17 7.40148683083e-17
0.243040575699 -0.267358003652 0.0610207753354 0.0610207753354
1.54457505242 0.128280695363 -0.0451069068713 -0.0451069068713
1.63661974238 0.10303607353 -0.0550078038253 -0.0550078038253
-0.211676148628 -0.123405647818 0.111904197971 0.111904197971
1.0 1.48029736617e-16 5.55111512313e-17 5.55111512313e-17
2.45732913246 -0.361740695743 -0.213810073642 -0.213810073642
-1.83462707648 -1.2438421333 0.233016796297 0.233016796297
-2.68440464657 -0.680793373224 0.935275549273 0.935275549273
8.60842688055 1.65224378238 0.756134974383 0.756134974383
