4.06837456124 8.80130513689 0.0547640896935 0.0878094067108
1.4561925838 0.00627499058887 0.0011797493744 -0.0299737243302
0.371678919278 0.243352732063 -0.0175862757723 0.0120390973011
0.489001814897 0.832350098703 0.0251275153661 -0.00322348195754
0.990128770015 -0.256419115134 -0.0293298812743 -0.00207029023193
1.06190162786 0.15482916381 0.0319413234978 0.00563791865112
0.931147191409 -0.101537242763 -0.0336816571005 -0.0082327891933
1.06219415885 0.062997081995 0.034898125289 0.0102266236483
0.951196813939 -0.0299635890102 -0.035777035882 -0.011824197472
1.02988257821 -0.00224691192597 0.0364262567142 0.0131477865421
0.996560540911 0.0382877866419 -0.0369118497496 -0.0142750899139
0.961716951786 -0.0873202933675 0.0372759755897 0.0152580228411
1.12783610118 0.182787981378 -0.037546304767 -0.0161327714552
0.309562411662 -0.750740955942 0.0377412457724 0.0169255156343
0.599202526863 -0.334171309371 -0.0378729648634 -0.0176558596291
1.17078490501 0.091268875616 0.0379491635399 0.0183389840367
0.872107547335 0.0134244052865 -0.037974107623 -0.0189870538115
-0.00832558006471 1.02290065713 0.0379491635399 0.0196101795032
0.0871629973341 1.01429043141 -0.0378729648634 -0.0202171052344
-0.413614974616 0.957851085029 0.0377412457724 0.0208157301381
-0.723372213601 1.06647147746 -0.037546304767 -0.0214135333118
0.339544483343 0.910430712677 0.0372759755897 0.0220179527486
-0.913335380892 1.11277551407 -0.0369118497496 -0.0226367598356
-0.189258290428 0.862874856835 0.0364262567142 0.0232784701722
0.0932769727936 1.16364908485 -0.035777035882 -0.0239528384101
-0.0840731234076 0.806413911544 0.034898125289 0.0246715016407
0.0841875682238 1.2286337688 -0.0336816571005 -0.0254488679072
-0.0570579184506 0.728642720844 0.0319413234978 0.0263034048467
-0.298192733257 1.32598176578 -0.0293298812743 -0.0272595910423
-0.972799718003 0.599858814796 0.0251275153661 0.0283509973236
1.43415352313 1.50931354781 -0.0175862757723 -0.0296253730734
-0.505807390926 0.309715095021 0.0011797493744 0.0311534737046
1.01504410469 2.05158496198 0.0547640896935 -0.0330453170173
-2.48455639784 -2.54457608434 0.927289474771 0.0354823822929
-9.08125222504 -9.20463871811 -0.146543162938 -0.0387875907689
1.71077867847 0.468446047089 0.109897944118 0.04359740178
-0.971624496441 -1.7835363804 -0.102731577357 -0.0513657886783
0.691143869134 -0.475332106368 0.109897944118 0.0663005423375
-0.54431240435 -1.41032972653 -0.146543162938 -0.107755572169
0.45393175706 0.0807663938306 0.927289474771 0.891807092478
