15.2988099747 3.24396710229 0.18402748378 0.18402748378
-0.603455827965 0.993639000782 -0.0718658719778 -0.0718658719778
-0.853151904779 1.04231162025 0.0400379628756 0.0400379628756
-0.537917995651 0.937565019096 -0.0248575745586 -0.0248575745586
-0.54607908414 1.077834568 0.0158836368426 0.0158836368426
-1.44857591949 0.906095932596 -0.00989472163643 -0.00989472163643
-0.0525265909619 1.12221922001 0.00556816886198 0.00556816886198
-0.904153073535 0.134735413126 -0.00226042978669 -0.00226042978669
-0.0690540380568 1.04292602248 -0.0003795313902 -0.0003795313902
-1.29411079633 0.925528118271 0.00255977509992 0.00255977509992
-0.784136053343 1.08960785095 -0.00441173932052 -0.00441173932052
-1.05729470093 0.897951045591 0.0060228229432 0.0060228229432
-0.0778980748491 1.11561653876 -0.00745369309225 -0.00745369309225
-0.861840844832 0.865625681463 0.00874807774278 0.00874807774278
-0.191709051691 1.17008049674 -0.00993860635755 -0.00993860635755
0.382932137094 0.687847465857 0.0110504570345 0.0110504570345
1.50653793404 0.0561106249681 -0.0121037324152 -0.0121037324152
0.531803508374 -0.120187792631 0.0131150742864 0.0131150742864
1.44816383947 0.191195374519 -0.014098813056 -0.014098813056
0.563434361673 -0.440916758603 0.015067833218 0.015067833218
1.43135400544 -0.538779781867 -0.016034272771 -0.016034272771
0.560826122872 0.0905340230733 0.0170101405852 0.0170101405852
0.61770295477 -0.835044290273 -0.0180079198383 -0.0180079198383
0.634842566808 0.0545844311666 0.019041223005 0.019041223005
1.38575671112 -0.0162811708972 -0.0201255737216 -0.0201255737216
-0.0385194247675 -0.646045764597 0.0212794160923 0.0212794160923
0.977010648436 -0.411971094086 -0.0225255006388 -0.0225255006388
0.0482909596525 -0.559792184022 0.0238928848492 0.0238928848492
0.937220993983 -0.467303862998 -0.0254199493029 -0.0254199493029
-0.668028077457 -1.23032367187 0.0271591392176 0.0271591392176
0.669345302516 -0.869659447052 -0.0291847534313 -0.0291847534313
-1.06657425979 -0.727609710383 0.0316063868883 0.0316063868883
-0.53416239311 0.408124465151 -0.0345935193438 -0.0345935193438
-0.745248812231 0.410308117029 0.0384238101889 0.0384238101889
-0.178870022591 0.633629336321 -0.0435869220644 -0.0435869220644
-0.863204887587 0.335268552228 0.0510360830892 0.0510360830892
-0.0964138679797 0.705967257252 -0.0629089956628 -0.0629089956628
-0.976840942779 0.206540665511 0.085200901599 0.085200901599
0.368802713891 1.23579657112 -0.143630455072 -0.143630455072
-0.364048482168 0.184265798992 0.740865022728 0.740865022728
