19.0 5.0 4.20084387696e-17 4.20084387696e-17
0.592478083213 0.428022153139 -0.0387739529946 -0.0387739529946
-2.61472235806 -0.493961131964 0.0512034122389 0.0512034122389
1.31937743593 1.25044907952 -0.0557108302197 -0.0557108302197
-1.91957590732 0.0920594692998 0.0562728570465 0.0562728570465
-0.0336258397948 -0.00842429843131 -0.0543227039723 -0.0543227039723
-1.85129399209 0.404257407633 0.050565236266 0.050565236266
-0.345371346709 1.28635112763 -0.0454420084493 -0.0454420084493
-1.2144911646 0.79549272088 0.0392864535487 0.0392864535487
0.381325028836 1.15192144141 -0.032384035739 -0.032384035739
-1.46213881558 0.891884042421 0.024997171394 0.024997171394
0.522402432028 1.06913986265 -0.0173751995037 -0.0173751995037
-0.259732372924 0.965161952458 0.00975735611871 0.00975735611871
0.0607045599186 1.00705050278 -0.00237226171898 -0.00237226171898
0.117987150002 1.00836984718 -0.00456436229954 -0.00456436229954
-0.311906068798 1.01645345147 0.0108528231536 0.0108528231536
1.1822970437 0.260558860768 -0.0163128852412 -0.0163128852412
0.647076179184 -0.222854736852 0.0207871453423 0.0207871453423
1.44435457342 0.282336125122 -0.024144110531 -0.024144110531
0.499201281977 -0.744838688901 0.0262808009946 0.0262808009946
1.53059798129 -0.722826883198 -0.0271247442289 -0.0271247442289
0.460413184353 0.658975370741 0.0266352593538 0.0266352593538
1.54147263563 0.732464579622 -0.0248039550539 -0.0248039550539
0.381395844624 -4.62024328343e-05 0.0216543833936 0.0216543833936
0.187387435153 1.24685230135 -0.0172408038475 -0.0172408038475
-0.157619843058 0.88172039672 0.0116460144956 0.0116460144956
0.0698518058723 1.04257014241 -0.00497819442303 -0.00497819442303
0.0356066218775 1.02039230787 -0.00263333900444 -0.00263333900444
-0.121761491111 0.919172541785 0.0110436460451 0.0110436460451
-0.522460172525 1.14405729862 -0.0200993350737 -0.0200993350737
-1.56898226321 0.781794683898 0.0296481758853 0.0296481758853
-0.295365958762 1.33414863044 -0.0395528311575 -0.0395528311575
-1.84590244822 0.146251301426 0.0497124394316 0.0497124394316
-0.0172896197307 0.139357890238 -0.0601009854277 -0.0601009854277
-2.10923639381 -0.227755543442 0.0708461268973 0.0708461268973
0.220784981277 0.281303524492 -0.0824207239241 -0.0824207239241
-2.31261441975 -0.320117375712 0.0962176704529 0.0962176704529
0.377491809972 0.349611496811 -0.116907271432 -0.116907271432
-2.38809159299 -0.372132609507 0.170159050841 0.170159050841
1.5907868116 0.389641824512 0.990779592424 0.990779592424
