12.3065351744 6.69511569231 0.312486362392 0.278432304021
-1.27449670001 1.01223942158 -0.137795668417 -0.104343097564
-0.113579657309 0.784773223597 0.0945071065902 0.0615936330079
-0.75172065822 0.429373348965 -0.0745149840496 -0.0420879035569
0.227844485525 1.01637107817 0.0627984492077 0.0308117161017
-1.60421431411 -0.311631375956 -0.0549771848468 -0.0233887599145
-0.188337774131 1.26456909779 0.0493071022648 0.0180763290041
-0.840952996553 0.739295934123 -0.0449582477835 -0.0140428703111
-0.177169885368 1.25112125084 0.0414886646358 0.0108409522213
-0.717696595403 0.747510159808 -0.038646965113 -0.00820807201149
0.910771529824 1.28045690603 0.0362887475486 0.00597972080793
0.0787386021825 0.542495208032 -0.0343409483864 -0.00404722419553
1.32098307105 0.621556976416 0.0327930420422 0.0023355683767
0.69000362487 0.152590949696 -0.0317144746323 -0.000790954886467
1.29778941168 -0.0621471432555 0.0313224781469 -0.000626571500791
0.718587300639 0.0831276095799 -0.0322023931309 0.00194769823665
1.25654253674 -0.209624104141 0.0361894454489 -0.00319680841338
0.794277365162 -0.472626771154 -0.0522596692128 0.00439398251507
0.495610249996 -0.35918919346 0.651132092574 -0.00555641369893
-0.284778292586 -2.3355406597 0.0373348247363 0.00669946430072
0.0850592450422 -0.420741906606 -0.0187782107158 -0.00783751039696
-0.905678920846 -0.578803370595 0.0170172770103 0.00898467746183
-0.133508310324 -0.50097894571 -0.0211827180014 -0.0101555489578
-0.899706134303 -0.340613960181 0.031404205365 0.0113659245784
-0.64917203665 -0.294437472997 -0.0545560831207 -0.0126337143011
-0.306157005503 -0.342631097755 0.13557974068 0.0139800812243
-1.58494507721 -0.61580209832 0.615176983062 -0.0154309987464
-2.41213408988 -0.885619771395 -0.106180798207 0.0170194838401
-0.344823404123 -0.00333461319235 0.0599204893733 -0.0187889443794
-1.46324341442 -0.636150880556 -0.0413988302265 0.0207984105557
-0.681117424082 -0.00755932037499 0.0304782505687 -0.0231310740265
-0.937432977487 -1.5265009675 -0.0224377021291 0.0259089176749
0.99726291964 -0.535571320717 0.0154662366168 -0.0293192426003
0.304167795439 -0.710617326802 -0.008541841695 0.0336662060566
1.54384780161 -0.724886219908 0.00076862512962 -0.0394800731842
0.509676908536 -0.285605412544 0.0090749491348 0.0477769594638
1.46182785059 0.200639793031 -0.0233391502557 -0.0607830758655
0.551278484401 0.0989596071823 0.0481090076113 0.0845042665833
1.46430110828 1.44008146232 -0.107171635506 -0.142674861378
0.223502138352 0.251949116579 0.491837296258 0.526568714179
