16.6648187212 6.72197277729 0.0677191564491 0.0677191564491
-1.4033119241 -0.319307968168 -0.0205767714385 -0.0205767714385
-0.570412391665 0.30556651075 0.00572843925721 0.00572843925721
-1.46216337976 -0.308116745802 0.00161068756522 0.00161068756522
-0.489949918855 0.331785637505 -0.00603075951334 -0.00603075951334
-1.60890806377 -0.409603986204 0.00901506873318 0.00901506873318
0.165017120951 0.946054902909 -0.0111884543258 -0.0111884543258
-1.08545545988 0.153330436068 0.01286002633 0.01286002633
0.0426310642593 0.782024191685 -0.014200387383 -0.014200387383
-0.248186405159 1.03928286172 0.0153115519148 0.0153115519148
0.322056457438 0.995670926644 -0.0162584164421 -0.0162584164421
-0.383929176903 1.01734555353 0.017084382077 0.017084382077
0.538073857772 0.851482577785 -0.0178197244317 -0.0178197244317
0.75130003606 -0.146081237293 0.0184863629584 0.0184863629584
1.31063457432 0.0679014378717 -0.0191007227477 -0.0191007227477
0.661741932888 0.0284473992391 0.0196755312526 0.0196755312526
1.35644885727 -0.56713064102 -0.0202209948535 -0.0202209948535
0.628905187642 -0.564255193821 0.0207456028068 0.0207456028068
1.38493796825 0.304873613377 -0.0212567032451 -0.0212567032451
0.599170904897 -0.234255383934 0.0217609403109 0.0217609403109
0.51699946066 1.09620904089 -0.0222646109946 -0.0222646109946
0.491792211103 -0.0944414811109 0.0227739839563 0.0227739839563
0.329513701608 1.26772826185 -0.0232956152925 -0.0232956152925
-0.368274690173 0.773678350046 0.0238366956316 0.0238366956316
0.385113838859 1.20850624334 -0.0244054689377 -0.0244054689377
-0.396324165005 0.802555623899 0.0250117777799 0.0250117777799
0.405285770127 1.1894795967 -0.0256678171606 -0.0256678171606
-0.413023308951 0.816548662699 0.026389228818 0.026389228818
0.419515843371 1.17924996753 -0.0271967596963 -0.0271967596963
-0.422680307937 0.821877746235 0.0281188830227 0.0281188830227
-0.503874639256 1.18614725517 -0.0291961290124 -0.0291961290124
-1.48101014399 0.75053965071 0.0304886092009 0.0304886092009
-0.508037249075 0.0483954819337 -0.0320898912846 -0.0320898912846
-1.51459583822 -0.0573848334506 0.0341545265232 0.0341545265232
-0.444484258238 0.0274724704252 -0.0369580053644 -0.0369580053644
-1.64912157244 0.0606885258959 0.0410446328003 0.0410446328003
0.200855667548 -0.610535485194 -0.047662439055 -0.047662439055
-1.11698331767 -0.469288727875 0.060446073622 0.060446073622
0.068580654955 -0.508443337813 -0.0963555810701 -0.0963555810701
-0.263576710996 -0.485970682023 0.91857400033 0.91857400033
