8.54355707417 15.2466106658 0.0463875480774 0.0463875480774
-0.206721415102 0.667820723836 -0.0103989467788 -0.0103989467788
-0.965174671321 1.34403129228 -0.00111723372709 -0.00111723372709
-0.928303276221 0.654417122918 0.00684194917684 0.00684194917684
0.285684359535 1.33486302315 -0.0103001946599 -0.0103001946599
-0.291449153307 0.709769763661 0.0126395740335 0.0126395740335
0.598476136042 0.978446585485 -0.0143455484586 -0.0143455484586
0.988224143048 -0.570911100761 0.0156589352274 0.0156589352274
1.06871145688 0.527486140543 -0.0167129040466 -0.0167129040466
0.910310264027 -0.532377751622 0.0175872028437 0.0175872028437
1.10077329377 0.585696533515 -0.0183326223359 -0.0183326223359
0.89177519758 -1.35369763327 0.0189831627012 0.0189831627012
1.11451064626 0.302199417955 -0.0195625613459 -0.0195625613459
0.878701137922 -1.30537649654 0.0200880169573 0.0200880169573
1.13081128135 0.359089884172 -0.0205724263475 -0.0205724263475
0.8518365863 -1.54041667408 0.0210257900952 0.0210257900952
1.19145411999 -0.302612201692 -0.0214561338237 -0.0214561338237
0.606277278075 -0.57978038309 0.021870138302 0.021870138302
0.203323132304 -0.752978113626 -0.0222735913815 -0.0222735913815
1.30192757369 -1.32644459317 0.0226717314462 0.0226717314462
0.327822544298 -0.640064459688 -0.0230695282615 -0.0230695282615
0.515842967011 -1.38011221891 0.023471934424 0.023471934424
0.617717871875 -0.605133259376 -0.0238841349603 -0.0238841349603
-0.319078953019 -1.40714452506 0.0243118222717 0.0243118222717
0.247833222983 -0.581675714325 -0.0247615284766 -0.0247615284766
-0.206275798417 -1.42893216028 0.0252410587255 0.0252410587255
-0.679614260653 -0.562373097212 -0.0257600909297 -0.0257600909297
-0.328110938304 -1.42748691906 0.0263310471927 0.0263310471927
-0.757768012136 0.541468751226 -0.0269704156766 -0.0269704156766
-1.2951891257 -0.595102652334 0.0277008415873 0.0277008415873
-0.504619634134 0.817419498373 -0.0285545854569 -0.0285545854569
-0.35055230445 0.272535594975 0.0295795386052 0.0295795386052
-1.04061973903 0.618887572824 -0.030850331031 -0.030850331031
-1.03707469436 0.825277626033 0.0324904075322 0.0324904075322
-0.933923139404 1.27145985776 -0.0347202189329 -0.0347202189329
-1.07989894304 0.684372522096 0.0379764489439 0.0379764489439
-0.914005168504 1.34420397873 -0.0432642620011 -0.0432642620011
-1.08479978181 0.630384501242 0.0535306571714 0.0535306571714
-0.935360621459 1.40939884262 -0.0827405176714 -0.0827405176714
-0.214705075344 -0.279731572997 0.945492529128 0.945492529128
