15.1574293448 7.79852475415 0.167638310676 0.196427185606
-0.750401569634 -1.29178729005 -0.0500946780135 -0.0767873924899
-0.729803643043 -0.240451243782 0.0184187242795 0.0433110255989
-0.612718145587 -0.765657703905 -0.00410602915293 -0.027417012882
-0.540100902292 -0.0147302969228 -0.00385147461363 0.0180431501637
-1.44631515835 -0.0361669075974 0.00880720472488 -0.0117963803944
-0.536422980731 0.0641465017695 -0.0121197973939 0.00728804171908
-1.51824548326 0.872843201932 0.0144400025663 -0.00384386360595
-0.159247295835 1.09608255329 -0.0161160015459 0.0010965859977
-0.341061513452 0.906469584372 0.0173491670121 0.00117123106561
0.516687431868 1.09414039016 -0.018262646457 -0.00309683339551
0.374726066034 0.905029495821 0.018934698749 0.00477141765457
0.210543527258 1.09677374436 -0.0194161336696 -0.00625824903496
-0.25933286679 0.88016001563 0.0197399284503 0.00760290352102
1.39495067961 0.0198612356114 -0.0199266909047 -0.00883937221386
0.188162193452 0.367400745661 0.0199877412627 0.00999387063136
0.239221861389 1.25289923911 -0.0199266909047 -0.0110873186909
0.524624657271 0.795435331353 0.0197399284503 0.0121370249293
0.212364795222 1.18857736427 -0.0194161336696 -0.0131578846346
-0.264574185569 0.819600421595 0.018934698749 0.0141632810944
-0.450076052956 0.401024289964 -0.018262646457 -0.0151658130615
-0.561391291774 0.865158990043 0.0173491670121 0.0161779359465
-0.887360207064 0.704722364844 -0.0161160015459 -0.0172125875436
-1.14989182975 -0.49631564566 0.0144400025663 0.0182838661723
-0.879467584863 -0.364403496727 -0.0121197973939 -0.019407839113
-0.752796383347 -0.653955084404 0.00880720472488 0.0206035851193
0.388788565473 -0.909257019423 -0.00385147461363 -0.0218946247773
-0.384728315405 -1.17904417014 -0.00410602915293 0.023310983729
0.690531864754 -0.757019262508 0.0184187242795 -0.0248923013194
0.365192236164 -1.32955837195 -0.0500946780135 0.0266927144764
0.527259933379 0.313075335079 0.167638310676 -0.0287888749297
1.00776788357 -0.990644692272 0.749206159515 0.0312937745217
2.41823229035 -0.92713517564 -0.180289352646 -0.0343820098619
0.342034800787 0.130378915691 0.124773187628 0.0383393454376
1.51003096467 -0.876726991029 -0.107237051703 -0.0436690990451
0.5564918644 0.213738294343 0.102698742196 0.0513493710978
1.39677726575 -0.756371509128 -0.107237051703 -0.0635679526583
0.665634818832 -0.263792404642 0.124773187628 0.0864338421908
1.02239556392 -1.0889661038 -0.180289352646 -0.145907342784
-0.56283627619 -0.382520937937 0.749206159515 0.717912384993
