13.5079689955 4.34105076993 0.291066145424 0.245833145095
-0.292443398035 0.505181100738 -0.133434828263 -0.0947455468692
0.403658502669 1.4180786491 0.0893816045077 0.0552259738017
-0.73548837898 0.649194366927 -0.0676478365198 -0.0368545286122
-0.120259398694 1.27987597154 0.0543065935562 0.0261348737634
-1.17666786471 -0.107287411516 -0.0450849561483 -0.0190381481304
-0.252024560993 -0.303378681619 0.0382091427524 0.0139394906291
-0.916797942351 -0.590944428768 -0.0328012832914 -0.0100573056201
-0.930150921404 0.725363748398 0.0283731985326 0.00696866760932
-0.514503901181 0.875602915007 -0.0246296685591 -0.0044244082462
-0.701051093672 1.1342692314 0.0213803317842 0.00226786147141
-0.79869618731 0.881450721515 -0.0184959103253 -0.000395255485397
-0.160621220204 1.0950143572 0.0158846436753 -0.00126520376413
-0.87841958502 0.935445804365 -0.0134787530146 0.00276511106945
-0.0125530244157 1.02119635474 0.011226227445 -0.00414285865431
0.110761982378 1.06132877421 -0.0090855846203 0.00542798947056
1.5118799798 0.241998494259 0.00702235840659 -0.00664402338207
0.250721946508 0.234869293284 -0.00500661060713 0.00781037088693
0.856006409936 0.595807969704 0.0030110450866 -0.00894368994093
0.806120087594 -0.986890077819 -0.00100945043194 0.0100589023247
1.2639757634 0.273047364862 -0.00102472865891 -0.0111700096904
0.696199015556 -0.333687333897 0.00311986369771 0.0122908082015
1.35297160023 -0.520536947219 -0.00530784085906 -0.0134355809901
0.0845512535202 -0.500020415524 0.00762621898015 0.0146198434597
0.933817441355 -0.473623074844 -0.0101211911345 -0.0158612265242
-0.396541965606 -0.95915754847 0.0128519078853 0.0171806101899
0.418026650969 -1.0817287354 -0.0158971336555 -0.018603673053
-0.764909559575 -0.911189639924 0.0193660350609 0.0201631204213
-0.886086305782 0.169711047045 -0.0234166532118 -0.0219020318993
-0.844215004798 0.811279461234 0.028289612078 0.0238791056921
-0.269168153581 0.0387125586421 -0.0343746387043 -0.0261772408813
-1.26517401471 0.512428983925 0.0423558049746 0.028918284583
0.163403554126 0.256472063899 -0.0535754471061 -0.0322898664798
-1.17202145268 0.937849935398 0.0711486358687 0.0365977632658
0.246161728713 -0.231054850339 -0.104698052463 -0.0423775305172
-1.45771122075 2.41795668044 0.21038123525 0.0506619303805
1.61692336557 -4.75854923253 0.601750293409 -0.0637348139745
1.55499468226 -5.66648982735 -0.0389888747109 0.0878531107986
1.15351971578 0.884179454971 -0.0732623852907 -0.148548755717
0.245421425921 -0.960547165752 0.55809970113 0.613769121283
