9.0 5.0 -6.34413156929e-18 -9.51619735393e-18
2.3525364339 -0.250075907028 -0.0463793806123 -0.065274066465
-0.412209394493 -1.08837526857 0.0511598984425 0.0826840358104
2.34915097418 1.51168420561 -0.044818513478 -0.0825748769302
-0.183478368144 0.00424611660428 0.0347563423361 0.0726962057638
1.93975383201 0.491844122904 -0.0239960032593 -0.0568941875269
0.353863973782 1.00420005492 0.0141131202124 0.0379733699956
1.33004171002 1.02333041811 -0.005977316091 -0.0183199571557
1.0 1.0 8.3217431356e-18 1.23777592385e-17
-0.144420157655 0.970611072084 0.00375285091099 0.015292134507
0.338138172268 1.05204183469 -0.00548367378819 -0.026318230073
-0.446974668849 0.936371262002 0.00559128142459 0.0323661409913
0.470470015991 1.06360823117 -0.0045957105236 -0.0332826241756
-0.41495635576 0.94631447329 0.0030607748128 0.0294589944742
0.295820310222 1.03701657461 -0.00151891450576 -0.0217678317245
-0.139470835055 0.982365142352 0.000404289665016 0.011455450694
8.12048840869e-16 1.0 -7.63211229299e-17 1.00731185443e-17
-0.764825868683 1.01126597783 0.000404289665015 -0.011051161029
-0.699818998361 0.988829741705 -0.00151891450576 0.0202489172187
0.732329449584 0.99256540373 0.0030607748128 -0.0263982196614
-0.791688209678 1.06354825133 -0.0045957105236 0.028686913652
0.944279460716 0.713905812831 0.00559128142459 -0.0267748595667
0.669005860719 -0.175844958082 -0.00548367378819 0.0208345562848
1.21385273494 0.0680140761929 0.00375285091099 -0.011539283596
1.0 -2.03012210217e-16 3.54038305062e-18 2.61514459426e-18
0.747371680268 -0.0678237340161 -0.005977316091 0.0123426410647
1.50598372873 0.179515964919 0.0141131202124 -0.0238602497832
0.275739128841 -0.751076665942 -0.0239960032593 0.0328981842676
1.87251653208 -0.725602348941 0.0347563423361 -0.0379398634276
0.0831242076743 0.388880591094 -0.044818513478 0.0377563634522
1.8226703041 -0.440588471438 0.0511598984425 -0.031524137368
0.454595471072 -0.840793715525 -0.0463793806123 0.0188946858527
1.0 1.0 -2.43588452264e-17 3.10503900083e-19
1.42120536597 0.178458591541 0.949888163571 -0.0246276413149
-10.2132154427 0.50018384001 0.354598674757 0.0542664384286
-5.21995159353 0.974613962685 -0.270097575515 -0.0884819795301
0.439995997303 -0.809187107305 0.256797668996 0.128398834498
-1.40814556648 0.797256862827 -0.270097575515 -0.181615595985
-1.18234019607 -0.796449598482 0.354598674757 0.300332236328
0.980478882541 0.779430904563 0.949888163571 0.974515804886
