20.4478098404 5.50274734095 0.109250937167 0.106678401451
-1.60383325954 0.637032310335 -0.0381838514203 -0.0386198285181
-0.18379023312 0.337133292514 0.0134733749731 0.0178365494932
-0.387222461409 1.02495532352 0.00210891388937 -0.00767553570551
0.437272250275 1.07502770856 -0.0162846158935 0.00159110820153
-0.443626399048 0.854572270389 0.0339781256615 0.00250208821776
0.424657846663 1.23649074325 -0.0651170093715 -0.00547555138759
-0.357505270103 0.557099889749 0.163032880052 0.00775818913588
0.0332091306615 0.834609369042 0.835880591743 -0.00958585460569
-2.43526111086 2.58899903668 -0.129637963971 0.0110991898635
-0.157837167373 0.614711894712 0.0716982478743 -0.0123874688029
-1.80987540581 1.20395257599 -0.0494335517026 0.0135102877648
0.479058924973 0.883314378723 0.0372779570898 -0.0145091551538
-1.45952859465 1.02920060878 -0.0294095839361 0.0154140807819
-0.456313886757 0.0748766021184 0.0237660328012 -0.0162475222392
-1.56413684095 0.971869684678 -0.0194268927601 0.0170268583187
-0.427846686411 -0.378925777847 0.0159166309734 -0.0177660060442
-1.57601002118 0.786529548665 -0.0129628586047 0.0184765236671
-0.421497961631 0.333969601815 0.0103968107837 -0.0191683993197
-1.58310472601 -0.0712452428524 -0.00810702142952 0.0198506480202
-0.385876349134 -0.901175675352 0.00601563311148 -0.0205317974483
-0.501528466675 -1.01349583534 -0.00406531295627 0.0212203202937
0.445605720997 -1.07171525267 0.0022115117432 -0.0219250606741
-0.0721878240409 -0.539856250381 -0.000417552934913 0.0226557009985
1.20126893875 -0.342499946191 -0.00134875066372 -0.0234233233872
-0.89790428196 -1.34125576943 0.0031176943612 0.0242411386667
1.62634148071 0.0491476167527 -0.00491997924114 -0.0251254920612
-0.631588965666 -1.00867569204 0.0067891081984 0.026097320507
1.8887506578 0.0795103780923 -0.00876431601198 -0.027184357638
-0.206167724144 -1.47245297289 0.0108946535125 0.0284246127249
1.17121549002 -0.121318257173 -0.0132452803288 -0.0298721081928
-0.171322650315 -0.821191956174 0.0159079777262 0.0316068269117
1.17879921796 -0.162833962773 -0.0190200822731 -0.0337530077361
0.597672364989 -0.930386464554 0.0228014540614 0.0365153267304
1.47047347404 -0.828876843232 -0.0276339940711 -0.0402573720228
0.492790585119 -0.171877818227 0.0342555548537 0.0456940932212
1.53401930799 -1.19417654176 -0.0443233750509 -0.0544530895758
0.438457309768 -0.475673089838 0.0625593989956 0.0712166405387
1.61232154581 0.198510017027 -0.110266757493 -0.117232928949
-0.354453452334 -0.200539887091 0.860365695324 0.865343171344
