12.7982043875 6.32228529031 0.0878094067108 0.0878094067108
-0.402418680463 0.93158719457 -0.0299737243302 -0.0299737243302
0.46001693987 1.09894423645 0.0120390973011 0.0120390973011
-0.56458064218 0.883884406708 -0.00322348195754 -0.00322348195754
1.0343439405 1.12750838367 -0.00207029023193 -0.00207029023193
0.01757370277 0.863980049459 0.00563791865112 0.00563791865112
0.984705831212 1.14338628659 -0.0082327891933 -0.0082327891933
-0.0158460071643 0.848190788541 0.0102266236483 0.0102266236483
0.202716035666 1.16830580197 -0.011824197472 -0.011824197472
-0.353185579231 0.750883242854 0.0131477865421 0.0131477865421
-0.845834028123 -0.0191823188978 -0.0142750899139 -0.0142750899139
-1.19779957606 0.241735010642 0.0152580228411 0.0152580228411
-0.823369222033 1.28102894691 -0.0161327714552 -0.0161327714552
-0.716407449528 0.759473880758 0.0169255156343 0.0169255156343
0.511801066762 1.25920921375 -0.0176558596291 -0.0176558596291
-1.2698674309 -0.0236530152518 0.0183389840367 0.0183389840367
1.20878654807 0.998625250439 -0.0189870538115 -0.0189870538115
0.693783466308 -0.119568826261 0.0196101795032 0.0196101795032
1.34384707158 0.107372419357 -0.0202171052344 -0.0202171052344
0.620634878035 -0.0565942182591 0.0208157301381 0.0208157301381
1.44793815725 -0.312745349162 -0.0214135333118 -0.0214135333118
0.0485963620236 -1.31757698599 0.0220179527486 0.0220179527486
0.221143163415 -0.734565777979 -0.0226367598356 -0.0226367598356
-0.271393695008 -1.24918315748 0.0232784701722 0.0232784701722
0.28892670265 -0.754973041507 -0.0239528384101 -0.0239528384101
-0.288968124214 -1.24880783197 0.0246715016407 0.0246715016407
0.257186303772 -0.73631865768 -0.0254488679072 -0.0254488679072
-0.00801417411315 -1.31158206716 0.0263034048467 0.0263034048467
1.52936596538 -0.331206457162 -0.0272595910423 -0.0272595910423
0.504892078517 0.00767340736726 0.0283509973236 0.0283509973236
1.5246286254 -0.577528971948 -0.0296253730734 -0.0296253730734
-0.303017854911 -1.27937228975 0.0311534737046 0.0311534737046
-0.498633673849 -0.734243301215 -0.0330453170173 -0.0330453170173
-1.54853287305 -1.27496642925 0.0354823822929 0.0354823822929
-0.220783044239 -0.697927928519 -0.0387875907689 -0.0387875907689
-0.692556890767 -1.37141251035 0.04359740178 0.04359740178
-0.729572669437 -0.228702384737 -0.0513657886783 -0.0513657886783
-1.41215526262 -0.213893219246 0.0663005423375 0.0663005423375
0.086257668973 0.943697957983 -0.107755572169 -0.107755572169
-0.289078684392 0.0784551936562 0.891807092478 0.891807092478
