16.0 5.0 1.44028932924e-16 4.20084387696e-17
1.2333386702 1.30988313397 -0.0316851387237 -0.0387739529946
-0.307775159638 0.721323685459 0.037910727788 0.0512034122389
1.47683610103 1.24361079167 -0.0372421022597 -0.0557108302197
-1.27398093696 0.793044855567 0.0337747093899 0.0562728570465
1.12258597577 1.16965198096 -0.0290331768469 -0.0543227039723
-0.963832293762 0.867561683895 0.0237838783551 0.050565236266
0.785451465511 1.09606278836 -0.0184982360246 -0.0454420084493
-0.569604632747 0.93865312831 0.0135069894303 0.0392864535487
0.198684275022 1.029238195 -0.00906024547512 -0.032384035739
-1.34114974649 0.999061773809 0.00535310135141 0.024997171394
0.425450754232 0.978290994526 -0.00253708911285 -0.0173751995037
-0.183984169175 1.0347439097 0.000725342448697 0.00975735611871
0.0272796367324 0.977086484257 5.0832346628e-06 -0.00237226171898
-0.902305719064 0.00394449673466 0.000387873884855 -0.00456436229954
-0.321020208445 0.898482653409 -0.00191191772801 0.0108528231536
-0.342811980554 0.329161001946 0.00454094239142 -0.0163128852412
-1.67428846281 -0.255122597924 -0.00821558384047 0.0207871453423
-0.258740232963 0.248007801157 0.0128436197359 -0.024144110531
-1.83813710268 -0.285421327248 -0.0182997138379 0.0262808009946
0.212202031706 0.605983368048 0.0244233228581 -0.0271247442289
-0.588339588251 1.09927172026 -0.0310119751133 0.0266352593538
0.803197009885 0.753378127625 0.0378027074336 -0.0248039550539
0.697175090416 -0.224091790751 -0.0444201928823 0.0216543833936
1.3025115987 0.160627706153 0.0502135003948 -0.0172408038475
0.742707379994 -0.160880826428 -0.0535955892499 0.0116460144956
0.0253383256071 -0.992315711775 0.047494095498 -0.00497819442303
0.0045013891527 -0.0270031575885 0.996339644447 -0.00263333900444
1.69822634542 0.0770824265158 0.120442493563 0.0110436460451
1.65713267335 -0.177195340411 -0.111597371657 -0.0200993350737
0.203321337768 0.960315983953 0.112243597561 0.0296481758853
2.05056864017 0.254139954836 -0.114616403998 -0.0395528311575
-0.774271168364 0.510355938425 0.117226969684 0.0497124394316
1.62484722337 0.741075420606 -0.119698027065 -0.0601009854277
-0.48166409523 -0.00165010992181 0.122113499184 0.0708461268973
1.31769868305 1.27520230724 -0.125026318207 -0.0824207239241
-0.0325699958739 -0.653817002739 0.129969180353 0.0962176704529
2.23542878022 0.527281504445 -0.141783327406 -0.116907271432
-0.379674085837 -0.463571170973 0.186324529777 0.170159050841
1.25453105641 0.422329002709 0.982968762827 0.990779592424
