6.71874910935 7.28543048511 0.166394626136 0.170671241135
-0.346909116594 1.00195902149 -0.0640115192761 -0.0664195490452
0.724691725175 1.01872956023 0.0357439728569 0.0364116612637
0.89077775999 0.999724170407 -0.023008924035 -0.0220321765691
0.36892894959 0.890573189512 0.0160630469846 0.0135111817645
0.803484189855 0.215635172966 -0.011896427223 -0.00781603967365
1.21416932316 0.792466818648 0.00928004855911 0.00369747177368
0.777250650822 -0.376134815977 -0.00762369010453 -0.000546336481484
1.18347120694 0.377134877148 0.00661313390451 -0.0019701335544
-0.355523895922 0.769987474591 -0.00607003327893 0.00404939333283
0.417822327223 1.27857750407 0.00589019733983 -0.00581629175274
-1.06196699664 0.110804633444 -0.00601391922509 0.00735390687096
0.164111360607 0.937387480543 0.00641106179799 -0.00871994260917
-0.351046134747 0.980438791237 -0.00707378661107 0.00995601446532
0.828382438857 1.01664614225 0.00801389466112 -0.0110931920473
0.141307313749 1.02761428103 -0.00926367637492 0.0121554624364
0.99837577082 0.0243625119553 0.0108803823485 -0.0131619878464
0.855865252893 0.36400319754 -0.0129556482571 0.0141286409156
1.20857239072 0.195921391926 0.0156331347579 -0.0150690985855
0.742085764445 -0.754258212947 -0.01914157685 0.0159956665154
0.48441726396 -0.439997124032 0.0238597013472 -0.0169199461588
-0.711649795318 -1.39646023947 -0.030454049355 0.0178534244753
-0.237189020414 -0.698133463032 0.0402055105596 -0.0188080512904
-0.827035470632 -0.681108462236 -0.0559130151063 0.0197968669823
-0.0653723457722 -0.305223742477 0.0850578441978 -0.0208347527783
-1.2784836559 -0.504238526666 -0.156532182659 0.0219394003646
-0.275825849043 0.643428458351 0.588309876411 -0.0231326444712
-0.180122835173 -2.48453743131 0.421604142368 0.024442387773
0.393296463693 -1.19860701756 -0.17029291542 -0.0259055048771
0.418817998586 -1.03982124518 0.113241634902 0.0275724106136
0.709093491128 -0.88954786331 -0.0888053899736 -0.0295145698455
-0.381103942141 -1.14948685358 0.0759950898682 0.0318374689753
-0.335223741339 -0.781704131734 -0.0689459865867 -0.0347043669559
-0.981356502065 -0.0500639053285 0.0655502546426 0.0383830031083
-0.963161099493 -0.295317864665 -0.0651545748472 -0.0433461714037
-1.06957818011 -1.36316852095 0.0680778563484 0.0505159445871
-0.91075403785 0.210643471539 -0.0760408947098 -0.0619657881195
-1.09555983436 -0.332441001106 0.0946650496804 0.0835374926753
-0.932128536312 0.77329729304 -0.149116670324 -0.140542709141
-0.483679761746 0.225484494538 0.770824420546 0.764510213178
