8.0 10.0 0.0 0.0
2.16654789042 1.60469538981 -0.0773510129099 -0.0773510129099
-0.00166828356604 -1.26753046721 0.0933900615642 0.0933900615642
1.78567434463 0.478434728477 -0.0853615328236 -0.0853615328236
0.452416910579 -1.59868436658 0.0649691986795 0.0649691986795
1.31457427526 0.67812889586 -0.0394553283386 -0.0394553283386
0.889373006138 -0.228310803176 0.0143802258003 0.0143802258003
0.953706884102 -0.0963362126384 0.00615161852257 0.00615161852257
1.14638775657 0.316443227371 -0.0196823665576 -0.0196823665576
0.811150001543 -0.437901082053 0.0254895289727 0.0254895289727
1.18119335553 0.473849598127 -0.0244232188356 -0.0244232188356
0.862689801277 -0.447583826441 0.018490381429 0.018490381429
1.07495050721 0.401668191432 -0.010267146141 -0.010267146141
0.985297843442 0.951694128685 0.00226456617359 0.00226456617359
0.994600968918 0.00300596430665 0.00361792790843 0.00361792790843
0.42576852957 0.730883143843 -0.00644016670282 -0.00644016670282
-0.882932367092 1.16750480253 0.00630683663085 0.00630683663085
-0.659437243841 0.856370500339 -0.00418916393371 -0.00418916393371
0.245381088058 1.14794701338 0.00154118202894 0.00154118202894
-0.192515017878 0.837120604983 0.000185079310501 0.000185079310501
-1.0 5.22457893941e-17 1.63268091857e-18 1.63268091857e-18
-0.118843909805 0.81873107921 -0.00230499342272 -0.00230499342272
-0.498544150216 1.17463407711 0.00606257038076 0.00606257038076
-1.37417775488 0.842078663183 -0.0098859819914 -0.0098859819914
-0.680581722077 1.13412510543 0.0120433499686 0.0120433499686
-1.2609236321 0.896152053634 -0.0109624218013 -0.0109624218013
-0.832637815168 1.0578752684 0.0057443539056 0.0057443539056
0.0304641357854 1.05057180073 0.00344126131754 0.00344126131754
-0.96030670056 0.0401750703763 -0.015184560309 -0.015184560309
-0.28739820831 0.669230592372 0.0269427625693 0.0269427625693
-0.382746592228 0.696067815427 -0.0354192421948 -0.0354192421948
-0.920785812709 -0.0137371337927 0.0371413823859 0.0371413823859
0.0949032879811 1.17141794428 -0.0291091680116 -0.0291091680116
-1.06335951913 -0.0883345856928 0.00934807165666 0.00934807165666
-0.206957831642 0.732348636438 0.0228321592718 0.0228321592718
-0.298901781379 0.875280601104 -0.0671606763483 -0.0671606763483
-1.37382438453 -0.679740991753 0.124063273345 0.124063273345
1.31273671302 2.76335009329 -0.201444152009 -0.201444152009
-1.37665409273 -1.03691373296 0.367369856683 0.367369856683
1.41008540214 1.73705291804 0.963336072061 0.963336072061
