19.2959263454 4.8752268515 0.0878094067108 0.0878094067108
-1.76014251854 0.475417477521 -0.0299737243302 -0.0299737243302
-6.04663725811e-05 0.550080170475 0.0120390973011 0.0120390973011
-0.973986783839 0.458009919232 -0.00322348195754 -0.00322348195754
-0.0303007057354 0.478161592327 -0.00207029023193 -0.00207029023193
-0.969528451684 1.06237564639 0.00563791865112 0.00563791865112
-0.0296755078708 1.04934694137 -0.0082327891933 -0.0082327891933
-0.971345029043 0.161966675122 0.0102266236483 0.0102266236483
-0.0274558702981 0.794484162623 -0.011824197472 -0.011824197472
-0.974273404065 0.212777412724 0.0131477865421 0.0131477865421
-0.0225447797287 0.806212242644 -0.0142750899139 -0.0142750899139
-0.984424455104 0.120934265287 0.0152580228411 0.0152580228411
0.00224924591489 1.31980389255 -0.0161327714552 -0.0161327714552
-1.06228334205 0.759174054722 0.0169255156343 0.0169255156343
0.740019031602 1.23015355409 -0.0176558596291 -0.0176558596291
-1.4143489751 0.0376176229048 0.0183389840367 0.0183389840367
0.322674688523 0.886283058167 -0.0189870538115 -0.0189870538115
-1.29809012528 0.14214013205 0.0196101795032 0.0196101795032
0.32605410825 0.861931432582 -0.0202171052344 -0.0202171052344
-1.45895562399 0.0764122705437 0.0208157301381 0.0208157301381
1.3152541586 1.35547907481 -0.0214135333118 -0.0214135333118
-0.0811789808479 0.730733842437 0.0220179527486 0.0220179527486
0.321950294926 1.25280020485 -0.0226367598356 -0.0226367598356
0.41354288971 0.0182748092891 0.0232784701722 0.0232784701722
1.49461003807 0.022341777477 -0.0239528384101 -0.0239528384101
0.540669656873 0.0456080887582 0.0246715016407 0.0246715016407
1.4161952522 -0.307461883435 -0.0254488679072 -0.0254488679072
0.674371776774 -0.69929594582 0.0263034048467 0.0263034048467
0.870328565423 -0.317412822343 -0.0272595910423 -0.0272595910423
0.0613890992404 -0.656587398501 0.0283509973236 0.0283509973236
0.956780716314 -0.380932753325 -0.0296253730734 -0.0296253730734
0.0460919764694 -0.557836226357 0.0311534737046 0.0311534737046
0.91424479833 -0.578335849765 -0.0330453170173 -0.0330453170173
-0.975585682936 -1.18633100163 0.0354823822929 0.0354823822929
-0.0648717614174 0.168190700502 -0.0387875907689 -0.0387875907689
-0.849042318443 -1.24384496988 0.04359740178 0.04359740178
-0.601975708644 0.748047272649 -0.0513657886783 -0.0513657886783
-1.46747203116 -1.21228348637 0.0663005423375 0.0663005423375
-0.532735776793 0.0822852541675 -0.107755572169 -0.107755572169
-0.717629899199 -0.308614728986 0.891807092478 0.891807092478
