16.5227706373 5.44390701988 0.150574244998 0.124357347884
-1.4445637184 -0.328677060753 -0.0688041578006 -0.0465496018039
-0.567886834713 0.346683344618 0.0420586252386 0.0231456066618
-1.42857642119 -0.411560994708 -0.0277869996211 -0.0117629979388
-0.57228405731 1.0172559168 0.0184377081139 0.00496572276495
-1.42385572739 0.0112147597871 -0.0115753276419 -0.000400801248046
0.379562364468 1.09537754308 0.00615927465463 -0.00291140082762
-0.405494346306 0.834591442254 -0.00166199967505 0.00545183133335
0.405794551604 1.19234162006 -0.00221736482003 -0.00748450148936
-0.394937076374 0.791171334117 0.0056662485101 0.00916663895575
0.359049097296 1.2221891149 -0.00881006926739 -0.0105979426602
0.477844432259 0.763995601446 0.0117381700523 0.0118449118346
1.33769601212 1.25408564653 -0.0145180740286 -0.0129538288559
-0.513721448205 0.715403974863 0.0172039527216 0.0139581330042
0.410259038735 1.35887358444 -0.01984207763 -0.014882832681
0.132687081813 0.100512241265 0.0224746802397 0.0157472685935
0.929989084924 0.844844763228 -0.0251430346895 -0.0165669188244
-0.75584793177 0.963177900037 0.0278903051762 0.0173546290927
0.761765632946 1.07099011199 -0.0307646112411 -0.0181214915743
-0.993793329129 0.954096881409 0.0338228081582 0.0188775093762
-0.443461883341 0.695962205693 -0.0371356705012 -0.0196321364047
-1.67118569127 -0.368086774683 0.0407955883955 0.0203947569906
0.454680998617 1.04642573327 -0.0449287479911 -0.0211751580107
-1.57420866077 -0.059641777377 0.0497155685148 0.0219840448252
-0.153991248412 -0.0111823567265 -0.0554271464922 -0.0228336607254
-0.655103195462 -1.3946204468 0.0624949554996 0.0237385902642
1.27060844825 -0.184832034659 -0.0716561057375 -0.0247168663876
-0.873685794332 -0.706737460355 0.0842917086264 0.0257915733995
0.166194003045 -1.09573076532 -0.103345074618 -0.0269932704425
0.567041840474 -0.811184804628 0.136448496197 0.0283638121667
1.59159218892 -0.234049731165 -0.211633491901 -0.0299626444076
-0.0840639954746 -0.757947125719 0.585589476672 0.0318777083108
1.58512499583 -0.21294743739 0.49497948131 -0.0342454716833
0.471916317025 -1.41519961494 -0.140386152519 0.0372904836761
-0.0352046584634 -0.677714240183 0.0643181120377 -0.0414109999446
0.0269159780229 -1.19810227679 -0.0270591900907 0.0473884122849
1.25590207347 0.470456491991 -0.00021410541124 -0.0569957016241
0.802734508813 -0.764649938324 0.0299901192164 0.0753047087293
0.687296964575 -0.896542968394 -0.0878568191453 -0.125042434478
-0.435347466307 -0.451383465294 0.808244356064 0.839300801651
