12.0 7.0 5.28677630774e-18 5.28677630774e-18
7.65278008246 4.04043113506 -0.209900426338 -0.209900426338
0.477808828607 -0.280389828092 0.0246750421186 0.0246750421186
-1.17917882955 -0.633404632964 0.123225090117 0.123225090117
1.52933680515 1.29881352713 -0.0328966296333 -0.0328966296333
2.32142141742 1.17316031202 -0.0852426441716 -0.0852426441716
0.397548225467 -0.354743138545 0.0371633958653 0.0371633958653
-0.469734861063 -0.0362977124209 0.0630717052242 0.0630717052242
0.355958251699 1.54311520431 -0.0398829546279 -0.0398829546279
0.434867613787 1.59280781938 -0.0479265647773 -0.0479265647773
-0.368431276365 0.51378352818 0.0418491727567 0.0418491727567
-0.300655362648 0.595651630873 0.0364390285674 0.0364390285674
0.317633834067 1.46449524938 -0.0434038255873 -0.0434038255873
0.150527689054 1.28056319092 -0.0270153316643 -0.0270153316643
-0.0478705797434 0.547361518405 0.0447223096567 0.0447223096567
0.770449560081 0.814254996499 0.0187750721565 0.0187750721565
1.25953683469 1.4449170271 -0.045908603505 -0.045908603505
0.204161961889 1.10609490291 -0.0111577006274 -0.0111577006274
-0.750901217367 0.560699605132 0.0470340938995 0.0470340938995
-0.0568877400418 0.965609170255 0.00374560014091 0.00374560014091
0.738382894884 1.43488128242 -0.0481569206341 -0.0481569206341
-0.0646098998115 0.96592493025 0.0038355303434 0.0038355303434
-1.16714277828 0.568809421088 0.0493346680866 0.0493346680866
-0.884737283396 1.10312107143 -0.0119955243999 -0.0119955243999
-0.0930835146744 1.42796170403 -0.0506367951042 -0.0506367951042
-0.0459551985102 0.823350923957 0.0212755378375 0.0212755378375
-0.139751350819 0.574960874285 0.0521629634395 0.0521629634395
0.0374174405664 1.25962327492 -0.0325137244376 -0.0325137244376
-0.445634382222 1.42235099304 -0.0540790446853 -0.0540790446853
-1.28287060649 0.640345758976 0.0472069368354 0.0472069368354
-0.734114285181 0.580059288818 0.0567036155104 0.0567036155104
0.701729508172 1.49049341919 -0.0684674523291 -0.0684674523291
0.539731029393 1.4181447632 -0.0607624718289 -0.0607624718289
-0.815042915115 0.318170854583 0.104218831308 0.104218831308
-0.4576854038 0.581563626127 0.0683868368544 0.0683868368544
0.914056821136 2.0167869571 -0.182767164373 -0.182767164373
-0.416554646001 1.42973026877 -0.0898259222274 -0.0898259222274
-3.07371982321 -0.925501008158 0.538951292039 0.538951292039
-0.613814888555 -0.319372057639 0.995902022027 0.995902022027
7.36693280622 4.26595586237 0.66862286093 0.66862286093
