18.8072438479 8.92613554241 0.108705453016 0.170671241135
-1.53443423399 -0.150773619476 -0.0159036044581 -0.0664195490452
-0.486529081723 0.161153600709 -0.00693451014002 0.0364116612637
-1.51641096985 -0.161125027628 0.0163508265391 -0.0220321765691
0.395689719772 -0.683927547205 -0.0211931851914 0.0135111817645
-0.634574965913 -1.30298597489 0.0240214293017 -0.00781603967365
-0.771576670363 -0.330336003364 -0.0258170980719 0.00369747177368
-1.24507759073 -0.050678309407 0.0270260741321 -0.000546336481484
-0.80279689952 0.954884241206 -0.0278756384315 -0.0019701335544
-0.963962906962 0.978675514845 0.0284917811058 0.00404939333283
0.270930943709 1.0169300137 -0.0289489362239 -0.00581629175274
0.454971873002 1.02243076945 0.0292933072356 0.00735390687096
0.320894648711 0.844442751142 -0.0295546953875 -0.00871994260917
-1.06050708335 0.295950117666 0.0297528814476 0.00995601446532
-0.0461127034968 0.639545166455 -0.0299012433377 -0.0110931920473
-0.8621362554 0.423272493663 0.0300088869117 0.0121554624364
-0.304910213678 0.473954674341 -0.0300819340052 -0.0131619878464
-1.52568474616 0.867278601871 0.030124307431 0.0141286409156
-0.587576005466 0.667820425703 -0.0301381971711 -0.0150690985855
-0.761538863225 0.341327185315 0.030124307431 0.0159956665154
-0.272760244881 0.596861603944 -0.0300819340052 -0.0169199461588
-0.449035919026 0.660358903892 0.0300088869117 0.0178534244753
0.362583852082 1.34652324449 -0.0299012433377 -0.0188080512904
0.275040084215 0.0810230984371 0.0297528814476 0.0197968669823
1.49974908562 0.0748018216881 -0.0295546953875 -0.0208347527783
0.567295679024 -0.0366796638677 0.0292933072356 0.0219394003646
1.38034205006 -0.355651225805 -0.0289489362239 -0.0231326444712
0.686094231493 -1.23335803072 0.0284917811058 0.024442387773
1.16255346639 -0.088042629016 -0.0278756384315 -0.0259055048771
-0.00857921255396 -0.819735031665 0.0270260741321 0.0275724106136
0.932731261499 -0.236061936577 -0.0258170980719 -0.0295145698455
0.143619798957 -0.70509558366 0.0240214293017 0.0318374689753
0.700714179679 -0.429776279648 -0.0211931851914 -0.0347043669559
-0.545802723334 -1.44360013185 0.0163508265391 0.0383830031083
0.472181285062 -0.586513864859 -0.00693451014002 -0.0433461714037
-0.40402340893 -1.42531862029 -0.0159036044581 0.0505159445871
-0.506377589988 0.330665821136 0.108705453016 -0.0619657881195
0.158515382415 -0.635076323465 0.848047705854 0.0835374926753
2.27302506863 -0.370623015955 -0.281085418282 -0.140542709141
-0.373768169701 -0.0586767727222 0.848047705854 0.764510213178
