16.3208111205 13.6282760141 0.326651304915 0.267079151744
-1.51935242519 -0.36560093411 -0.14169614647 -0.101301933709
0.141473108978 1.07064266181 0.0888400416561 0.0595721531703
-1.43308951394 -0.440835770209 -0.0623218797109 -0.0403942127617
-0.640861551317 0.506571108796 0.0459345551524 0.0292678884858
-0.930092141638 -0.921590178052 -0.0345955799753 -0.0219276669492
-0.262646752169 0.0899268890564 0.026157538477 0.0166666666667
-1.54108890265 -0.239085116656 -0.0195445856677 -0.0126679130261
-0.567614303939 0.228734074547 0.0141537514109 0.00949087181034
-0.989565618735 0.157778772655 -0.00961875038493 -0.00687667264161
-0.209314399738 0.690589389713 0.00570293748586 0.00466287960054
-1.59248815121 -0.549802179182 -0.00224563489359 -0.00274207774332
-0.5142931981 0.558424006873 -0.000866952915162 0.00104005788533
-1.05307465043 -0.920418790846 0.00371851485367 0.000496442849726
1.26520124983 -0.741149825473 -0.00637283067434 -0.00190701080049
-0.148919647587 -0.919323451579 0.00888026665021 0.00322207200394
1.73386042806 -0.11522338217 -0.0112821042441 -0.00446581987385
0.32814678051 -0.518457507318 0.0136135667579 0.00565819464627
1.64887410211 0.517444817716 -0.0159060588405 -0.00681628437024
0.354929669214 -0.533260110436 0.018188945568 0.00795537211166
1.67441992485 -0.0830714983099 -0.020491097506 -0.00908977447025
-0.0387548174638 -0.97681527678 0.0228423803161 0.0102335734564
1.03931068789 -0.628432801665 -0.0252752564681 -0.0114013230358
-0.01801810509 -1.42696468206 0.027826688998 0.0126088068597
0.88521835985 -0.54677678966 -0.030540600099 -0.0138739334323
-0.782921482774 -1.47368208537 0.0334712616331 0.0152178821383
0.956157665169 -0.503296550064 -0.0366882257388 -0.0166666666667
-0.498266657944 -1.53496503504 0.0402838365292 0.0182533794948
-0.0462682597716 -0.327329909067 -0.0443852032655 -0.0200215590721
-1.38207465635 -0.498035857657 0.0491742283634 0.0220304570344
-0.591134832651 0.685275695527 -0.0549230138111 -0.0243636441934
-1.40867570872 0.140146427238 0.0620607775832 0.0271437713289
0.0384079980953 0.910652515915 -0.0713114513516 -0.0305593696177
-0.996540398683 0.0588071572504 0.0840100112043 0.0349170062543
-0.0208444412936 0.968636616682 -0.102952928527 -0.0407520817339
-0.965586546736 -0.0037057845711 0.135303920609 0.0490930049501
-0.0503471848526 1.07307719234 -0.207862202096 -0.0622008467928
-0.924445723834 -0.497327101034 0.645747180369 0.0862109156586
3.19959027854 6.01702977336 0.121417796441 -0.145661355304
-0.460121300748 0.129804170429 0.458234331002 0.55953626471
