12.0 8.0 6.72862439167e-18 6.72862439167e-18
2.49672648119 2.5921832714 -0.0731295544659 -0.0915924040904
-2.0893802041 -0.476911235907 0.0780106157642 0.108168727803
1.18341608834 2.18011455457 -0.0604330735314 -0.0930047642914
-1.99121111007 0.238555097292 0.0358948683027 0.0615938384848
0.5551940823 1.30283807236 -0.012838698914 -0.02473802562
0.184896824731 1.10745936156 -0.00404119315189 -0.00883371268776
-0.672707149998 0.606544637057 0.0130087446258 0.0327359575025
0.90522190464 1.50662721787 -0.0147116952553 -0.043532895711
-0.900077764149 0.567947036819 0.0114132666273 0.040993638597
0.743542522069 1.16471204475 -0.00605916487923 -0.027787485742
0.883618128204 -0.168466718356 0.00134857592996 0.00864068647186
0.823847689821 -0.18614159985 0.00099599410421 0.0108730445906
1.44894766165 0.41646227137 -0.000606165377025 -0.0256471788823
0.39818253612 -0.499786603877 -0.00157807236123 0.0321783640477
1.60265853509 0.416409985199 0.00374641106166 -0.0292826634529
0.522076151694 -0.169044155225 -0.00392344245053 0.0182473481505
0.0244764163607 1.06248643538 0.000751275131447 -0.00240118236081
0.192401908543 1.31916273811 0.00585996831044 -0.0137836690885
-0.400725970784 0.413827168487 -0.0143930254652 0.0258411668186
0.503598269461 1.69934258855 0.0218006091251 -0.0304408689144
-0.458941088441 0.377936154715 -0.024000184316 0.0262325057699
0.264507128314 1.35319985236 0.0166744129135 -0.0142069965659
0.0510396525995 1.06660948893 0.00384541770774 -0.00251385840185
-0.462317377943 0.440310465253 -0.0399664342397 0.0194158903943
1.30000335707 2.02264124351 0.0931900051975 -0.0316944674954
0.0949697840811 -0.335603233599 -0.168101131121 0.0354696980658
0.341199081272 2.3268149802 0.305284784066 -0.0288352382472
-0.231749142667 -1.21421707987 0.996140679385 0.0124941783925
-1.10323595567 -9.95681457032 0.0906120692878 0.0101752137761
0.0961461412421 -3.50267751484 -0.162867999424 -0.033654482335
-0.433341932422 0.451981519892 0.172726201934 0.0513138542459
0.594713284742 -1.78902506652 -0.147319708747 -0.0567073208219
-0.530918922789 -0.688068035574 0.0950949268548 0.0448211313347
0.176688140472 -1.03790147295 -0.0231589676781 -0.0129083110059
1.35939465189 -1.01651871542 -0.0614165177226 -0.0395607975914
-0.719314536151 -1.12890484809 0.154035029136 0.112864080394
1.95022545616 -0.593713973884 -0.261851826738 -0.215846696917
-1.09772900592 -1.64067170654 0.474436844387 0.43661117861
2.21214010122 1.46727004216 0.929768580227 0.950423728894
