16.0 7.0 -3.26536183713e-18 0.0
3.57668319553 2.09453185985 -0.0842324224532 -0.0773510129099
-1.31429918041 -0.603609249578 0.103375154726 0.0933900615642
2.91147128876 0.56346094127 -0.0949489406378 -0.0853615328236
-0.418823941255 -0.405448136431 0.071821574722 0.0649691986795
1.89203197872 0.218287835945 -0.0428478566896 -0.0394553283386
0.622004470552 -0.0391129388459 0.0151377903779 0.0143802258003
-0.0976040292596 0.908595400855 0.00617287530729 0.00615161852257
0.397695137286 1.26323834975 -0.0184021225953 -0.0196823665576
-0.611521943145 0.635985014505 0.0214629136462 0.0254895289727
0.738774701632 1.40368581686 -0.0175056346357 -0.0244232188356
-0.898746607616 0.620296989509 0.0101091657345 0.018490381429
-0.613981215391 1.28772833906 -0.00319969910728 -0.010267146141
-0.0601202803417 0.895130206015 -5.30548803473e-05 0.00226456617359
-1.04116635224 -0.102601115905 -0.00189406070077 0.00361792790843
-0.0938103419854 1.05628901165 0.00852361404166 -0.00644016670282
-0.552956291305 0.163817506635 -0.0173610991819 0.00630683663085
-1.12750452281 0.524713741629 0.024593307433 -0.00418916393371
-0.994031216795 0.783286892851 -0.0260595020838 0.00154118202894
-0.923533891392 0.00785397688156 0.0183860137588 0.000185079310501
2.08983157577e-16 1.0 -6.53072367427e-17 1.63268091857e-18
0.0998581150545 1.05470228407 -0.0282144491639 -0.00230499342272
-0.197639259588 0.983208982398 0.0627654786009 0.00606257038076
0.609255755037 0.942638827041 -0.0979058714758 -0.0098859819914
1.12106006353 1.13302972167 0.126229552248 0.0120433499686
0.926357360694 0.82876412989 -0.138456109935 -0.0109624218013
1.03372811065 1.11290447061 0.114784703314 0.0057443539056
0.165996999575 0.238057692517 0.999326911007 0.00344126131754
-3.50496858517 -4.60024051938 0.218261634953 -0.015184560309
-2.69778726891 -2.35427283154 -0.14361197669 0.0269427625693
0.101587125033 1.31240219629 0.0896319141219 -0.0354192421948
-1.82649263972 -0.903794185512 -0.0447987981497 0.0371413823859
-0.473407966407 0.621978197729 0.0131788152718 -0.0291091680116
-1.1459193382 0.906164849666 0.000213995649712 0.00934807165666
-1.31649097579 -0.0504175059626 0.00784571570383 0.0228321592718
-0.166497528943 0.184761895446 -0.0382558187496 -0.0671606763483
-2.35807424342 0.131708489279 0.0910039139201 0.124063273345
0.825477209167 1.54712623322 -0.172124828956 -0.201444152009
-3.1113633221 -1.21908890878 0.346856458581 0.367369856683
2.7600535486 1.20717671533 0.973131919439 0.963336072061
