14.0 4.0 5.55111512313e-18 -7.40148683083e-18
4.40149971672 1.98955735695 -0.161468451094 -0.127173559399
-2.74454738286 0.279993233209 0.165564932137 0.124401693586
2.50212785108 1.34240918439 -0.0913981007785 -0.0665602650296
-2.36847578587e-16 1.0 6.26523152816e-17 3.75770396523e-17
-0.338648513094 0.796803449139 0.0614970266498 0.0434109560969
2.12357168189 1.23579465198 -0.0729757519004 -0.0513288321272
-1.12627337875 0.860043293617 0.0435149051883 0.0307173166183
0.0 1.0 6.99481312133e-18 -5.27377144186e-19
1.62661719511 1.10301994708 -0.0307139641403 -0.022367309341
-0.324645805421 0.872946385149 0.0359244408542 0.0269928011065
0.571019950761 1.07922937308 -0.0205678507299 -0.0161993675469
1.0 1.0 -7.80181444124e-17 -4.69817879821e-17
0.0535555544402 0.934718197433 0.0118596292115 0.011242421121
0.0938340323511 1.08908831248 -0.0110485418584 -0.0127954678345
-0.0897896669845 0.933621953356 0.00387873990542 0.00698181903222
1.18423789293e-16 1.0 -1.22808286919e-18 7.07554983084e-18
0.135743144295 1.13176581546 0.00387873990542 -0.00310307912681
-0.518372409022 0.461778289938 -0.0110485418584 0.0017469259761
-1.03088253408 0.00182591640291 0.0118596292115 0.00061720809044
-6.51330841113e-16 1.0 3.51570624465e-17 4.4408920985e-17
0.410227932317 1.3519208182 -0.0205678507299 -0.00436848318299
-0.918316004402 0.145768923191 0.0359244408542 0.0089316397477
-0.797274014612 0.267047220585 -0.0307139641403 -0.00834665479935
-1.0 1.0 -7.75381007549e-18 4.90030742874e-18
-1.36220647584 0.268218042883 0.0435149051883 0.0127975885699
-0.388716069656 -0.148570407905 -0.0729757519004 -0.0216469197733
-1.50961324696 0.0440196496981 0.0614970266498 0.0180860705529
-1.0 -5.92118946467e-17 -3.26554175576e-17 5.81245412343e-18
-0.290394592781 0.0179365270742 -0.0913981007785 -0.0248378357489
-2.20188553312 -0.0572085199821 0.165564932137 0.0411632385512
0.039441488797 0.0620650298285 -0.161468451094 -0.0342948916954
-1.0 -2.36847578587e-16 -3.56403529978e-18 -4.04699328455e-18
-2.37094104502 -0.110473039061 0.949526624265 0.0494160065323
6.74102454498 0.200519166276 0.549201587434 -0.0868363021565
7.37753672477 -0.182905580211 -0.0994618918106 0.0795717495672
1.0 2.96059473233e-16 1.2864184242e-17 7.02056756838e-17
1.51446240457 0.337900089884 -0.0994618918106 -0.179033641378
-1.5286137214 -0.746776701005 0.549201587434 0.636037889591
3.61712483859 1.10461008755 0.949526624265 0.900110617733
