12.0 9.0 5.07530525543e-17 -9.51619735393e-18
2.57908876559 1.18734226128 -0.082109612251 -0.065274066465
-0.46955796638 -1.76359579738 0.111255464382 0.0826840358104
2.28223573436 0.175848738276 -0.117288647292 -0.0825748769302
-0.0384099799319 -0.222762114562 0.108012433692 0.0726962057638
1.75832657032 0.104729430201 -0.0878528019287 -0.0568941875269
0.538322791094 0.0880470216134 0.0606477840909 0.0379733699956
1.16378117525 1.12965037527 -0.0301546303664 -0.0183199571557
-7.31979525566e-16 1.0 0.0 1.23777592385e-17
-0.282119267535 0.938387136231 0.0265366332558 0.015292134507
0.542368485683 1.09082510134 -0.0467731145347 -0.026318230073
-1.22108212776 0.901047330683 0.0588443224599 0.0323661409913
-0.162441805914 1.09320636703 -0.061854052747 -0.0332826241756
-0.400341808306 0.920896135959 0.0559371759427 0.0294589944742
-1.07784513309 1.06019119894 -0.0422227161862 -0.0217678317245
-0.931866514578 0.963470977886 0.0226999494428 0.011455450694
3.30435953296e-16 1.0 5.07530525543e-17 1.00731185443e-17
0.0289189371304 1.09068924777 -0.0228858342397 -0.011051161029
0.662872058033 0.143892674984 0.042923331314 0.0202489172187
0.775674426889 0.454671487859 -0.0573568340632 -0.0263982196614
-0.545132182482 1.31463474957 0.0640031415805 0.028686913652
0.440254141694 0.75731776496 -0.0614886299288 -0.0267748595667
-0.325128400578 1.18424569286 0.0494059848562 0.0208345562848
0.183527830181 0.889989463204 -0.028374829382 -0.011539283596
4.81612887572e-16 1.0 0.0 2.61514459426e-18
-1.039706642 1.19231470735 0.0332686552046 0.0123426410647
-0.824207542562 -0.0908543247933 -0.0683612930927 -0.0238602497832
-1.27146307524 0.871027149838 0.101875714621 0.0328981842676
-0.683407504172 0.446173236289 -0.130398948499 -0.0379398634276
-1.3019559972 0.0368243918342 0.150830179251 0.0377563634522
-0.777556425509 -0.0953080003793 -0.160671195121 -0.031524137368
-1.07704232286 1.37881910233 0.158251534818 0.0188946858527
-8.92118156171e-16 6.09036630652e-16 1.0 3.10503900083e-19
0.219932965948 -8.63378274461 0.11472920765 -0.0246276413149
0.190935738284 -3.03586580766 -0.0748806193239 0.0542664384286
2.00654302255 2.18056663421 0.0245918362688 -0.0884819795301
-0.25970967035 -1.91093615753 0.0359397494267 0.128398834498
2.50559771516 1.74051416843 -0.112638065632 -0.181615595985
-0.771102462128 -1.58760812605 0.255831193019 0.300332236328
1.5816964704 1.43396195533 0.995441819026 0.974515804886
