8.03001135073 4.69575829184 0.151795745412 0.0878094067108
0.365118436758 -0.375903800988 -0.081853981338 -0.0299737243302
1.5102729589 -0.676399159114 0.0553788393869 0.0120390973011
0.581121539941 -0.00023021069964 -0.04014637951 -0.00322348195754
1.34788909175 0.0869859188351 0.0297995902226 -0.00207029023193
0.710040477277 -0.173593718142 -0.0221037980255 0.00563791865112
1.24084146755 0.849520187873 0.0160337944577 -0.0082327891933
0.801347307986 0.205345219787 -0.0110400349167 0.0102266236483
0.278024433445 0.797505545664 0.00679601129529 -0.011824197472
0.802409416867 0.147003248479 -0.00309278225949 0.0131477865421
-0.131055034154 1.0974593301 -0.000211277142666 -0.0142750899139
0.452413814508 0.927841313028 0.0032168515354 0.0152580228411
0.642458932167 1.06845039862 -0.00599861019519 -0.0161327714552
-0.12913622202 0.929979623338 0.00861419164529 0.0169255156343
-0.631061381124 1.07493784741 -0.0111099181803 -0.0176558596291
-0.381300569325 0.914617519932 0.0135246326424 0.0183389840367
0.241077926624 1.11189550678 -0.0158924330753 -0.0189870538115
-0.29142989046 0.773500377562 0.0182447682306 0.0196101795032
-0.830925269279 0.142511574728 -0.0206121954078 -0.0202171052344
0.259525938835 1.26525319492 0.023026023103 0.0208157301381
-0.60738732745 0.36953813153 -0.0255200339985 -0.0214135333118
-0.997324456679 0.474003300988 0.0281324987938 0.0220179527486
-1.11932319635 1.22095956552 -0.0309087525861 -0.0226367598356
-0.0510759702016 0.833214048895 0.0339047336079 0.0232784701722
-0.105765278759 1.16118839329 -0.0371921265131 -0.0239528384101
0.263310432504 0.760220310195 0.0408662097925 0.0246715016407
0.907615913631 0.000959591736303 -0.0450583977306 -0.0254488679072
1.18834023094 -0.0223640374996 0.049957290384 0.0263034048467
0.724627269458 0.00895713980354 -0.0558460212299 -0.0272595910423
1.40522691889 0.0505745647321 0.0631730780554 0.0283509973236
-0.147665722393 -0.71309057827 -0.0726982367187 -0.0296253730734
1.18704567543 -0.348620176094 0.085827691614 0.0311534737046
0.556651567958 0.233652262423 -0.105507197119 -0.0330453170173
1.66679238885 -0.237032521563 0.139189861711 0.0354823822929
-0.00120356368406 0.410950211968 -0.213164642498 -0.0387875907689
2.60519785349 0.776026999772 0.540978684171 0.04359740178
-6.8445082153 -0.659304427112 0.579186487497 -0.0513657886783
-6.1005303746 -0.551531681597 -0.129637121974 0.0663005423375
0.793645989518 0.269221829429 0.00868986912863 -0.107755572169
-1.30242597335 -0.233294471423 0.80903486551 0.891807092478
