13.0 26.0 3.08395284618e-18 3.08395284618e-18
1.27240472667 1.89252752549 -0.0512947984164 -0.0512947984164
-0.250073964453 -3.7103042766 0.0654854967475 0.0654854967475
1.25460537172 1.44521726805 -0.0671638034914 -0.0671638034914
-0.274490478865 -3.11129634828 0.0622374651096 0.0622374651096
1.29741764776 0.730150833763 -0.0533606146381 -0.0533606146381
-0.310577712554 -2.32713043258 0.0422780161694 0.0422780161694
1.30135386712 -0.0713003441356 -0.0303701033022 -0.0303701033022
-0.257733108932 -1.56020786693 0.0187824884574 0.0187824884574
1.16682479667 -0.755791034955 -0.00843528207301 -0.00843528207301
4.93432455389e-17 -1.0 -6.16790569236e-18 -6.16790569236e-18
-0.13901481587 -1.15311073526 0.0061227688875 0.0061227688875
0.116354027558 -0.827928047541 -0.00981047251521 -0.00981047251521
0.565710288219 -0.529813368077 0.0112044720555 0.0112044720555
0.767853107144 -0.105042691565 -0.0106736604121 -0.0106736604121
-0.41090527072 -1.5608872615 0.00875829969108 0.00875829969108
0.238763516261 -0.594269906612 -0.0060991304882 -0.0060991304882
-0.092057960766 -1.27804524442 0.00335856666438 0.00335856666438
-0.0759759251465 -0.830856108503 -0.00114172080001 -0.00114172080001
-1.08963940228 -1.08129741598 -7.49097348613e-05 -7.49097348613e-05
-1.0 -1.0 -6.16790569236e-18 -6.16790569236e-18
-0.989577230574 -0.0540462312515 0.00143643639137 0.00143643639137
-0.972025924508 0.00777611651055 -0.00407087008485 -0.00407087008485
-1.10536171589 0.554620612344 0.00751925832543 0.00751925832543
-0.783305671384 1.36804294719 -0.01121387611 -0.01121387611
-1.37287891558 0.606333416792 0.0144601958487 0.0144601958487
-0.269869254055 1.416301436 -0.0165079463602 -0.0165079463602
-0.419651602071 0.595121157426 0.0166289190243 0.0166289190243
-0.812800559064 1.34012922391 -0.0141931645695 -0.0141931645695
-0.0126468877126 0.791346487822 0.00873494383417 0.00873494383417
9.86864910778e-17 1.0 -1.23358113847e-17 -1.23358113847e-17
1.00541281116 1.31181560651 -0.0120340513397 -0.0120340513397
0.846111275248 -0.382588295563 0.0271733037616 0.0271733037616
1.32309877096 0.782296667213 -0.0450732516507 -0.0450732516507
0.534229750335 -1.10783157157 0.0653874300094 0.0653874300094
1.29807845957 1.10616103622 -0.0880998556212 -0.0880998556212
-0.931287839776 -2.88691252118 0.114429954317 0.114429954317
2.58534999877 2.65966165981 -0.150368308578 -0.150368308578
-0.676282348918 -2.7989927678 0.233492242324 0.233492242324
1.45036595173 2.89792825301 0.983606673679 0.983606673679
