9.14487580128 9.64543443822 0.106678401451 0.106678401451
-0.607140849521 0.941222715754 -0.0386198285181 -0.0386198285181
-0.384279182939 1.10765386056 0.0178365494932 0.0178365494932
-0.606577822159 0.859089652144 -0.00767553570551 -0.00767553570551
-0.445324808934 1.16895441406 0.00159110820153 0.00159110820153
0.0924380221315 0.803078962797 0.00250208821776 0.00250208821776
-0.0458170880934 1.22974755525 -0.00547555138759 -0.00547555138759
0.121191998114 0.723634911408 0.00775818913588 0.00775818913588
0.855924341893 1.36447937878 -0.00958585460569 -0.00958585460569
0.0843089430735 0.298221099671 0.0110991898635 0.0110991898635
1.34788579606 0.667788266023 -0.0123874688029 -0.0123874688029
0.724503127209 0.364473287638 0.0135102877648 0.0135102877648
1.24802894471 -0.0209473784573 -0.0145091551538 -0.0145091551538
0.766946000767 -0.0825095365521 0.0154140807819 0.0154140807819
1.22184719334 0.171751327873 -0.0162475222392 -0.0162475222392
0.790608793311 -0.412619134145 0.0170268583187 0.0170268583187
1.18783302458 -0.677466655206 -0.0177660060442 -0.0177660060442
0.87280020548 0.206345761447 0.0184765236671 0.0184765236671
0.5291696681 -0.726063359817 -0.0191683993197 -0.0191683993197
0.39245476739 -0.37534983743 0.0198506480202 0.0198506480202
0.639575636971 -0.599723513125 -0.0205317974483 -0.0205317974483
0.344221205629 -0.362715098602 0.0212203202937 0.0212203202937
0.664188673173 -0.903216830452 -0.0219250606741 -0.0219250606741
0.332983806884 -1.14088054794 0.0226557009985 0.0226557009985
0.662540796545 -0.839264449642 -0.0234233233872 -0.0234233233872
0.364217513274 -1.17567737772 0.0242411386667 0.0242411386667
-0.152688732986 -0.809745126807 -0.0251254920612 -0.0251254920612
-0.767029320953 -1.20749787974 0.026097320507 0.026097320507
-0.240094944562 -0.766811020235 -0.027184357638 -0.027184357638
-0.776573014356 -1.2903487945 0.0284246127249 0.0284246127249
-0.159551351442 -0.341163145349 -0.0298721081928 -0.0298721081928
-1.39778291158 0.00551800231407 0.0316068269117 0.0316068269117
-0.680826363022 -0.633177761316 -0.0337530077361 -0.0337530077361
-1.28819980627 -0.417943566707 0.0365153267304 0.0365153267304
-0.727184203256 0.379225192893 -0.0402573720228 -0.0402573720228
-1.2642129264 -0.450373717166 0.0456940932212 0.0456940932212
-0.741643483451 0.823189637021 -0.0544530895758 -0.0544530895758
-1.25067730281 0.209660399343 0.0712166405387 0.0712166405387
-0.777380904734 0.802887206984 -0.117232928949 -0.117232928949
-0.51034185116 0.156790834641 0.865343171344 0.865343171344
