7.30347971802 6.32995360773 0.0861466040032 0.106678401451
0.792948716953 -0.222645496206 -0.0173995082243 -0.0386198285181
1.19358886177 0.216761547129 -0.00408851118085 0.0178365494932
0.814126679164 -0.21607003455 0.014980165293 -0.00767553570551
1.18248503053 0.219080371814 -0.0218322151856 0.00159110820153
0.817232583093 -0.227885249196 0.0267432268845 0.00250208821776
1.18748394527 0.255366542995 -0.0306010434488 -0.00547555138759
0.799401820781 0.627065554563 0.0338555096429 0.00775818913588
1.23989268876 0.339302570815 -0.0367702122437 -0.00958585460569
0.520254734216 0.976582208706 0.0395238025884 0.0110991898635
-0.0183715980593 1.05058951355 -0.0422595769957 -0.0123874688029
0.0131025836115 0.995428075775 0.0451171146764 0.0135102877648
-0.684951419674 0.294872247374 -0.0482621628898 -0.0145091551538
-1.13994818575 0.728615258061 0.0519294075123 0.0154140807819
0.058794259963 1.07425348512 -0.0565048942621 -0.0162475222392
-1.26288409347 -0.222189422832 0.0627209515399 0.0170268583187
-0.772198701184 0.09958771734 -0.07221909562 -0.0177660060442
-1.21143760095 0.397305093699 0.0896931642058 0.0184765236671
-0.821504316188 0.687546143074 -0.136401328268 -0.0191683993197
-0.459306874055 -0.415913636618 0.885193819364 0.0198506480202
-0.491064300189 4.72030382286 0.0861466040032 -0.0205317974483
-0.428576014883 0.797438009353 -0.0173995082243 0.0212203202937
0.710045772663 0.944348072795 -0.00408851118085 -0.0219250606741
0.325791333101 -0.0590258214174 0.014980165293 0.0226557009985
0.629427151634 1.63851124949 -0.0218322151856 -0.0234233233872
0.991698534131 -0.198016466406 0.0267432268845 0.0242411386667
1.10968052493 0.363736594356 -0.0306010434488 -0.0251254920612
0.817603201321 -0.419456387055 0.0338555096429 0.026097320507
1.28311297934 0.505028428355 -0.0367702122437 -0.027184357638
0.371145719973 -0.840868597477 0.0395238025884 0.0284246127249
0.606953389775 -0.186087835058 -0.0422595769957 -0.0298721081928
0.384487236632 -0.822201676758 0.0451171146764 0.0316068269117
0.638195367584 -0.149670030571 -0.0482621628898 -0.0337530077361
0.302709242618 -0.923441815461 0.0519294075123 0.0365153267304
-0.206581425421 -0.94985096162 -0.0565048942621 -0.0402573720228
0.23972441651 -1.09298142145 0.0627209515399 0.0456940932212
-0.583314338436 -0.888693162169 -0.07221909562 -0.0544530895758
-0.4751064963 -1.11309080081 0.0896931642058 0.0712166405387
-0.511210191025 -0.91747059137 -0.136401328268 -0.117232928949
-0.484302241109 -0.352638447048 0.885193819364 0.865343171344
