18.0 6.0 2.16201325848e-16 2.16201325848e-16
11.6363607622 4.56102380803 -0.217285719563 -0.217285719563
0.00178681766359 1.28914147572 -0.0259835809839 -0.0259835809839
-5.24924553374 -0.227251876293 0.131120357848 0.131120357848
-2.05736748682 0.701588254879 0.0352538503838 0.0352538503838
1.78426872634 1.72714657491 -0.0918272163877 -0.0918272163877
0.897510411935 1.30335319383 -0.0401952990971 -0.0401952990971
-1.5568867862 0.502127104372 0.0684382411206 0.0684382411206
-0.996664139347 0.69344915891 0.0433929463529 0.0433929463529
1.22270890693 1.36038263856 -0.0522643316833 -0.0522643316833
1.11459797075 1.30888647499 -0.045728580249 -0.045728580249
-1.07270668184 0.73535366083 0.0398882640476 0.0398882640476
-1.81127762672 0.689252470733 0.0475896345297 0.0475896345297
-0.360217161665 1.19092849728 -0.0296651319808 -0.0296651319808
0.538816231188 1.31233587911 -0.0491779843751 -0.0491779843751
-0.302015823658 0.870323206191 0.0206732247631 0.0206732247631
-0.822340365681 0.686227095505 0.0506150097582 0.0506150097582
0.214527164233 1.07549561842 -0.0123169976045 -0.0123169976045
0.971295808289 1.31514326818 -0.051985373439 -0.051985373439
-0.0860400808271 0.975143990816 0.00414503370385 0.00414503370385
-1.41203455499 0.683482774594 0.053359330669 0.053359330669
-1.06023230685 0.975033668565 0.00425535595474 0.00425535595474
0.077825009713 1.31796578076 -0.0548078860276 -0.0548078860276
0.104032189641 1.07652369381 -0.0133450729976 -0.0133450729976
-0.531510334465 0.680423801965 0.0564183032986 0.0564183032986
-0.225238933525 0.867253135489 0.0237432954652 0.0237432954652
0.440763166242 1.32147568117 -0.0583177864349 -0.0583177864349
-0.36071546928 1.197686584 -0.0364232186977 -0.0364232186977
-1.9761251219 0.676121043898 0.060721061365 0.060721061365
-1.83738398063 0.722094073755 0.0531478511229 0.0531478511229
0.0521047949084 1.32720475634 -0.0640468616055 -0.0640468616055
0.716466499234 1.38576460887 -0.0776463020008 -0.0776463020008
-0.70568176526 0.667573283342 0.0692688219208 0.0692688219208
-1.18991110547 0.450906891159 0.119658454333 0.119658454333
0.710983997224 1.34250283311 -0.0793449383704 -0.0793449383704
1.38720122667 1.8510493943 -0.215730035776 -0.215730035776
-1.8975249206 0.627145274067 0.109696831196 0.109696831196
-4.39540838736 -0.825001748262 0.728870229817 0.728870229817
0.983789476297 0.267253814681 0.995904080056 0.995904080056
12.2093841442 3.738542791 0.605195297462 0.605195297462
