7.42513140221 5.43882372054 0.267079151744 0.267079151744
-0.128263329125 1.05069776163 -0.101301933709 -0.101301933709
0.163259065016 0.985234386034 0.0595721531703 0.0595721531703
-0.216043297022 1.02830698526 -0.0403942127617 -0.0403942127617
0.390032450408 0.823637321415 0.0292678884858 0.0292678884858
0.430370708673 0.337275624363 -0.0219276669492 -0.0219276669492
0.654637397227 1.25828180379 0.0166666666667 0.0166666666667
-0.0498272532624 0.793709279373 -0.0126679130261 -0.0126679130261
-0.593868364706 1.18822761497 0.00949087181034 0.00949087181034
-0.0767339104065 0.820579847431 -0.00687667264161 -0.00687667264161
0.0464450836121 1.172208592 0.00466287960054 0.00466287960054
0.32415499359 0.843556888692 -0.00274207774332 -0.00274207774332
1.3097210159 1.05442098998 0.00104005788533 0.00104005788533
0.703305090804 -0.298640590118 0.000496442849726 0.000496442849726
1.35404549605 0.341102401376 -0.00190701080049 -0.00190701080049
0.215334268072 -0.759208729523 0.00322207200394 0.00322207200394
1.01208664122 -0.0307096599149 -0.00446581987385 -0.00446581987385
0.418472671856 -0.506915607806 0.00565819464627 0.00565819464627
0.0549590421817 -1.10674163218 -0.00681628437024 -0.00681628437024
-0.496573697681 -0.583560056223 0.00795537211166 0.00795537211166
-0.467619598563 -0.40245217604 -0.00908977447025 -0.00908977447025
-0.530480355742 -0.610869085232 0.0102335734564 0.0102335734564
-0.592842047062 -0.35636354411 -0.0114013230358 -0.0114013230358
-1.30600170808 -0.994955128788 0.0126088068597 0.0126088068597
-0.491638154851 -0.389528177646 -0.0138739334323 -0.0138739334323
0.937826934613 -0.519416154434 0.0152178821383 0.0152178821383
0.432934962093 -0.702901520052 -0.0166666666667 -0.0166666666667
0.899822065863 -0.726847021883 0.0182533794948 0.0182533794948
0.335616079699 -0.478965526081 -0.0200215590721 -0.0200215590721
-0.237359038958 -1.34610634423 0.0220304570344 0.0220304570344
0.901927285486 -0.0283445714028 -0.0243636441934 -0.0243636441934
-0.256399214806 -1.29355080504 0.0271437713289 0.0271437713289
0.314955142804 -0.700830433802 -0.0305593696177 -0.0305593696177
-0.720398707154 -1.32825282215 0.0349170062543 0.0349170062543
-0.864264819569 0.12987107483 -0.0407520817339 -0.0407520817339
-1.23515694335 -0.29314544625 0.0490930049501 0.0490930049501
-0.567749947446 0.497376326582 -0.0622008467928 -0.0622008467928
-0.642039526181 0.279638902614 0.0862109156586 0.0862109156586
-0.817768131698 0.30765300972 -0.145661355304 -0.145661355304
-0.0340097517055 0.441035835637 0.55953626471 0.55953626471
