19.0 7.0 0.0 0.0
11.2016831908 5.0081224714 -0.208264988505 -0.208264988505
-1.0 1.0 0.0 0.0
-4.2351376478 -0.349589931027 0.120710678119 0.120710678119
4.72206056674e-17 1.0 0.0 0.0
1.66049952546 1.77521661366 -0.0815925843564 -0.0815925843564
-1.0 1.0 -8.881784197e-17 -8.881784197e-17
-1.98572234852 0.494606049829 0.0585424783056 0.0585424783056
4.4408920985e-17 1.0 0.0 0.0
0.608311945554 1.3354164258 -0.0427040342732 -0.0427040342732
-1.0 1.0 0.0 0.0
-1.36672251097 0.79472833931 0.030640039407 0.030640039407
2.91839392718e-17 1.0 0.0 0.0
0.201405475213 1.08384023644 -0.0207106781187 -0.0207106781187
-1.0 1.0 0.0 0.0
-1.0889838067 1.07199698184 0.012003937954 0.012003937954
7.1054273576e-16 1.0 0.0 0.0
0.0276294539266 0.440648476257 -0.00393508534123 -0.00393508534123
-1.0 0.0 0.0 0.0
-1.0526846702 0.345014336485 -0.00393508534123 -0.00393508534123
4.93038065763e-33 1.0 0.0 0.0
0.490705737615 1.1726505385 0.012003937954 0.012003937954
4.16333634234e-17 1.0 0.0 0.0
-0.625197464127 0.972023627724 -0.0207106781187 -0.0207106781187
-1.0 1.0 0.0 0.0
-0.891874676928 0.926688476238 0.030640039407 0.030640039407
0.0 1.0 0.0 0.0
0.713885045031 1.16800179241 -0.0427040342732 -0.0427040342732
-2.91839392718e-17 1.0 0.0 0.0
-0.907381508937 0.727937350329 0.0585424783056 0.0585424783056
-4.71844785466e-17 1.0 0.0 0.0
1.21860549254 1.40220741478 -0.0815925843564 -0.0815925843564
-4.4408920985e-17 1.0 0.0 0.0
-1.68534227328 0.410444493861 0.120710678119 0.120710678119
0.0 1.0 0.0 0.0
2.47314536266 1.92052511926 -0.208264988505 -0.208264988505
-4.72206056674e-17 1.0 0.0 0.0
-4.20563686944 -0.880965082495 0.635310236809 0.635310236809
-8.881784197e-17 0.0 1.0 1.0
12.4488125481 4.18048626938 0.635310236809 0.635310236809
