13.3135372672 3.44648764572 0.178889573993 0.196427185606
-1.39938519785 -0.243238758636 -0.0588728847735 -0.0767873924899
-0.627579517526 0.624790811782 0.0250292607993 0.0433110255989
-1.30238636956 0.539580196591 -0.00877285964302 -0.027417012882
0.186481903295 1.24320911281 -0.000963047058506 0.0180431501637
-1.58000711884 0.833063291288 0.00757602331363 -0.0117963803944
0.149106067099 1.09954042625 -0.0124594478073 0.00728804171908
-1.13419426078 0.0972834856519 0.0162927677551 -0.00384386360595
0.451698140886 1.17933847937 -0.019449181738 0.0010965859977
-0.433610678511 0.85961617522 0.0221532236266 0.00117123106561
-0.340997940024 1.12018849191 -0.0245509330094 -0.00309683339551
-0.426241491097 0.894883740819 0.026744791091 0.00477141765457
0.426595053053 1.09135068166 -0.0288130377171 -0.00625824903496
-0.430329674862 0.923930343584 0.0308218102378 0.00760290352102
0.441860730498 1.05395772423 -0.0328343835667 -0.00883937221386
-0.482425274117 0.996800321798 0.0349204317689 0.00999387063136
1.12499814617 0.35035419159 -0.037168571267 -0.0110873186909
0.705041104999 -0.169570849152 0.0397080332153 0.0121370249293
1.31987872744 0.132696773837 -0.0427534615188 -0.0131578846346
0.678493364667 -0.117135243773 0.0467135689207 0.0141632810944
1.31168903262 0.109632004926 -0.0525097291163 -0.0151658130615
0.710283735489 -0.108359923392 0.0628127429161 0.0161779359465
1.24779944089 0.118203052918 -0.0901665451592 -0.0172125875436
0.270789321488 -0.176822216786 0.798711974641 0.0182838661723
3.51009457527 -0.718982061216 0.0252893976198 -0.019407839113
0.426382807806 0.128792635553 0.00903698330391 0.0206035851193
0.796519516234 -0.736214922238 -0.0208735578684 -0.0218946247773
-0.571135820081 -1.09948477027 0.0275220594949 0.023310983729
0.507889397175 -0.927615162303 -0.0322608337454 -0.0248923013194
-0.464371723806 -1.0702132079 0.0361957755364 0.0266927144764
-0.397986588485 -0.869694980715 -0.0398478240676 -0.0287888749297
-1.51460285285 0.045403386633 0.0435501604367 0.0312937745217
-0.508439121798 -0.0717281489357 -0.0475990638483 -0.0343820098619
-1.4810521189 0.798605968809 0.052353131562 0.0383393454376
-0.523459374001 -0.0292441935789 -0.0583620496618 -0.0436690990451
-1.47753032795 0.450900710946 0.066634948206 0.0513493710978
-0.512114941558 1.14936964206 -0.0793812756983 -0.0635679526583
-1.52716784483 0.91170647363 0.102725718298 0.0864338421908
-0.177310086304 1.08266942841 -0.162640340023 -0.145907342784
-0.266810008557 0.440564625508 0.735058189014 0.717912384993
