8.0 11.6904761905 0.0 0.0238095238095
-0.368406126538 -1.29323617074 0.0194645182349 0.000583000741789
0.403849149325 -0.708461208556 -0.0233477749505 -0.00851511321389
0.781049869203 -1.30783003627 0.0238896980997 0.0124814417139
1.23250837705 -0.574547578494 -0.0233252564031 -0.0148849997004
0.773281845097 -0.233030642271 0.0223269435194 0.016514152402
1.21767697363 -1.17284155339 -0.0211466855918 -0.0177038481231
0.791454793057 -0.553279989453 0.0198895052487 0.0186207139904
1.20055268638 -0.371555700781 -0.0186004587897 -0.0193570800385
0.805160217557 -0.381745149307 0.0172973942563 0.0199683222892
1.19362249948 1.0318619595 -0.0159847470636 -0.0204897520254
0.796701924072 -0.0875335383798 0.014659770681 0.020945030949
1.25226956638 1.64310814241 -0.0133154302275 -0.0213506929179
0.23268031473 0.472989162533 0.0119416863602 0.0217187267508
-0.0190185316746 1.46760374235 -0.0105259196268 -0.0220581292269
-0.00669299043091 0.570792632271 0.00905282316103 0.0223758819255
-0.00268282089557 1.40073922944 -0.00750388652017 -0.0226775920543
0.0478320578748 0.622699494074 0.00585647337852 0.0229679311678
-0.917816283102 1.35603514309 -0.00408240007813 -0.0232509501987
-0.0970207925874 0.665444863013 0.00214581283873 0.0235303192108
-3.38353683695e-16 1.30952380952 -1.85037170771e-17 -0.0238095238095
-0.945375485094 0.727453145534 -0.00241749848222 0.0240920413768
-0.0608294037264 1.17869434918 0.00519262562423 -0.0243815164194
-0.980442593915 -0.244237036891 -0.00844750980293 0.0246819541514
0.171925083328 1.4419811562 0.0123622945358 -0.0249979549275
-0.231412676359 0.505571106238 -0.0172147750082 0.0253350203546
-1.18999873176 0.0323152634103 0.0234574211342 -0.0256999774643
-0.785198372535 0.242585968875 -0.03188051358 0.0261015956663
-1.32840290933 0.880066745329 0.0439991785922 -0.0265515234665
-0.231347529347 0.0471120957388 -0.0631283333045 0.0270657716102
-0.654755781317 1.02816373112 0.0981691909166 -0.0276671686087
-0.751115172767 -0.144548926074 -0.183856225365 0.0283896371375
-1.42894472887 1.41443679851 0.719957227836 -0.0292861021864
5.26662824738 -2.21520430287 0.47724225831 0.0304442366887
3.62170525062 -0.253217239053 -0.196679697404 -0.0320209154583
-0.165492754569 -0.163685051053 0.131852900512 0.0343277335849
1.79543729379 0.245064560188 -0.105250304241 -0.0380848797746
0.370823094269 -0.271203894578 0.095110410231 0.0454189056865
1.54889915174 0.27912228067 -0.104794236656 -0.0665749720287
-0.386723757774 -0.277683551504 1.00239542439 0.972371702816
