15.5493624108 5.5293385687 0.0878094067108 0.0878094067108
-1.50740509593 -1.21192898605 -0.0299737243302 -0.0299737243302
-0.485435740808 0.59617778504 0.0120390973011 0.0120390973011
-1.5755393399 0.816886457562 -0.00322348195754 -0.00322348195754
-0.00651669999125 1.21996931873 -0.00207029023193 -0.00207029023193
-0.845117278439 0.769950510679 0.00563791865112 0.00563791865112
-0.875314608028 1.23475797697 -0.0082327891933 -0.0082327891933
-0.415735228097 0.761745085833 0.0102266236483 0.0102266236483
-0.54029415613 1.24191334523 -0.011824197472 -0.011824197472
-0.343304390922 0.753527324719 0.0131477865421 0.0131477865421
0.346823170818 1.25263413854 -0.0142750899139 -0.0142750899139
-0.355353529765 0.738563846584 0.0152580228411 0.0152580228411
0.373417476197 1.27491321303 -0.0161327714552 -0.0161327714552
-0.426425871311 0.701727736462 0.0169255156343 0.0169255156343
1.05695910201 1.35283877065 -0.0176558596291 -0.0176558596291
0.77235493044 -0.159286850497 0.0183389840367 0.0183389840367
-0.516149060964 1.22545081836 -0.0189870538115 -0.0189870538115
0.72574975686 0.567259093967 0.0196101795032 0.0196101795032
1.27965917737 0.445212844916 -0.0202171052344 -0.0202171052344
0.718453712587 0.612515519225 0.0208157301381 0.0208157301381
1.28112792128 -0.044995015389 -0.0214135333118 -0.0214135333118
0.721368734212 -0.0411532409895 0.0220179527486 0.0220179527486
1.27336858749 0.0750105525436 -0.0226367598356 -0.0226367598356
0.737912870048 -0.0878063502932 0.0232784701722 0.0232784701722
1.22225834056 -0.822561101897 -0.0239528384101 -0.0239528384101
-0.291788669439 -1.15272150766 0.0246715016407 0.0246715016407
0.274771898097 -0.845548980584 -0.0254488679072 -0.0254488679072
-0.257887339141 -1.16323948617 0.0263034048467 0.0263034048467
0.231972981976 -0.817320285485 -0.0272595910423 -0.0272595910423
-0.16997455499 -1.24081204794 0.0283509973236 0.0283509973236
-0.471937219436 -0.102883513243 -0.0296253730734 -0.0296253730734
-1.34185714224 -0.824984755444 0.0311534737046 0.0311534737046
-0.715177534245 -0.174141630399 -0.0330453170173 -0.0330453170173
-1.23333935441 0.267037092141 0.0354823822929 0.0354823822929
-0.854956291325 0.733765964355 -0.0387875907689 -0.0387875907689
-0.796965138354 0.261483438397 0.04359740178 0.04359740178
-0.136158044945 0.756092836532 -0.0513657886783 -0.0513657886783
-0.931792521163 0.181802823864 0.0663005423375 0.0663005423375
0.586845450958 1.50059422049 -0.107755572169 -0.107755572169
-0.50242615616 -0.181785531486 0.891807092478 0.891807092478
