17.0 5.0 5.28677630774e-18 5.28677630774e-18
9.98338135019 3.57252676261 -0.209900426338 -0.209900426338
-0.758973917266 0.794434174278 0.0246750421186 0.0246750421186
-3.00724022433 0.147218176872 0.123225090117 0.123225090117
0.654451520226 1.20138145575 -0.0328966296333 -0.0328966296333
1.03291416469 1.47282436604 -0.0852426441716 -0.0852426441716
-1.70357364098 0.812053850661 0.0371633958653 0.0371633958653
-1.58552967155 0.711190394694 0.0630717052242 0.0630717052242
0.862090024128 1.16154367348 -0.0398829546279 -0.0398829546279
0.936516840134 1.16247020372 -0.0479265647773 -0.0479265647773
-0.740248614941 0.89777229427 0.0418491727567 0.0418491727567
-0.560590384497 0.970582935675 0.0364390285674 0.0364390285674
0.474643652072 0.865323762815 -0.0434038255873 -0.0434038255873
-0.439952051511 0.193250955486 -0.0270153316643 -0.0270153316643
-1.63459448042 -0.0459008384498 0.0447223096567 0.0447223096567
-0.477142429208 0.762715122983 0.0187750721565 0.0187750721565
1.02331790561 1.45420999352 -0.045908603505 -0.045908603505
0.230037401292 1.09602728843 -0.0111577006274 -0.0111577006274
-0.914242624588 0.631248129475 0.0470340938995 0.0470340938995
-0.0691037077322 0.972585198761 0.00374560014091 0.00374560014091
0.842400705588 1.33387120635 -0.0481569206341 -0.0481569206341
-0.0629794744027 0.974577435526 0.0038355303434 0.0038355303434
-0.738594515619 0.685453317217 0.0493346680866 0.0493346680866
0.148427384476 1.0738741138 -0.0119955243999 -0.0119955243999
0.196501805596 1.30205454634 -0.0506367951042 -0.0506367951042
-1.37112849789 0.876857026006 0.0212755378375 0.0212755378375
-1.40365946944 0.706770204507 0.0521629634395 0.0521629634395
0.746293285419 1.17754947237 -0.0325137244376 -0.0325137244376
1.17909299342 1.28672568049 -0.0540790446853 -0.0540790446853
-1.06039703435 0.75730311748 0.0472069368354 0.0472069368354
-1.79272455365 0.717960631748 0.0567036155104 0.0567036155104
0.129433012977 1.32831288784 -0.0684674523291 -0.0684674523291
0.600413536609 1.27938261172 -0.0607624718289 -0.0607624718289
-1.10736742308 0.544336445286 0.104218831308 0.104218831308
-0.685521867511 0.719488709251 0.0683868368544 0.0683868368544
1.52114333928 1.68699125495 -0.182767164373 -0.182767164373
-0.153762705553 1.29534595165 -0.0898259222274 -0.0898259222274
-4.18423034953 -0.38063373164 0.538951292039 0.538951292039
-0.878444324713 -0.194357450315 0.995902022027 0.995902022027
10.6260858982 2.80420247787 0.66862286093 0.66862286093
