14.0 7.0 2.16201325848e-16 2.16201325848e-16
9.41404740018 5.22977142572 -0.217285719563 -0.217285719563
0.750326533657 1.34177305467 -0.0259835809839 -0.0259835809839
-3.20243551076 -0.446478179982 0.131120357848 0.131120357848
-0.807115729584 0.648956675932 0.0352538503838 0.0352538503838
2.19433427109 1.85421044661 -0.0918272163877 -0.0918272163877
1.67395162189 1.35598477278 -0.0401952990971 -0.0401952990971
-0.318983545431 0.41624017347 0.0684382411206 0.0684382411206
-0.470086575534 0.640817579963 0.0433929463529 0.0433929463529
0.630622117137 1.42200629993 -0.0522643316833 -0.0522643316833
0.568908850626 1.36151805393 -0.045728580249 -0.045728580249
-0.500065873673 0.690402045806 0.0398882640476 0.0398882640476
-0.595618443394 0.636620891786 0.0475896345297 0.0475896345297
0.368996374868 1.22318117034 -0.0296651319808 -0.0296651319808
0.606457781995 1.36496745806 -0.0491779843751 -0.0491779843751
-0.252368792364 0.848522492382 0.0206732247631 0.0206732247631
-0.610997146714 0.633595516558 0.0506150097582 0.0506150097582
0.146896302659 1.08813134258 -0.0123169976045 -0.0123169976045
0.612012066983 1.36777484712 -0.051985373439 -0.051985373439
-0.0481253303809 0.97100179572 0.00414503370385 0.00414503370385
-0.610302891967 0.630851195647 0.053359330669 0.053359330669
-0.047881769689 0.970891473469 0.00425535595474 0.00425535595474
0.605649496449 1.37059735971 -0.0548078860276 -0.0548078860276
0.144493203187 1.08915941797 -0.0133450729976 -0.0133450729976
-0.596675966172 0.627792223017 0.0564183032986 0.0564183032986
-0.244190796391 0.84545242168 0.0237432954652 0.0237432954652
0.579404662969 1.37410726012 -0.0583177864349 -0.0583177864349
0.345856893865 1.22993925706 -0.0364232186977 -0.0364232186977
-0.540392434915 0.623489464951 0.060721061365 0.060721061365
-0.424452070118 0.677142458731 0.0531478511229 0.0531478511229
0.397135662155 1.37983633529 -0.0640468616055 -0.0640468616055
-0.0606262031268 1.44738827025 -0.0776463020008 -0.0776463020008
-1.63820439293 0.614941704395 0.0692688219208 0.0692688219208
-1.55347328744 0.365019960257 0.119658454333 0.119658454333
0.834242203274 1.39513441205 -0.0793449383704 -0.0793449383704
1.899423553 1.978113266 -0.215730035776 -0.215730035776
-0.762185366162 0.57451369512 0.109696831196 0.109696831196
-3.11647748966 -1.04422805195 0.728870229817 0.728870229817
0.740332172631 0.319885393628 0.995904080056 0.995904080056
9.36125265831 4.4072904087 0.605195297462 0.605195297462
