6.35755775639 8.04090247322 0.196427185606 0.196427185606
0.607736623044 -0.532104234438 -0.0767873924899 -0.0767873924899
0.434008683544 -0.957161499347 0.0433110255989 0.0433110255989
1.23719238108 -0.999242957087 -0.027417012882 -0.027417012882
0.614395702114 -0.157809181251 0.0180431501637 0.0180431501637
0.379499726908 -0.836616406472 -0.0117963803944 -0.0117963803944
1.21448504241 0.435335618804 0.00728804171908 0.00728804171908
0.837854090147 -0.430326344817 -0.00384386360595 -0.00384386360595
1.14727371396 0.75544761571 0.0010965859977 0.0010965859977
0.856248890332 0.252254119342 0.00117123106561 0.00117123106561
0.376764288398 0.762598181217 -0.00309683339551 -0.00309683339551
0.846243931277 0.181750254749 0.00477141765457 0.00477141765457
1.17252753761 1.31011220619 -0.00625824903496 -0.00625824903496
0.759591012441 0.0252228376573 0.00760290352102 0.00760290352102
0.354720889674 1.13515681387 -0.00883937221386 -0.00883937221386
1.04326597972 0.839986119733 0.00999387063136 0.00999387063136
0.364646447563 1.16378255308 -0.0110873186909 -0.0110873186909
-0.224267196809 0.838171898654 0.0121370249293 0.0121370249293
0.252526098771 1.15579627049 -0.0131578846346 -0.0131578846346
-0.800579799927 0.85588005999 0.0141632810944 0.0141632810944
-0.19375360058 1.12052994796 -0.0151658130615 -0.0151658130615
-1.07849488144 0.942040396708 0.0161779359465 0.0161779359465
-0.90455185476 0.566229964959 -0.0172125875436 -0.0172125875436
-1.10502002861 0.447682861941 0.0182838661723 0.0182838661723
-0.888527025863 0.330620045117 -0.019407839113 -0.019407839113
-1.11632240642 -0.280963523822 0.0206035851193 0.0206035851193
-0.87978972141 0.263768943779 -0.0218946247773 -0.0218946247773
-1.12340391311 -0.257354276484 0.023310983729 0.023310983729
-0.874072488096 0.258240673787 -0.0248923013194 -0.0248923013194
-1.12750525885 -0.26897879849 0.0266927144764 0.0266927144764
-0.872805866421 -0.463027788862 -0.0287888749297 -0.0287888749297
-1.121825686 -0.540787876472 0.0312937745217 0.0312937745217
-0.903966297895 -0.908082144687 -0.0343820098619 -0.0343820098619
-0.360508930141 -1.14009777791 0.0383393454376 0.0383393454376
0.251498509474 -0.845803926999 -0.0436690990451 -0.0436690990451
-0.247409925745 -1.1576418733 0.0513493710978 0.0513493710978
0.273055843146 -0.845803564872 -0.0635679526583 -0.0635679526583
-0.346145210254 -1.1407916079 0.0864338421908 0.0864338421908
0.72167099099 -0.904681554756 -0.145907342784 -0.145907342784
0.220032107201 -0.552696057465 0.717912384993 0.717912384993
