9.0 9.0 3.52021934637e-17 3.52021934637e-17
0.797748307339 -0.250439178792 0.0123826178158 0.0123826178158
1.21505882821 -0.754437457035 -0.0164756780662 -0.0164756780662
0.734764919132 -0.232690937015 0.0185347976164 0.0185347976164
0.196541145107 -0.786634052482 -0.019786673058 -0.019786673058
0.93293997387 -0.191863274752 0.0206369581156 0.0206369581156
1.10323866542 -0.790438824122 -0.0212587795628 -0.0212587795628
0.886607607699 1.11388344853 0.0217385179891 0.0217385179891
1.11760203249 -0.325142024831 -0.0221241389519 -0.0221241389519
0.877131821126 0.435312372703 0.0224444563122 0.0224444563122
1.14293323072 0.706519336832 -0.0227178669031 -0.0227178669031
0.718446776747 0.182840342776 0.0229567111664 0.0229567111664
-0.138815972456 1.07613161268 -0.0231696199267 -0.0231696199267
0.166103695166 1.10445000896 0.0233628565914 0.0233628565914
-0.456458590976 0.539077590432 -0.0235411250866 -0.0235411250866
-0.692707104843 0.356818498835 0.0237080785581 0.0237080785581
-0.209908036458 0.698071494465 -0.0238666534135 -0.0238666534135
-0.889733485803 0.256170326336 0.0240192982475 0.0240192982475
0.0431024612435 0.798810311041 -0.0241681384263 -0.0241681384263
-1.55795941102 0.100828829567 0.024315101533 0.024315101533
-0.244080221641 1.34297643439 -0.0244620203335 -0.0244620203335
0.315556331914 0.88100735119 0.024610725378 0.024610725378
1.38393118697 0.542144615975 -0.0247631373625 -0.0247631373625
0.649985901576 0.344495447815 0.024921369333 0.024921369333
1.38593371799 0.742625981106 -0.0250878506979 -0.0250878506979
0.131060094039 0.125646520756 0.0252654894082 0.0252654894082
0.0977503001827 1.52583490896 -0.0254578969632 -0.0254578969632
-0.1275423589 0.579647011244 0.0256697160196 0.0256697160196
0.120046519272 1.35464337194 -0.0259071182813 -0.0259071182813
-0.0664843956016 0.725355132797 0.0261785936118 0.0261785936118
-0.586490941488 0.62019022508 -0.0264962579393 -0.0264962579393
-1.26717200462 -0.522268714435 0.0268781339259 0.0268781339259
-0.767168702954 1.23899981626 -0.0273523749998 -0.0273523749998
-1.21726753449 -0.0739209378922 0.0279656919041 0.0279656919041
-0.792134754191 0.178034607477 -0.0288018377032 -0.0288018377032
-1.20108539473 -0.199146681429 0.0300276478108 0.0300276478108
-0.804625697095 0.204922582244 -0.0320304125295 -0.0320304125295
-1.18924692283 -0.206432785231 0.035962395607 0.035962395607
-0.822663953147 0.207424126717 -0.0474746648521 -0.0474746648521
-0.228840472021 -0.210423048855 0.998972844211 0.998972844211
