13.2452419688 3.47126543269 0.124357347884 0.124357347884
0.640923137864 -0.0108738631729 -0.0465496018039 -0.0465496018039
1.35781020281 -0.0745269418186 0.0231456066618 0.0231456066618
0.644857596297 0.537513301376 -0.0117629979388 -0.0117629979388
1.36738203081 0.512686486874 0.00496572276495 0.00496572276495
-0.0744464558318 0.486369414443 -0.000400801248046 -0.000400801248046
1.00315403063 0.47580554509 -0.00291140082762 -0.00291140082762
0.0280487894185 0.727597975996 0.00545183133335 0.00545183133335
0.956396151377 1.34433519361 -0.00748450148936 -0.00748450148936
0.0491511849401 0.161262128751 0.00916663895575 0.00916663895575
0.962142119711 0.773200263553 -0.0105979426602 -0.0105979426602
-0.734997849213 0.989772096458 0.0118449118346 0.0118449118346
0.740058089789 1.07238094781 -0.0129538288559 -0.0129538288559
-0.991500275165 0.892869117282 0.0139581330042 0.0139581330042
-0.0181699997936 1.1361867407 -0.014882832681 -0.014882832681
-0.999612684868 0.831107758843 0.0157472685935 0.0157472685935
0.0411065435796 1.21705253878 -0.0165669188244 -0.0165669188244
-0.343143183844 0.675309940486 0.0173546290927 0.0173546290927
-0.504899454779 0.459587165844 -0.0181214915743 -0.0181214915743
-0.490116986221 0.481479999905 0.0188775093762 0.0188775093762
-0.909722314578 0.562410395647 -0.0196321364047 -0.0196321364047
-1.16780524863 0.391319763288 0.0203947569906 0.0203947569906
-0.803181041112 0.677185499504 -0.0211751580107 -0.0211751580107
-1.20886834433 0.157214664834 0.0219840448252 0.0219840448252
-0.788607566403 0.115026796697 -0.0228336607254 -0.0228336607254
-1.20622098995 0.969292744772 0.0237385902642 0.0237385902642
-0.807682630777 -0.879088133138 -0.0247168663876 -0.0247168663876
-1.16488249154 -0.281004021902 0.0257915733995 0.0257915733995
-0.891527455948 0.0589224833238 -0.0269932704425 -0.0269932704425
-0.942719708963 -1.01064871373 0.0283638121667 0.0283638121667
-0.17434435354 -0.978296283156 -0.0299626444076 -0.0299626444076
-0.49645562978 -1.02490595131 0.0318777083108 0.0318777083108
1.08100052796 -0.969519292863 -0.0342454716833 -0.0342454716833
-0.671575844828 -1.0466473294 0.0372904836761 0.0372904836761
1.39167763512 -0.14140673607 -0.0414109999446 -0.0414109999446
-0.487981793478 -0.96829763412 0.0473884122849 0.0473884122849
0.676343346418 -1.02045467584 -0.0569957016241 -0.0569957016241
0.822130165268 -0.968746905758 0.0753047087293 0.0753047087293
0.707665916173 -1.07648373759 -0.125042434478 -0.125042434478
-0.47492500569 -0.215615878815 0.839300801651 0.839300801651
