12.0 7.0 0.0 0.0
3.72099022153 1.72894560884 -0.102859012948 -0.102859012948
-1.28771922876 -1.53084350063 0.113895064445 0.113895064445
2.60991474539 1.33441037227 -0.0857067666516 -0.0857067666516
0.135462390325 0.651237987985 0.0419933981273 0.0419933981273
-2.77555756156e-16 1.0 -1.38777878078e-17 -1.38777878078e-17
0.409754159669 1.28709692841 -0.0286941013192 -0.0286941013192
-0.61017937882 0.569736158095 0.0392619469173 0.0392619469173
0.590059283429 1.4122813793 -0.0334456179925 -0.0334456179925
-0.42576148613 0.744698764548 0.0176607693 0.0176607693
-1.0 1.0 -1.38777878078e-17 -1.38777878078e-17
-0.856720787103 1.33447096305 -0.012801984516 -0.012801984516
-1.24317486643 -0.0599459297147 0.0174194959284 0.0174194959284
-0.750897330082 0.595745546312 -0.0144154849845 -0.0144154849845
-1.16795935011 0.827154267195 0.00718920978687 0.00718920978687
-1.0 -2.22044604925e-16 0.0 0.0
-0.0712463438962 0.791494053047 -0.00403012898267 -0.00403012898267
-0.0718547610679 1.11185947321 0.00411084549591 0.00411084549591
0.336714026438 1.00587591265 -0.00175271055308 -0.00175271055308
1.13533232993 0.876741408671 -0.00036070686957 -0.00036070686957
1.0 2.22044604925e-16 -3.46944695195e-18 -3.46944695195e-18
0.912721912246 -0.0662642293614 0.00328016025086 0.00328016025086
1.14507613267 -0.0047605734335 -0.00775546406325 -0.00775546406325
0.842645528522 0.303940454531 0.0103061766742 0.0103061766742
1.10813947745 1.05953855774 -0.00803445448003 -0.00803445448003
1.0 -3.33066907388e-16 -5.20417042793e-18 -5.20417042793e-18
0.862544951492 -0.240920400799 0.011758306767 0.011758306767
1.25208995298 0.358106543422 -0.0224978420236 -0.0224978420236
0.713606512565 -0.358992737748 0.0264103082049 0.0264103082049
1.20167433506 0.236617843194 -0.0191041533913 -0.0191041533913
1.0 1.38777878078e-16 -6.93889390391e-18 -6.93889390391e-18
0.734279896291 -0.343130497817 0.0263548237615 0.0263548237615
1.49954671955 1.08764523359 -0.0507080734663 -0.0507080734663
0.412065813204 0.386353524037 0.061275016431 0.061275016431
1.43562872531 0.107716963129 -0.0469306162593 -0.0469306162593
1.0 0.0 1.12757025938e-17 1.12757025938e-17
0.310218475704 -0.324714952908 0.0837179274327 0.0837179274327
2.54367294394 0.762383354422 -0.214872847973 -0.214872847973
-1.5266510654 -1.20986318781 0.503967456424 0.503967456424
2.60002606411 1.56538471259 0.935369060527 0.935369060527
