8.51207544518 11.4974742804 0.0463875480774 0.0463875480774
-0.124224669583 0.692483397953 -0.0103989467788 -0.0103989467788
0.0954435495342 1.32833052855 -0.00111723372709 -0.00111723372709
-0.0468984854959 0.652407228152 0.00684194917684 0.00684194917684
-0.0499700206214 1.37218066033 -0.0103001946599 -0.0103001946599
0.406574197782 0.587979427717 0.0126395740335 0.0126395740335
0.672675406098 1.50039945789 -0.0143455484586 -0.0143455484586
0.292960491809 0.0354601546482 0.0156589352274 0.0156589352274
0.738896723856 0.794186749462 -0.0167129040466 -0.0167129040466
0.191014499037 0.852505830397 0.0175872028437 0.0175872028437
1.49624221069 1.27030586011 -0.0183326223359 -0.0183326223359
0.59631610528 -0.0387526449538 0.0189831627012 0.0189831627012
1.35427641413 0.172073308344 -0.0195625613459 -0.0195625613459
0.67823668657 -0.215537339423 0.0200880169573 0.0200880169573
1.29846865403 0.24388998135 -0.0205724263475 -0.0205724263475
0.716703219676 -0.272336512995 0.0210257900952 0.0210257900952
1.28607776568 0.319197338955 -0.0214561338237 -0.0214561338237
0.584242987575 -0.504009566206 0.021870138302 0.021870138302
-0.0616910954994 -0.877185628721 -0.0222735913815 -0.0222735913815
0.377864850545 -1.18553788886 0.0226717314462 0.0226717314462
0.807823593926 -0.789929520702 -0.0230695282615 -0.0230695282615
-0.363520054175 -1.22401497766 0.023471934424 0.023471934424
0.253687938505 -0.76639191136 -0.0238841349603 -0.0238841349603
-0.14795906871 -1.24114772738 0.0243118222717 0.0243118222717
-0.623443055127 -0.752092970979 -0.0247615284766 -0.0247615284766
-0.42546881313 -1.25514088463 0.0252410587255 0.0252410587255
0.273665814769 -0.73474785178 -0.0257600909297 -0.0257600909297
-1.14781126779 -1.28607591785 0.0263310471927 0.0263310471927
0.107150741001 -0.633141027382 -0.0269704156766 -0.0269704156766
-1.10884694448 -0.276735503484 0.0277008415873 0.0277008415873
0.167126181209 -1.02171760565 -0.0285545854569 -0.0285545854569
-1.45476855417 -0.763241186865 0.0295795386052 0.0295795386052
-0.632259455993 -0.0786283490059 -0.030850331031 -0.030850331031
-1.32902844023 -1.11788915659 0.0324904075322 0.0324904075322
-0.693877563896 1.0718492737 -0.0347202189329 -0.0347202189329
-1.29218836421 0.687708533277 0.0379764489439 0.0379764489439
-0.7116591381 1.33849442311 -0.0432642620011 -0.0432642620011
-1.31393499609 0.646339011443 0.0535306571714 0.0535306571714
0.0604342142574 1.38581936975 -0.0827405176714 -0.0827405176714
-0.138082122432 -0.252039945368 0.945492529128 0.945492529128
