20.0 6.0 0.0 0.0
12.0488922926 4.38481617255 -0.208264988505 -0.208264988505
-1.0 1.0 0.0 0.0
-4.71138008095 -0.162035620641 0.120710678119 0.120710678119
-7.9936057773e-16 1.0 0.0 0.0
2.17983457352 1.68514597495 -0.0815925843564 -0.0815925843564
-1.0 1.0 -8.881784197e-17 -8.881784197e-17
-3.00094541084 0.533494599912 0.0585424783056 0.0585424783056
-1.0 1.0 0.0 0.0
0.82440658239 1.3354164258 -0.0427040342732 -0.0427040342732
-8.881784197e-17 1.0 0.0 0.0
-1.12717959551 0.755839789227 0.030640039407 0.030640039407
-1.0 1.0 0.0 0.0
-0.835546091997 1.17391087515 -0.0207106781187 -0.0207106781187
-1.0 1.0 0.0 0.0
-0.554996028919 0.884442671453 0.012003937954 0.012003937954
-1.05928837643e-15 1.0 0.0 0.0
-0.430647315243 1.06395477511 -0.00393508534123 -0.00393508534123
-1.0 1.0 0.0 0.0
-0.531684247216 0.984259658635 -0.00393508534123 -0.00393508534123
0.0 1.0 0.0 0.0
-0.515745223921 0.96832063534 0.012003937954 0.012003937954
-1.0 1.0 0.0 0.0
-0.44742290802 1.08073036789 -0.0207106781187 -0.0207106781187
-1.07233983085e-15 1.0 0.0 0.0
-0.536359927466 0.86580657 0.030640039407 0.030640039407
-1.0 1.0 0.0 0.0
-0.857539448151 1.19590423131 -0.0427040342732 -0.0427040342732
-1.0 1.0 0.0 0.0
-1.09927715661 0.727937350329 0.0585424783056 0.0585424783056
0.0 1.0 0.0 0.0
0.785518032307 1.37430497588 -0.0815925843564 -0.0815925843564
-1.0 1.0 0.0 0.0
-2.93877721103 0.471326400099 0.120710678119 0.120710678119
-1.0 1.0 0.0 0.0
2.05316216937 1.8118183791 -0.208264988505 -0.208264988505
-7.1054273576e-16 1.0 0.0 0.0
-4.19678052226 -0.676635179331 0.635310236809 0.635310236809
-2.6645352591e-16 -8.881784197e-17 1.0 1.0
12.8924675179 3.54124094723 0.635310236809 0.635310236809
