5.58671773085 11.1949508861 0.18402748378 0.18402748378
-0.0579493007548 0.880230875295 -0.0718658719778 -0.0718658719778
0.0365851559284 1.15991853218 0.0400379628756 0.0400379628756
-0.0119830982211 0.817033807956 -0.0248575745586 -0.0248575745586
-0.0395872451422 1.19980616041 0.0158836368426 0.0158836368426
0.330273903897 0.785227613101 -0.00989472163643 -0.00989472163643
1.17653697991 1.23301375799 0.00556816886198 0.00556816886198
0.882487510622 0.716642996199 -0.00226042978669 -0.00226042978669
1.09268227587 0.224942399757 -0.0003795313902 -0.0003795313902
0.923235343399 -0.228864395937 0.00255977509992 0.00255977509992
1.06356050458 0.236506740263 -0.00441173932052 -0.00441173932052
0.949670764209 -0.244200084327 0.0060228229432 0.0060228229432
1.03485237357 0.252647294962 -0.00745369309225 -0.00745369309225
0.986133959397 -0.264105043586 0.00874807774278 0.00874807774278
0.979852252789 0.287659460165 -0.00993860635755 -0.00993860635755
1.09408527867 -0.406051583497 0.0110504570345 0.0110504570345
0.539814944601 -0.91240003339 -0.0121037324152 -0.0121037324152
0.475309816382 -0.594900443629 0.0131150742864 0.0131150742864
0.48165738372 -0.356072450322 -0.014098813056 -0.014098813056
0.613370929154 -0.613009028241 0.015067833218 0.015067833218
-0.101978880155 -0.782855578807 -0.016034272771 -0.016034272771
0.753498241647 -1.25796768461 0.0170101405852 0.0170101405852
-0.000499068545628 -0.727644794049 -0.0180079198383 -0.0180079198383
-0.802058469856 -1.27863146532 0.019041223005 0.019041223005
-0.262147592701 -0.724091561022 -0.0201255737216 -0.0201255737216
-0.7026018547 -1.23702844656 0.0212794160923 0.0212794160923
-0.326821294555 0.124408401969 -0.0225255006388 -0.0225255006388
-0.62089379849 -1.4622241818 0.0238928848492 0.0238928848492
-0.924993157191 -0.546772344847 -0.0254199493029 -0.0254199493029
-1.12838872092 -0.706787060367 0.0271591392176 0.0271591392176
-0.84993268917 0.958329849332 -0.0291847534313 -0.0291847534313
-1.16870342641 -0.414217606864 0.0316063868883 0.0316063868883
-0.802831684146 -0.133486034897 -0.0345935193438 -0.0345935193438
-1.26297253112 -0.228039560166 0.0384238101889 0.0384238101889
-0.410025659145 0.640570344308 -0.0435869220644 -0.0435869220644
-0.609542590193 0.297390515675 0.0510360830892 0.0510360830892
-0.342124126707 0.767698338225 -0.0629089956628 -0.0629089956628
-0.859896239622 0.127791139084 0.085200901599 0.085200901599
-1.13346946806 1.32702182424 -0.143630455072 -0.143630455072
-0.306414649463 0.0836368763564 0.740865022728 0.740865022728
