10.0 19.0 0.0 0.0
3.21927084004 5.33854311898 -0.102859012948 -0.102859012948
-0.829189696466 -2.95184183858 0.113895064445 0.113895064445
2.22821212477 1.7651250669 -0.0857067666516 -0.0857067666516
0.429478870074 -2.03026953401 0.0419933981273 0.0419933981273
1.0 -6.66133814775e-16 -1.38777878078e-17 -1.38777878078e-17
1.38379323547 0.958270106553 -0.0286941013192 -0.0286941013192
0.453150910024 -1.86340367942 0.0392619469173 0.0392619469173
1.52072819638 0.248092624769 -0.0334456179925 -0.0334456179925
0.615746304852 -0.494348270229 0.0176607693 0.0176607693
0.0 -1.0 -1.38777878078e-17 -1.38777878078e-17
0.146043731228 -0.720538964096 -0.012801984516 -0.012801984516
-0.667698845432 -1.53039339287 0.0174194959284 0.0174194959284
-1.1238721341 -0.191464987623 -0.0144154849845 -0.0144154849845
-0.929528473441 -0.256102183595 0.00718920978687 0.00718920978687
-1.0 -1.0 0.0 0.0
-1.16395417692 -0.148813880647 -0.00403012898267 -0.00403012898267
-0.236268968587 -0.338429874111 0.00411084549591 0.00411084549591
-0.0957488152613 -1.4519863081 -0.00175271055308 -0.00175271055308
0.232423480452 -0.633030175389 -0.00036070686957 -0.00036070686957
1.0 -1.11022302463e-15 -3.46944695195e-18 -3.46944695195e-18
0.122036076029 -0.954857868799 0.00328016025086 0.00328016025086
0.468230212383 -0.428660593089 -0.00775546406325 -0.00775546406325
1.1974194551 0.111905809019 0.0103061766742 0.0103061766742
0.95037944729 -0.00954659607668 -0.00803445448003 -0.00803445448003
1.0 3.88578058619e-16 -5.20417042793e-18 -5.20417042793e-18
0.970263387189 0.00752095806957 0.011758306767 0.011758306767
1.09778576205 -0.452149425787 -0.0224978420236 -0.0224978420236
0.8544514352 -1.12787647336 0.0264103082049 0.0264103082049
1.12011039118 0.429493107538 -0.0191041533913 -0.0191041533913
1.0 5.55111512313e-17 -6.93889390391e-18 -6.93889390391e-18
0.811357038781 -0.447386273495 0.0263548237615 0.0263548237615
1.37355801729 0.811097542886 -0.0507080734663 -0.0507080734663
0.543140242001 -0.933972088577 0.061275016431 0.061275016431
1.34837784216 0.681434775654 -0.0469306162593 -0.0469306162593
1.0 -3.33066907388e-16 1.12757025938e-17 1.12757025938e-17
0.426969608333 -1.04859847499 0.0837179274327 0.0837179274327
2.29965286858 2.28906342368 -0.214872847973 -0.214872847973
-1.16511024425 -3.47232673261 0.503967456424 0.503967456424
2.14879187759 4.3454510814 0.935369060527 0.935369060527
