17.0 7.0 5.28677630774e-18 5.28677630774e-18
10.1423990508 4.85560788175 -0.209900426338 -0.209900426338
-0.78382497787 0.686197364383 0.0246750421186 0.0246750421186
-3.1677402554 -0.341889846896 0.123225090117 0.123225090117
0.709171669741 1.3305805906 -0.0328966296333 -0.0328966296333
1.21338378405 1.8219660544 -0.0852426441716 -0.0852426441716
-1.80420300444 0.646568950648 0.0371633958653 0.0371633958653
-1.80720172708 0.392802163828 0.0630717052242 0.0630717052242
1.04952898961 1.40188738815 -0.0398829546279 -0.0398829546279
1.25589119222 1.53513731536 -0.0479265647773 -0.0479265647773
-1.1928240792 0.408437520769 0.0418491727567 0.0418491727567
-1.67321996486 -0.16436740911 0.0364390285674 0.0364390285674
0.0211683291582 0.424721627633 -0.0434038255873 -0.0434038255873
0.33822861523 0.968809293026 -0.0270153316643 -0.0270153316643
-0.67843479092 0.937797763937 0.0447223096567 0.0447223096567
-0.310255048376 0.954971361131 0.0187750721565 0.0187750721565
0.815828649173 1.131426407 -0.045908603505 -0.045908603505
0.220580277105 1.03410247975 -0.0111577006274 -0.0111577006274
-1.1988220836 0.855419581233 0.0470340938995 0.0470340938995
-1.04749045635 0.988981840379 0.00374560014091 0.00374560014091
-0.0391867499116 1.1271548194 -0.0481569206341 -0.0481569206341
-0.0201626650638 0.991980282383 0.0038355303434 0.0038355303434
-0.307107979977 0.947201946246 0.0493346680866 0.0493346680866
0.0581028479931 0.985906305981 -0.0119955243999 -0.0119955243999
-0.149775552947 0.52480714311 -0.0506367951042 -0.0506367951042
-1.233594354 -0.0933534327876 0.0212755378375 0.0212755378375
-1.0723684795 0.271702459835 0.0521629634395 0.0521629634395
0.533684858203 1.32341145212 -0.0325137244376 -0.0325137244376
0.788054501808 1.45295506556 -0.0540790446853 -0.0540790446853
-0.62478927346 0.645618779645 0.0472069368354 0.0472069368354
-0.669974255637 0.607264802684 0.0567036155104 0.0567036155104
0.648729424602 1.44371407641 -0.0684674523291 -0.0684674523291
-0.103249101379 1.37045049031 -0.0607624718289 -0.0607624718289
-2.18552111722 0.403096559318 0.104218831308 0.104218831308
-0.994242746958 0.635385930922 0.0683868368544 0.0683868368544
2.19774451501 1.88784458869 -0.182767164373 -0.182767164373
0.871477525485 1.37887361109 -0.0898259222274 -0.0898259222274
-3.53407481079 -0.734393784271 0.538951292039 0.538951292039
-0.832644434067 -0.281690606373 0.995902022027 0.995902022027
10.423876536 3.95719689604 0.66862286093 0.66862286093
