10.4856758864 11.4868388228 0.0463875480774 0.0463875480774
-0.331267266839 0.714394382048 -0.0103989467788 -0.0103989467788
-0.786378782574 1.29276853857 -0.00111723372709 -0.00111723372709
-1.2865626133 0.705591229345 0.00684194917684 0.00684194917684
-0.504847613354 1.29382008028 -0.0103001946599 -0.0103001946599
-0.0843233120129 0.708272722478 0.0126395740335 0.0126395740335
0.142531179115 1.28779915062 -0.0143455484586 -0.0143455484586
-0.150765036805 0.719613510395 0.0156589352274 0.0156589352274
0.109363661773 1.26397086872 -0.0167129040466 -0.0167129040466
0.431046491172 0.787768101584 0.0175872028437 0.0175872028437
1.36688125277 0.575523961835 -0.0183326223359 -0.0183326223359
0.663136891692 -0.423965249688 0.0189831627012 0.0189831627012
1.33307659325 0.401887992261 -0.0195625613459 -0.0195625613459
0.660869357465 -0.408409064408 0.0200880169573 0.0200880169573
1.35172055318 0.442076717705 -0.0205724263475 -0.0205724263475
0.628761731539 -0.565289791483 0.0210257900952 0.0210257900952
1.40098092918 -0.476327507192 -0.0214561338237 -0.0214561338237
0.549778986646 -0.444165566701 0.021870138302 0.021870138302
1.55082197519 -0.873637371335 -0.0222735913815 -0.0222735913815
0.0476268854789 -1.22044092329 0.0226717314462 0.0226717314462
0.866206030945 -0.719369760883 -0.0230695282615 -0.0230695282615
0.170299385991 -1.37476695606 0.023471934424 0.023471934424
0.800424582556 -0.0347493035398 -0.0238841349603 -0.0238841349603
0.258997593732 -0.814451578492 0.0243118222717 0.0243118222717
0.0098289756528 -0.965124786576 -0.0247615284766 -0.0247615284766
-0.0957315561666 -1.08420221988 0.0252410587255 0.0252410587255
0.145295213003 -0.90179910194 -0.0257600909297 -0.0257600909297
-0.184558897812 -1.09443809636 0.0263310471927 0.0263310471927
0.23089670805 -0.92610557461 -0.0269704156766 -0.0269704156766
-0.357901031704 -1.02651586048 0.0277008415873 0.0277008415873
-0.895685785765 -1.08953276552 -0.0285545854569 -0.0285545854569
-1.16305102516 -0.404042583368 0.0295795386052 0.0295795386052
-0.809902177082 0.946321876062 -0.030850331031 -0.030850331031
-1.20912834428 0.0398894169334 0.0324904075322 0.0324904075322
-0.774083269381 1.06477471647 -0.0347202189329 -0.0347202189329
-1.24384036832 -0.702014608316 0.0379764489439 0.0379764489439
-0.731693810985 1.19022670324 -0.0432642620011 -0.0432642620011
-1.32121046883 0.651154026335 0.0535306571714 0.0535306571714
0.0962395867899 1.39015444369 -0.0827405176714 -0.0827405176714
-0.206738393575 -0.250707893587 0.945492529128 0.945492529128
