8.95197576366 8.75461386294 0.124798682556 0.0677191564491
1.08273118133 -1.38859786495 -0.0656851388922 -0.0205767714385
0.997747879536 0.312265082856 0.0423291576846 0.00572843925721
0.948206618289 -1.3230529762 -0.0285636305032 0.00161068756522
1.09128945723 0.639076810831 0.0190621864683 -0.00603075951334
0.878442516199 -0.525472333997 -0.0119128499934 0.00901506873318
1.14532772066 0.46759402089 0.00622370622118 -0.0111884543258
0.836060652156 -0.430273212667 -0.00151005990635 0.01286002633
1.1775376368 0.404789402051 -0.00251939767205 -0.014200387383
0.816219137905 -0.390050583341 0.00605293529255 0.0153115519148
1.1643777113 0.402282647161 -0.00921929217188 -0.0162584164421
-0.230694275073 0.67216049686 0.0121107401749 0.017084382077
0.217884556882 1.32654671602 -0.0147962522091 -0.0178197244317
-0.178173107549 0.673610831484 0.0173294990526 0.0184863629584
-0.0918370684154 1.33279081255 -0.0197539820189 -0.0191007227477
-1.44868764011 0.64538979694 0.022106514794 0.0196755312526
-0.598439023699 1.42562837506 -0.0244197368852 -0.0202209948535
-1.39392648894 -0.0577125439474 0.0267240712565 0.0207456028068
-0.600466530882 0.980748716872 -0.0290494000164 -0.0212567032451
-1.41511191902 0.0327644419043 0.0314266662193 0.0217609403109
-0.542884854568 1.01811340979 -0.0338895916471 -0.0222646109946
-0.412943088164 0.921673656889 0.036476722712 0.0227739839563
0.444566978525 1.09848102671 -0.0392340860654 -0.0232956152925
-0.48558581351 0.890707281126 0.0422188757136 0.0238366956316
0.564647893862 1.12006878908 -0.0455048568888 -0.0244054689377
-0.964226440274 0.858809517044 0.0491906697592 0.0250117777799
-0.623497230212 1.20696247989 -0.0534131903227 -0.0256678171606
-1.51484225539 0.170768868039 0.0583701130864 0.026389228818
0.288811884006 0.737568280875 -0.0643603345231 -0.0271967596963
-1.27767497715 0.295579056639 0.0718612425572 0.0281188830227
-0.573468620394 -0.175009919889 -0.0816897987372 -0.0291961290124
-1.51020066722 1.18756951516 0.0953778962155 0.0304886092009
-0.404167947882 -0.439890104032 -0.116192880875 -0.0320898912846
-1.70909934664 0.540536847898 0.152632348781 0.0341545265232
-0.113905182007 -0.790567184908 -0.236253762863 -0.0369580053644
-2.07713345918 1.43875384159 0.674151238127 0.0410446328003
5.37589364744 -5.6860586704 0.473898436372 -0.047662439055
3.20551120951 -3.40809725331 -0.12074368432 0.060446073622
0.381211019979 1.37331185026 0.0114318373323 -0.0963555810701
0.41670428919 -0.859838333212 0.843120204316 0.91857400033
