8.08127558395 6.0887372017 0.127145953569 0.124357347884
0.661441496157 -0.10869709052 -0.0461171898034 -0.0465496018039
1.35646366031 0.0961181093068 0.0201400888694 0.0231456066618
0.633224256907 -0.0903668405858 -0.00663086930111 -0.0117629979388
1.37709728914 0.0913642403503 -0.00197393691293 0.00496572276495
0.607160098404 -0.10447550878 0.00811212883961 -0.000400801248046
1.42838803719 0.174469683811 -0.0128222739076 -0.00291140082762
0.402969997888 0.98128372645 0.0166278349732 0.00545183133335
0.248012396661 1.04639148604 -0.0198245735332 -0.00748450148936
-0.303178948202 0.937051577702 0.0225942368388 0.00916663895575
0.337625286241 1.08159686607 -0.0250561172604 -0.0105979426602
-1.11452485491 0.889104126225 0.0272929490778 0.0118449118346
1.21616716524 1.17318606393 -0.0293650088078 -0.0129538288559
0.783353661445 0.570443540589 0.0313183316207 0.0139581330042
0.914294131143 0.3636100354 -0.0331898058613 -0.014882832681
-0.550030065193 1.15387174667 0.0350105399 0.0157472685935
1.18583752939 0.930214690377 -0.0368082587585 -0.0165669188244
-0.182176979322 1.02746114738 0.0386091780468 0.0173546290927
0.247957209034 1.00717298515 -0.0404396527606 -0.0181214915743
-0.222101117947 0.949911939508 0.0423278373856 0.0188775093762
-0.130022462537 1.13593226022 -0.0443055947474 -0.0196321364047
-1.54178131838 0.260133155983 0.0464109538831 0.0203947569906
0.224097186535 0.733798426208 -0.0486915676934 -0.0211751580107
-1.25544115356 0.122409188241 0.0512099271425 0.0219840448252
-0.689289368971 0.157099208109 -0.0540517072148 -0.0228336607254
-1.32472956562 0.868502877681 0.0573399221096 0.0237385902642
-0.669582252085 -0.316306250919 -0.0612604931661 -0.0247168663876
-1.33311180685 0.239772971188 0.0661119881817 0.0257915733995
-0.665741987729 -0.214213401233 -0.0724117864185 -0.0269932704425
-1.33418406202 0.208661883366 0.0811521155026 0.0283638121667
-0.667569517949 -0.217660801252 -0.0945326986578 -0.0299626444076
-1.32650705074 0.244507467145 0.118686623551 0.0318777083108
-0.699284758654 -0.305897646025 -0.180087063179 -0.0342454716833
-0.731083582465 0.483085093053 0.855422783086 0.0372904836761
4.63914058286 -7.88214910282 0.130420696547 -0.0414109999446
0.925116450908 -0.971861859768 -0.0192742372825 0.0473884122849
0.892326122309 -0.223632807892 -0.0208353971115 -0.0569957016241
-0.0101404659563 -0.761225130875 0.053797637597 0.0753047087293
1.61657808687 0.2687393002 -0.112229863592 -0.125042434478
-0.262087462673 -0.173250940373 0.832304028823 0.839300801651
