11.0 11.0 0.0 -5.69345140833e-18
1.22744686828 0.301782082051 -0.0160565348801 -0.0126987193734
0.792632832048 -0.279783634347 0.0231159952888 0.0170394541689
1.19758096108 -0.687255908915 -0.027599425006 -0.0192511077136
0.798552508548 0.490676143913 0.0309021591614 0.0206049999974
1.24141975111 0.567730262428 -0.0335356225074 -0.021528612988
-0.0481327735335 0.286748949727 0.0357431787768 0.0222061391504
0.123854710273 1.65262740125 -0.0376605572659 -0.0227300593561
-0.170721288917 0.335559728945 0.0393720453496 0.0231519577695
0.26303305699 1.73917749932 -0.0409343098844 -0.0235029277516
-1.00605018904 -0.463015505163 0.042387962685 0.023802875328
-0.204915112571 1.21292264525 -0.0437637891155 -0.0240651832856
-0.0441137921188 0.660194450706 0.0450864036465 0.0242992296542
0.665383320562 0.834868728037 -0.0463765728763 -0.0245118320896
1.11470930304 -0.686690170149 0.0476528207876 0.0247081193806
0.954278731485 0.684525685779 -0.048932652167 -0.0248920813543
0.990199786399 -0.718567936861 0.0502336008944 0.0250669307312
1.10398765505 0.808438002702 -0.0515742534297 -0.0252353516641
0.422143911276 -1.28632734647 0.0529753841282 0.0253996788933
0.251095812934 -0.0312692921829 -0.0544613592908 -0.0255620347504
1.42459352343 -0.306076233479 0.0560620265828 0.0257244420801
0.290139630617 0.0372978599272 -0.0578154271052 -0.0258889263018
0.330686825871 -1.43648789958 0.0597718982018 0.026057617748
1.29312566736 1.0843025784 -0.0620005836399 -0.0262328654719
0.452782755582 -1.36724178375 0.0646002778011 0.0264173759163
0.288970465742 0.144075275548 -0.0677184893489 -0.026614394861
0.894506128772 -1.00409664558 0.0715871522641 0.0268279605161
-0.05558298889 -0.101548885522 -0.0765949723356 -0.0270632728502
1.21502958827 -0.812300469714 0.0834495236983 0.0273272560562
-0.391058198758 -0.261827475297 -0.0935933275445 -0.0276294519257
1.61629844547 -0.664905397395 0.110503696381 0.0279835040757
-1.01070484616 -0.478323966758 -0.145272741254 -0.0284097532263
1.26546973146 -1.74384891516 0.262974333777 0.0289400600007
-2.45868564597 1.74360966836 0.920783775125 -0.0296274663537
-12.78843686 6.43337158111 -0.0952729793295 0.0305675057107
0.503932167299 -0.441533165322 0.025652478671 -0.0319516796148
-1.77047908427 -0.00257345946311 0.00216656437442 0.0342288041485
-0.495052325073 0.19417882075 -0.0201899485949 -0.0387566747277
-1.36146622406 0.796133773488 0.0423289811713 0.0524666014946
0.339955446845 0.226991414974 1.00328533809 0.99897290848
