12.3008724972 6.40315562995 0.170671241135 0.170671241135
-0.281113292768 1.05611936907 -0.0664195490452 -0.0664195490452
0.308136154743 1.023532209 0.0364116612637 0.0364116612637
-0.886376986341 0.37288326648 -0.0220321765691 -0.0220321765691
-0.179694192925 0.574961649599 0.0135111817645 0.0135111817645
-0.79256125451 0.445272483297 -0.00781603967365 -0.00781603967365
-0.226469044887 0.538086173868 0.00369747177368 0.00369747177368
-0.752955980185 0.487259374651 -0.000546336481484 -0.000546336481484
-0.280323391255 0.454570216119 -0.0019701335544 -0.0019701335544
-0.639680849037 0.802889737234 0.00404939333283 0.00404939333283
-0.82668508193 1.17431136618 -0.00581629175274 -0.00581629175274
-0.603104476433 0.836208443449 0.00735390687096 0.00735390687096
-0.38218245288 1.15901708552 -0.00871994260917 -0.00871994260917
-0.388873037873 0.842788553702 0.00995601446532 0.00995601446532
0.38382805409 1.1562451195 -0.0110931920473 -0.0110931920473
-0.394273475938 0.849110496476 0.0121554624364 0.0121554624364
1.25994313939 0.300076804084 -0.0131619878464 -0.0131619878464
0.672037655608 -0.261967898579 0.0141286409156 0.0141286409156
1.34627321269 0.31515706679 -0.0150690985855 -0.0150690985855
0.641777842876 -0.95221208074 0.0159956665154 0.0159956665154
1.37015642313 0.0572136234476 -0.0169199461588 -0.0169199461588
0.615099112815 -0.366469488948 0.0178534244753 0.0178534244753
1.40578578795 -0.9809405596 -0.0188080512904 -0.0188080512904
0.56008650716 -1.11377620978 0.0197968669823 0.0197968669823
1.5103991226 -0.755372174944 -0.0208347527783 -0.0208347527783
0.215564262715 -0.324655711571 0.0219394003646 0.0219394003646
0.830626687072 -1.04108211219 -0.0231326444712 -0.0231326444712
0.12188940536 -1.02370954701 0.024442387773 0.024442387773
0.956310466218 -0.948323857547 -0.0259055048771 -0.0259055048771
-0.234852799479 -1.068714987 0.0275724106136 0.0275724106136
0.283423813311 -0.919038126433 -0.0295145698455 -0.0295145698455
-0.331649938092 -1.09049212972 0.0318374689753 0.0318374689753
0.40910863203 -0.902430475207 -0.0347043669559 -0.0347043669559
-0.685319555165 -1.09945939445 0.0383830031083 0.0383830031083
-0.270450467162 -0.922871074722 -0.0433461714037 -0.0433461714037
-0.770461601743 -0.517739566036 0.0505159445871 0.0505159445871
-0.964590243545 -0.342868501022 -0.0619657881195 -0.0619657881195
-1.0877781412 0.439071954546 0.0835374926753 0.0835374926753
-0.928896306881 0.609386342115 -0.140542709141 -0.140542709141
-0.483026206764 0.334806930427 0.764510213178 0.764510213178
