10.6554612797 9.873926788 0.109819935262 0.106678401451
-0.0554684716437 0.762744121765 -0.0434257714753 -0.0386198285181
1.12674425629 1.25301465463 0.0242378464396 0.0178365494932
-0.586160510426 0.739431068557 -0.0156260272499 -0.00767553570551
1.04006028697 1.26634569977 0.0110650990454 0.00159110820153
0.0651528508986 0.725930514566 -0.00848886334431 0.00250208821776
0.166179587273 1.291969994 0.00704465162181 -0.00547555138759
-0.292951087699 0.629897112729 -0.006323002564 0.00775818913588
-0.718096345129 0.33656908402 0.0061091382763 -0.00958585460569
0.0768751177161 1.03749951124 -0.00628631413229 0.0110991898635
-0.443007299815 0.582272952052 0.00679350219332 -0.0123874688029
-0.693015786049 0.298413642689 -0.00760578111486 0.0135102877648
0.41368567837 1.3973231517 0.00872573135578 -0.0145091551538
-0.381337431592 0.685021779451 -0.0101813209453 0.0154140807819
0.454751511716 1.19790699918 0.0120289551638 -0.0162475222392
0.751068841816 -0.382334842963 -0.0143624262876 0.0170268583187
1.29106860974 0.324308061017 0.0173308745286 -0.0177660060442
0.67527007695 -0.254349116726 -0.0211731997004 0.0184765236671
1.38759288112 -0.32582924117 0.0262863094562 -0.0191683993197
-0.157300107203 -1.45431275799 -0.0333709705101 0.0198506480202
0.333679677437 -0.607082052284 0.0437798244542 -0.0205317974483
-0.548919050201 -1.25654157199 -0.0604899953219 0.0212203202937
-0.413404479692 0.365062047913 0.0915623013797 -0.0219250606741
-0.600269393525 -1.89632310164 -0.169001307166 0.0226557009985
-0.424663144642 0.546059419145 0.692958924829 -0.0234233233872
0.018548202927 -3.44044838636 0.390740300182 0.0242411386667
0.862789397795 -0.635358134612 -0.163037020186 -0.0251254920612
0.972999603972 0.0911349668815 0.107414975413 0.026097320507
-0.14358778002 -1.16161658901 -0.0826183248574 -0.027184357638
0.404171996369 -0.622223094807 0.0688778257855 0.0284246127249
0.720221369604 -0.227332471323 -0.0604566950923 -0.0298721081928
-0.296507263545 -1.36956137449 0.0551252579962 0.0316068269117
0.21608956783 -0.682842425804 -0.051904560426 -0.0337530077361
0.61796215882 -1.31459900906 0.0504052686923 0.0365153267304
-0.755176766118 -0.611657532418 -0.0506422901675 -0.0402573720228
-1.20893388411 -0.16380730594 0.0531119688824 0.0456940932212
-0.809358568691 0.146035227277 -0.0592974451534 -0.0544530895758
-1.16897583222 0.24892082435 0.0737812555321 0.0712166405387
-0.88058088982 1.47083365414 -0.117740030971 -0.117232928949
-0.368311035151 -0.168750092575 0.863961834957 0.865343171344
