17.0 6.0 2.16201325848e-16 2.16201325848e-16
11.3423130715 4.53875765398 -0.217285719563 -0.217285719563
0.891147287818 1.28637578762 -0.0259835809839 -0.0259835809839
-3.70692504282 -0.213759321852 0.131120357848 0.131120357848
-0.888883681955 0.704886201227 0.0352538503838 0.0352538503838
2.14321725773 1.71985573785 -0.0918272163877 -0.0918272163877
0.886333747338 1.30090047525 -0.0401952990971 -0.0401952990971
-1.44309754919 0.504773354157 0.0684382411206 0.0684382411206
-0.881253813329 0.693984175496 0.0433929463529 0.0433929463529
1.0259290208 1.36133516418 -0.0522643316833 -0.0522643316833
0.867505258363 1.31133133346 -0.045728580249 -0.045728580249
-0.726952873039 0.731599472856 0.0398882640476 0.0398882640476
-0.816543308594 0.682530934613 0.0475896345297 0.0475896345297
0.444427233469 1.19675237661 -0.0296651319808 -0.0296651319808
0.308651609034 1.32519419569 -0.0491779843751 -0.0491779843751
-1.49189964708 0.863300915697 0.0206732247631 0.0206732247631
-2.17953162945 0.664190846203 0.0506150097582 0.0506150097582
-0.699663741424 1.08233383413 -0.0123169976045 -0.0123169976045
0.564287848769 1.3520324001 -0.051985373439 -0.051985373439
-0.0622986457625 0.971346931837 0.00414503370385 0.00414503370385
-0.875691295824 0.619153992119 0.053359330669 0.053359330669
-0.0732625729684 0.96805869606 0.00425535595474 0.00425535595474
0.988098037266 1.44696353458 -0.0548078860276 -0.0548078860276
0.258511487848 1.12632112152 -0.0133450729976 -0.0133450729976
-1.29220701843 0.264315065667 0.0564183032986 0.0564183032986
-1.29862622035 -0.0665416740286 0.0237432954652 0.0237432954652
-0.0371409816308 0.400163297216 -0.0583177864349 -0.0583177864349
0.263010964806 0.917323449732 -0.0364232186977 -0.0364232186977
-0.535528830857 1.02924016505 0.060721061365 0.060721061365
-0.472202621398 1.0101633831 0.0531478511229 0.0531478511229
0.488107042182 0.92394818697 -0.0640468616055 -0.0640468616055
0.0724050085809 0.413396656434 -0.0776463020008 -0.0776463020008
-1.76745704792 -0.206798537024 0.0692688219208 0.0692688219208
-1.78269075763 0.126591095394 0.119658454333 0.119658454333
0.982877826951 1.43121164685 -0.0793449383704 -0.0793449383704
2.27251814214 1.96398471565 -0.215730035776 -0.215730035776
-0.920798110484 0.601128735594 0.109696831196 0.109696831196
-3.78733540654 -0.884674688332 0.728870229817 0.728870229817
0.902237587067 0.274510721214 0.995904080056 0.995904080056
11.4068334177 3.77434428291 0.605195297462 0.605195297462
