13.1318409618 6.37628668089 0.0222646109946 0.0677191564491
0.671598149507 -1.11660535303 0.0225756969857 -0.0205767714385
1.3101631365 -0.753729447456 -0.0357480087104 0.00572843925721
0.721492076125 0.070957626421 0.0418421816374 0.00161068756522
1.22699429111 -0.069225616293 -0.0453271935174 -0.00603075951334
0.880807984775 0.414820884049 0.0476081494173 0.00901506873318
0.543259176582 1.23124840686 -0.0492581417972 -0.0111884543258
0.434919956985 0.810801784365 0.0505516352062 0.01286002633
-0.117087538748 1.18193297674 -0.0516362259314 -0.014200387383
-0.730704484234 0.814055015691 0.0525993155018 0.0153115519148
0.536500557576 1.19652907501 -0.0534976887471 -0.0162584164421
-1.53391989695 0.786474342259 0.054372145664 0.017084382077
-0.525991055409 1.23982576019 -0.05525556298 -0.0178197244317
-1.28618912392 0.715601821666 0.0561779718347 0.0184863629584
0.778797003174 1.38057383316 -0.0571704102191 -0.0191007227477
-1.16154129449 0.158873909122 0.0582686119367 0.0196755312526
0.0347554199678 0.752202272848 -0.0595174288576 -0.0202209948535
-0.938517650101 0.317880125067 0.060977096879 0.0207456028068
-0.794918550553 -0.0301580403815 -0.0627331512127 -0.0212567032451
-1.27699960654 -0.0604673156478 0.064913408735 0.0217609403109
-0.677295507286 0.123713319112 -0.0677191564491 -0.0222646109946
-1.38261875561 -0.200822242271 0.0714868607417 0.0227739839563
-0.429417797302 0.40630050914 -0.0768217281831 -0.0232956152925
-0.503427692553 0.642290292362 0.0849225442632 0.0238366956316
-0.614448625805 0.260626113496 -0.0985111115296 -0.0244054689377
0.140782743945 1.23946493823 0.125240718629 0.0250117777799
-0.558852615473 0.39162156249 -0.197266362898 -0.0256678171606
-0.704715155106 -0.162476450192 0.822334460009 0.026389228818
1.86654581714 0.151302802227 0.28752946411 -0.0271967596963
1.14068424576 -0.170128065754 -0.124937035583 0.0281188830227
0.00895398787825 -0.696529075013 0.0989522342016 -0.0291961290124
1.10617576721 -0.335820113896 -0.122567309404 0.0304886092009
-0.574045612682 -0.686778002923 0.282636332522 -0.0320898912846
1.78498979734 -0.102940014305 0.830099757714 0.0341545265232
3.94173058788 0.460822404563 -0.208556551102 -0.0369580053644
-1.35845305401 1.01906426283 0.14127357365 0.0410446328003
1.43111070024 1.11621861392 -0.121768081647 -0.047662439055
0.440097530657 0.269642140996 0.121531922254 0.060446073622
1.55404156591 -0.0476061059243 -0.149881693961 -0.0963555810701
-0.3352792595 -0.00493653971545 0.967286877115 0.91857400033
