6.37501586614 6.88276608258 0.207921470355 0.207921470355
-0.287486507239 0.999480592729 -0.081220662091 -0.081220662091
0.265014456285 1.05521167033 0.0462562962492 0.0462562962492
-0.251545050093 0.911445386771 -0.0297293417643 -0.0297293417643
0.242951083829 1.11478496881 0.0200042663921 0.0200042663921
-0.239050861537 0.860694598304 -0.0135325178809 -0.0135325178809
0.244073609875 1.16581804144 0.00886630947432 0.00886630947432
-0.281263899539 0.800774812039 -0.00530406383716 -0.00530406383716
0.73130573234 1.25132040194 0.00246418344122 0.00246418344122
0.318036157424 0.619564548996 -0.000120976971713 -0.000120976971713
0.653116788633 0.580681793409 -0.00186789191914 -0.00186789191914
0.376395637192 0.339066029642 0.00359693833325 0.00359693833325
1.17786129572 0.13664139313 -0.00513169147147 -0.00513169147147
0.018067774462 0.641963587417 0.00651933372428 0.00651933372428
1.3401506518 0.028397231198 -0.00779503700436 -0.00779503700436
0.724051664571 -0.134233859023 0.00898591432305 0.00898591432305
1.24658859046 0.2492715596 -0.0101135908444 -0.0101135908444
0.771860321921 -0.741235962008 0.0111959488523 0.0111959488523
1.21530986177 -0.130011985204 -0.0122483681938 -0.0122483681938
0.791578711593 -0.317534630258 0.0132846585128 0.0132846585128
1.22127031848 -0.540299911251 -0.0143178108629 -0.0143178108629
0.177935682191 -0.539079682931 0.01536065926 0.01536065926
0.802926565266 -0.367996608759 -0.0164265252897 -0.0164265252897
-0.144428489822 -1.04848919794 0.0175299156778 0.0175299156778
0.0794904449024 -0.939536587968 -0.0186873528327 -0.0186873528327
0.013379995665 -1.08578144371 0.0199184447783 0.0199184447783
-0.439906793479 -0.880933610222 -0.0212473519615 -0.0212473519615
-0.455681487099 -1.17515994102 0.0227049016372 0.0227049016372
0.00567431277303 -0.637589233966 -0.0243317716598 -0.0243317716598
-0.828136829378 -0.437105313549 0.0261834893497 0.0261834893497
-0.278202789113 -1.07955534364 -0.0283386319951 -0.0283386319951
-1.42585819259 -0.982979258831 0.0309129573574 0.0309129573574
-0.652684637364 -1.02335540507 -0.0340852022365 -0.0340852022365
-1.30617001942 -0.445928084618 0.0381476349365 0.0381476349365
-0.721894838531 -0.535721129026 -0.0436144035451 -0.0436144035451
-1.25508626523 -0.18137473377 0.0514829855417 0.0514829855417
-0.76779101491 0.226967525913 -0.0639789813865 -0.0639789813865
-1.20248880237 0.467311338353 0.0872911553302 0.0872911553302
-0.859105508537 0.614974782185 -0.14748433512 -0.14748433512
-0.602820706851 0.314501427044 0.695666026473 0.695666026473
