6.75086971886 9.08582508605 0.237469813685 0.237469813685
0.440421768072 -0.821445035834 -0.0919325352849 -0.0919325352849
0.707297500516 -0.126078208743 0.0533618567077 0.0533618567077
1.00784135424 -1.11908746307 -0.0353594914155 -0.0353594914155
1.09728005682 -0.787641658093 0.0248339714305 0.0248339714305
0.725389080824 -0.570761167484 -0.0178571428571 -0.0178571428571
0.422846965001 -0.38412008982 0.0128403768166 0.0128403768166
1.08048897226 -0.0902853837085 -0.00901815999765 -0.00901815999765
0.988580140714 0.154399380523 0.00597575816687 0.00597575816687
0.98305415364 -0.195847568634 -0.00346860390646 -0.00346860390646
1.02757739188 1.01886012792 0.00134281299199 0.00134281299199
0.99117460352 0.876954184227 0.000503604017914 0.000503604017914
0.412355786379 1.14720872665 -0.00214124370622 -0.00214124370622
-0.288008890028 0.841873382649 0.0036208632263 0.0036208632263
0.746476197152 1.16447956943 -0.00498024754303 -0.00498024754303
0.125560053603 0.83095394994 0.00624848453477 0.00624848453477
0.0356792884064 1.17391587725 -0.00744874186314 -0.00744874186314
-0.14118339298 0.816420681965 0.00860014832297 0.00860014832297
-0.614315765761 1.21890804444 -0.00971912854336 -0.00971912854336
-0.430064479427 0.349054924062 0.0108204035538 0.0108204035538
-0.567429581738 0.608235265953 -0.0119177949309 -0.0119177949309
-0.400803906514 0.441240303858 0.0130249298579 0.0130249298579
-0.717843217328 0.430822214281 -0.0141559252021 -0.0141559252021
-0.806967321629 0.0495179935084 0.015326124744 0.015326124744
-0.330209497463 0.810958327715 -0.0165529738181 -0.0165529738181
-1.29259623767 -0.433975271366 0.0178571428571 0.0178571428571
-0.778569495151 0.366104167878 -0.0192640642416 -0.0192640642416
-1.18962213538 -0.342291371755 0.0208061435195 0.0208061435195
-0.831734445175 0.337704447149 -0.0225260833515 -0.0225260833515
-1.1445639743 -0.351205484782 0.0244820935313 0.0244820935313
-0.906798872658 -0.30984161334 -0.0267564220454 -0.0267564220454
-0.759929540148 -0.754499193362 0.0294700238706 0.0294700238706
-0.251255888112 -0.184158312838 -0.0328092739589 -0.0328092739589
-0.752886711602 -1.05507438516 0.0370781455209 0.0370781455209
-0.227937446059 -0.873692502169 -0.0428095854145 -0.0428095854145
-0.111277097554 -1.1374243588 0.0510327823084 0.0510327823084
0.154007143492 -0.892324413426 -0.0640284540609 -0.0640284540609
0.362929373078 -0.502246544548 0.0880667208593 0.0880667208593
0.722796398967 -0.723493392281 -0.148921652446 -0.148921652446
0.189943377833 -0.782228950512 0.63319103835 0.63319103835
