9.0 11.0 -7.40148683083e-18 -7.40148683083e-18
3.47382505058 2.50224914552 -0.127173559399 -0.127173559399
-0.813647898712 -3.11587520638 0.124401693586 0.124401693586
1.91768644584 1.40604629741 -0.0665602650296 -0.0665602650296
1.0 -1.92438657602e-16 3.75770396523e-17 3.75770396523e-17
-0.369956224948 -1.61354136773 0.0434109560969 0.0434109560969
0.91688589747 0.174786195525 -0.0513288321272 -0.0513288321272
0.84338847101 -0.291939400954 0.0307173166183 0.0307173166183
1.0 1.18423789293e-16 -5.27377144186e-19 -5.27377144186e-19
1.18604720964 0.24685375289 -0.022367309341 -0.022367309341
0.741742473325 -0.296197621837 0.0269928011065 0.0269928011065
1.18018489858 0.17151749428 -0.0161993675469 -0.0161993675469
1.0 5.92118946467e-17 -4.69817879821e-17 -4.69817879821e-17
0.807213770048 -0.0879638703474 0.011242421121 0.011242421121
1.31841814849 0.0366708741588 -0.0127954678345 -0.0127954678345
0.653158948408 0.121172116671 0.00698181903222 0.00698181903222
2.36847578587e-16 1.0 7.07554983084e-18 7.07554983084e-18
0.0578129994763 1.13357221099 -0.00310307912681 -0.00310307912681
-0.146303657968 0.880220491008 0.0017469259761 0.0017469259761
0.156672625624 1.04965242308 0.00061720809044 0.00061720809044
6.51330841113e-16 1.0 4.4408920985e-17 4.4408920985e-17
-0.965451332281 1.00659133273 -0.00436848318299 -0.00436848318299
-0.477800546305 0.954413302492 0.0089316397477 0.0089316397477
-0.0811847723736 1.05757737205 -0.00834665479935 -0.00834665479935
-1.0 1.0 4.90030742874e-18 4.90030742874e-18
-0.384923154793 0.890160444478 0.0127975885699 0.0127975885699
0.0169564308047 1.19499998206 -0.0216469197733 -0.0216469197733
-1.47031450341 0.831963984014 0.0180860705529 0.0180860705529
-1.0 1.0 5.81245412343e-18 5.81245412343e-18
0.129638393765 1.23799205989 -0.0248378357489 -0.0248378357489
-0.653028856258 0.60376879877 0.0411632385512 0.0411632385512
-1.0050495788 1.32957980234 -0.0342948916954 -0.0342948916954
-1.0 1.0 -4.04699328455e-18 -4.04699328455e-18
-0.372229064609 0.536606961866 0.0494160065323 0.0494160065323
0.111936255073 1.79219415642 -0.0868363021565 -0.0868363021565
-1.59493259268 0.306292242593 0.0795717495672 0.0795717495672
-1.0 1.0 7.02056756838e-17 7.02056756838e-17
-0.228644313544 2.23679572719 -0.179033641378 -0.179033641378
-2.34849157926 -1.89164763887 0.636037889591 0.636037889591
2.73372339113 3.26215460437 0.900110617733 0.900110617733
