7.91292918831 12.0609208692 0.124357347884 0.124357347884
-0.502360971697 0.89571217118 -0.0465496018039 -0.0465496018039
-0.443914396338 1.14294424962 0.0231456066618 0.0231456066618
-0.588714287126 0.838045449555 -0.0117629979388 -0.0117629979388
-0.404058264322 1.16989718686 0.00496572276495 0.00496572276495
0.101084800878 0.835711015458 -0.000400801248046 -0.000400801248046
0.93679188546 1.10180743683 -0.00291140082762 -0.00291140082762
0.99579499663 -0.266201981326 0.00545183133335 0.00545183133335
1.03259285991 0.249638486529 -0.00748450148936 -0.00748450148936
0.951761342766 -0.248883471207 0.00916663895575 0.00916663895575
1.05661124711 0.255308502348 -0.0105979426602 -0.0105979426602
0.940646392529 -0.272103422704 0.0118449118346 0.0118449118346
1.05636884851 0.318669220727 -0.0129538288559 -0.0129538288559
0.954318450614 -0.552588130144 0.0139581330042 0.0139581330042
1.0208870788 -0.550021501343 -0.014882832681 -0.014882832681
1.04488921472 0.146275116223 0.0157472685935 0.0157472685935
0.238294018322 -0.794414150497 -0.0165669188244 -0.0165669188244
0.837997775481 -0.151746546477 0.0173546290927 0.0173546290927
0.881520637492 -0.122444258116 -0.0181214915743 -0.0181214915743
0.178504333103 -0.813693322465 0.0188775093762 0.0188775093762
0.799009560156 -0.224867464529 -0.0196321364047 -0.0196321364047
0.188038404576 -0.739605192084 0.0203947569906 0.0203947569906
1.50710108406 -0.310021216241 -0.0211751580107 -0.0211751580107
-0.375984520995 -1.48730219693 0.0219840448252 0.0219840448252
0.426993281578 -0.580265252235 -0.0228336607254 -0.0228336607254
-0.690260386454 -1.37523774662 0.0237385902642 0.0237385902642
-0.822092125374 -0.689259281496 -0.0247168663876 -0.0247168663876
-1.23254451295 -0.715105427194 0.0257915733995 0.0257915733995
-0.746420183559 0.525901648864 -0.0269932704425 -0.0269932704425
-1.26709079228 -0.515067362156 0.0283638121667 0.0283638121667
-0.720705243152 0.572347214133 -0.0299626444076 -0.0299626444076
-1.29293637713 -0.938761697548 0.0318777083108 0.0318777083108
-0.689647444023 -0.142053529378 -0.0342454716833 -0.0342454716833
-1.33508015871 -0.221769215999 0.0372904836761 0.0372904836761
-0.62504187913 0.337298484238 -0.0414109999446 -0.0414109999446
-1.45530302279 0.642517296919 0.0473884122849 0.0473884122849
-0.242104802543 1.45211127374 -0.0569957016241 -0.0569957016241
-0.754220880407 0.108863744 0.0753047087293 0.0753047087293
-0.251247525783 0.864622868138 -0.125042434478 -0.125042434478
-0.111769328375 0.107713749201 0.839300801651 0.839300801651
