15.2832267573 22.8762479385 0.0463875480774 0.0463875480774
-0.457856034128 -1.61140269513 -0.0103989467788 -0.0103989467788
0.610795732468 -0.370484693132 -0.00111723372709 -0.00111723372709
0.428795093073 -1.68212763785 0.00684194917684 0.00684194917684
0.521245273372 -0.081689321993 -0.0103001946599 -0.0103001946599
0.58494421564 -0.74711731332 0.0126395740335 0.0126395740335
-0.0224106391499 -0.711529306215 -0.0143455484586 -0.0143455484586
-0.0342726467783 -1.33838600179 0.0156589352274 0.0156589352274
-0.0169372059271 -0.710262527745 -0.0167129040466 -0.0167129040466
0.627843530793 -0.693962538822 0.0175872028437 0.0175872028437
0.46983882009 -0.155805043602 -0.0183326223359 -0.0183326223359
0.489623891162 -1.64496838599 0.0189831627012 0.0189831627012
0.529820899343 -0.406932648206 -0.0195625613459 -0.0195625613459
-0.431007206724 -1.56613131593 0.0200880169573 0.0200880169573
-0.593980411513 -0.455288134497 -0.0205724263475 -0.0205724263475
-0.23961082977 -1.51930223684 0.0210257900952 0.0210257900952
0.115626248033 -0.527585259513 -0.0214561338237 -0.0214561338237
-1.40307972279 -1.28378344475 0.021870138302 0.021870138302
-0.664786721905 0.654723534073 -0.0222735913815 -0.0222735913815
-1.28603279384 -0.567353898308 0.0226717314462 0.0226717314462
-0.801452153864 0.471328389753 -0.0230695282615 -0.0230695282615
-0.695016658453 0.0331363123979 0.023471934424 0.023471934424
-0.115482511503 1.15919164648 -0.0238841349603 -0.0238841349603
-1.65288488227 -0.933834644531 0.0243118222717 0.0243118222717
0.320046961933 1.61287036832 -0.0247615284766 -0.0247615284766
-1.20340896301 -0.524823968051 0.0252410587255 0.0252410587255
-0.715982152043 1.50947102479 -0.0257600909297 -0.0257600909297
-1.26608829908 0.421220725941 0.0263310471927 0.0263310471927
0.343485227554 1.60568184136 -0.0269704156766 -0.0269704156766
-0.316031924918 0.369479921435 0.0277008415873 0.0277008415873
0.270196963959 1.6772537957 -0.0285545854569 -0.0285545854569
-0.0539290294733 0.105251327463 0.0295795386052 0.0295795386052
1.49880113314 0.451445829269 -0.030850331031 -0.030850331031
0.560410669875 -0.512893013828 0.0324904075322 0.0324904075322
1.42051746904 0.535307673137 -0.0347202189329 -0.0347202189329
0.585974949439 -0.546929042877 0.0379764489439 0.0379764489439
1.41497067658 0.554193266553 -0.0432642620011 -0.0432642620011
0.575559838654 -0.559298495539 0.0535306571714 0.0535306571714
1.45588465123 0.562952661145 -0.0827405176714 -0.0827405176714
-0.323404727128 -0.564143757599 0.945492529128 0.945492529128
