9.0 8.0 -9.51619735393e-18 -9.51619735393e-18
2.11524191674 0.992717342655 -0.065274066465 -0.065274066465
0.0053968090943 -0.755680247755 0.0826840358104 0.0826840358104
1.82465331628 0.0132916706669 -0.0825748769302 -0.0825748769302
0.37104915564 -1.27779118559 0.0726962057638 0.0726962057638
1.42836717578 0.689365568702 -0.0568941875269 -0.0568941875269
0.757055070576 -0.409646456918 0.0379733699956 0.0379733699956
1.09245459674 0.189790032797 -0.0183199571557 -0.0183199571557
1.0 2.03012210217e-16 1.23777592385e-17 1.23777592385e-17
1.01680417363 -0.195288278112 0.015292134507 0.015292134507
0.229175488322 0.981632339497 -0.026318230073 -0.026318230073
0.44098474567 0.874464092836 0.0323661409913 0.0323661409913
0.946599124309 1.17027686859 -0.0332826241756 -0.0332826241756
-0.480102129233 0.823495788529 0.0294589944742 0.0294589944742
0.315342370707 1.16367422021 -0.0217678317245 -0.0217678317245
-0.207958564773 0.852902415274 0.011455450694 0.011455450694
-1.0 5.07530525543e-17 1.00731185443e-17 1.00731185443e-17
-0.133758338364 0.827480362568 -0.011051161029 -0.011051161029
0.227854675767 1.28639745826 0.0202489172187 0.0202489172187
-0.850749349448 0.0873989787305 -0.0263982196614 -0.0263982196614
-0.483333924008 0.568555327739 0.028686913652 0.028686913652
-0.227624068451 0.739312206996 -0.0267748595667 -0.0267748595667
-0.975479871684 0.0358861159123 0.0208345562848 0.0208345562848
0.0576474619439 1.06232660945 -0.011539283596 -0.011539283596
-1.0 -2.53765262771e-16 2.61514459426e-18 2.61514459426e-18
-0.196856027955 0.731706993068 0.0123426410647 0.0123426410647
-0.483905007465 1.34844773604 -0.0238602497832 -0.0238602497832
-0.945701361725 0.613668270685 0.0328981842676 0.0328981842676
0.688238102573 1.38048785001 -0.0379398634276 -0.0379398634276
-0.539260127087 0.669278326778 0.0377563634522 0.0377563634522
0.362470729259 1.24047517418 -0.031524137368 -0.031524137368
-0.140623970095 0.880365608791 0.0188946858527 0.0188946858527
1.0 1.0 3.10503900083e-19 3.10503900083e-19
1.30301874315 0.277669638684 -0.0246276413149 -0.0246276413149
0.419751677395 -0.440745764316 0.0542664384286 0.0542664384286
1.83737987022 0.58893582449 -0.0884819795301 -0.0884819795301
-0.0643023237693 -0.682969394432 0.128398834498 0.128398834498
2.25694343856 0.570529235572 -0.181615595985 -0.181615595985
-0.458769219575 -2.03757146999 0.300332236328 0.300332236328
1.20628135555 1.28201788226 0.974515804886 0.974515804886
