9.7090312051 7.86632773342 0.109706139118 0.140885425841
0.381953210631 -0.558822473163 -0.0273733461627 -0.0538003035115
0.584311468975 -0.469560094453 0.00545547373175 0.027992846759
0.902518134675 -0.0632305514984 0.00375318208414 -0.0155049531587
1.16720294491 0.1697728841 -0.00835629041879 0.00806738530174
-0.0259280374252 -1.13118846006 0.0108396737648 -0.00308071452521
1.20409405973 -0.61929756556 -0.0122005806636 -0.000533353403678
0.791268397621 -0.130287465111 0.0129072517115 0.0033029534943
1.20779331028 0.658784025308 -0.0132033380317 -0.00551751559194
0.802630291655 1.02155228624 0.013224796147 0.00734918847405
0.309050115487 1.03963478394 -0.0130510320764 -0.00890702442267
-0.250608612409 0.935695220484 0.0127294894694 0.0102637019769
0.226557419369 1.07450673709 -0.0122883126062 -0.0114697687103
-0.179868929403 0.925670200665 0.0117431785631 0.0125617224591
-0.484943275777 1.06085471985 -0.0111010552325 -0.013566842725
-1.36800725425 0.982916712614 0.0103622063953 0.014506214049
-0.643466575405 0.81671498838 -0.00952109192177 -0.0153966995947
-1.40024474618 0.144436675387 0.00856646277624 0.016252285216
-0.137748669523 1.3425591786 -0.00748074049007 -0.0170850387073
-0.153569463467 0.728881654854 0.006238607016 0.0179058342759
0.198549580752 1.24182868795 -0.00480455202652 -0.0187249403165
-0.212017318596 0.777744071027 0.00312886497802 0.0195525406985
0.210302733084 1.19948713823 -0.00114111169279 -0.0203992469357
-0.176993126754 0.85284038684 -0.00126071614149 0.0212766568857
-0.475651071992 0.469299152463 0.00422893283279 -0.0221980245161
-1.39301080633 -0.287972195265 -0.00800015928886 0.0231791274333
-0.590829776953 0.110053187217 0.0129611320875 -0.0242394613449
-1.52341534995 -1.443229705 -0.0197870253759 0.025403968069
0.498034535217 -0.587325213772 0.0297655748981 -0.0267056461297
0.24690270257 -1.43157030941 -0.0456797646524 0.0281896633176
0.866702431999 -0.481124538633 0.0748161116512 -0.0299201277681
1.07275687918 -0.481470306337 -0.144028140254 0.0319918043258
0.650278736839 0.695525576634 0.495692127858 -0.0345516133786
-0.142119188696 -2.20214288532 0.568084763906 0.0378410226694
-0.601515624979 -1.56702046383 -0.218307588819 -0.0422876442392
-1.12972056867 -0.89708939062 0.153464945795 0.0487287063762
0.00709931903173 -0.980617122047 -0.132927346992 -0.059057919022
-1.02569484049 -1.07087886278 0.135134846086 0.0786636250583
0.515020114934 -0.927155140822 -0.17659695436 -0.131405960915
-0.470037688133 -0.451769924269 0.850972053002 0.81377145957
