15.0 9.0 1.08314441427e-16 3.52021934637e-17
-1.38199607916 0.743351175509 0.0103990801296 0.0123826178158
-0.590209365447 0.266340282929 -0.0125919686387 -0.0164756780662
-0.365653378167 0.772243880367 0.012806897156 0.0185347976164
-0.687308403486 1.29794706305 -0.0122461316682 -0.019786673058
-0.230048284603 0.584412897502 0.0112925023207 0.0206369581156
-0.956984232111 0.341874253432 -0.0100967493999 -0.0212587795628
-0.971819369372 0.802894250274 0.00872218139243 0.0217385179891
0.194243346833 1.30402074157 -0.00719180914109 -0.0221241389519
-0.00876392504905 0.525466450924 0.0055062022745 0.0224444563122
1.2904369076 0.194344382976 -0.00365043006307 -0.0227178669031
0.797098922744 -0.283167046525 0.00159598280442 0.0229567111664
1.14215756303 0.342050673718 0.000700373925206 -0.0231696199267
0.939464759804 -0.416730026059 -0.00330048398069 0.0233628565914
0.797775344117 0.664299499382 0.00629214951612 -0.0235411250866
-0.218467429353 0.786612375608 -0.00980191514441 0.0237080785581
0.0869836751556 1.28212867989 0.0140174662342 -0.0238666534135
0.0586659202906 0.729467754253 -0.0192285285301 0.0240192982475
-0.508942272579 0.960399202072 0.025906393646 -0.0241681384263
-0.603111483115 -0.272366399472 -0.0348721353001 0.024315101533
-0.340020252276 1.90521304878 0.0476948613502 -0.0244620203335
-0.706940118806 0.0629167096684 -0.067794920658 0.024610725378
-0.214173605305 2.07342528095 0.104316547337 -0.0247631373625
-1.27061325086 -0.336663565553 -0.192714307408 0.024921369333
-0.762832517968 2.67464746072 0.731857385167 -0.0250878506979
3.28857751377 -7.55583636338 0.495973376246 0.0252654894082
3.45103714507 -3.38145606194 -0.197805275986 -0.0254578969632
-0.927601899759 0.277919714669 0.127843004451 0.0256697160196
1.43362169981 -0.807538310019 -0.096447798991 -0.0259071182813
0.469740734526 -0.382010793873 0.0785414710361 0.0261785936118
1.54389498631 -0.536516756777 -0.0669361633069 -0.0264962579393
-0.170246066658 -0.454576154762 0.0588060248351 0.0268781339259
0.199547158855 -1.28833476887 -0.0528291719823 -0.0273523749998
0.60643882908 -0.813721318405 0.0483284968281 0.0279656919041
0.455658381013 -1.1553466013 -0.0449642236141 -0.0288018377032
0.514632299016 -0.0578328129617 0.0426383152816 0.0300276478108
0.504080017555 -0.804347043418 -0.0415633838297 -0.0320304125295
0.470216110315 -1.18503383651 0.0427712930867 0.035962395607
1.46020376225 0.117060360772 -0.0518268732623 -0.0474746648521
-0.37410899674 -0.172680230417 1.00107177808 0.998972844211
