15.5584185322 13.9718812536 0.124357347884 0.124357347884
-1.38406499108 -0.447788891355 -0.0465496018039 -0.0465496018039
-0.607547494836 0.766895154954 0.0231456066618 0.0231456066618
-1.39865825209 0.311720960868 -0.0117629979388 -0.0117629979388
-0.596865549323 0.100348994281 0.00496572276495 0.00496572276495
-1.40662203573 -0.172018238517 -0.000400801248046 -0.000400801248046
-0.590376712504 0.196820143623 -0.00291140082762 -0.00291140082762
-1.4124879855 -0.202375361279 0.00545183133335 0.00545183133335
-0.584521136669 0.190481836142 -0.00748450148936 -0.00748450148936
-1.41871608689 -0.137133799797 0.00916663895575 0.00916663895575
-0.57857068322 -0.503117843539 -0.0105979426602 -0.0105979426602
-1.4124796244 -0.526184113859 0.0118449118346 0.0118449118346
0.447106527206 -0.594367135063 -0.0129538288559 -0.0129538288559
-0.51080643305 -1.40034172297 0.0139581330042 0.0139581330042
0.846105063738 -0.309050583517 -0.014882832681 -0.014882832681
0.731369506542 -0.0391254166741 0.0157472685935 0.0157472685935
1.32511648542 -0.622635951748 -0.0165669188244 -0.0165669188244
0.654495813976 -0.328076747613 0.0173546290927 0.0173546290927
1.35519624944 0.0787081950416 -0.0181214915743 -0.0181214915743
0.639820251041 -1.08906382401 0.0188775093762 0.0188775093762
1.36249931658 0.490666775108 -0.0196321364047 -0.0196321364047
0.637050712083 -0.409018156883 0.0203947569906 0.0203947569906
1.3617709571 0.365412824909 -0.0211751580107 -0.0211751580107
0.641167461631 -1.21217103907 0.0219840448252 0.0219840448252
1.35356044929 0.359679730812 -0.0228336607254 -0.0228336607254
0.655489947763 -0.324991062634 0.0237385902642 0.0237385902642
1.3276530651 0.263187434534 -0.0247168663876 -0.0247168663876
0.714270554946 0.337226090914 0.0257915733995 0.0257915733995
0.484863614115 1.45967576812 -0.0269932704425 -0.0269932704425
-0.361269207374 0.581129740562 0.0283638121667 0.0283638121667
0.270146771216 1.40228493233 -0.0299626444076 -0.0299626444076
0.106410739128 0.605982608204 0.0318777083108 0.0318777083108
0.97710801577 1.3899810165 -0.0342454716833 -0.0342454716833
-0.629597110731 0.611156133384 0.0372904836761 0.0372904836761
0.565486326693 1.39033840161 -0.0414109999446 -0.0414109999446
-0.548119837319 0.605030897603 0.0473884122849 0.0473884122849
0.557632788749 1.40444650194 -0.0569957016241 -0.0569957016241
-0.617011799535 0.57609583044 0.0753047087293 0.0753047087293
1.16880545704 1.47603098214 -0.125042434478 -0.125042434478
-0.109361581366 -0.192190404219 0.839300801651 0.839300801651
