7.53557065907 9.16587702713 0.137477009442 0.156307312843
0.903996826556 -1.37078887839 -0.0413561195233 -0.0604105981461
1.11880506608 -0.254664633727 0.0131598366801 0.0324056816837
0.873489924033 -0.707968878205 0.000491734720198 -0.0189212972355
1.1278528138 -0.297566557028 -0.00865125029856 0.0109108254706
0.874821466342 -0.708674168361 0.014148738505 -0.00554861910269
1.1188370661 -0.269805251187 -0.0181554892387 0.00166667900169
0.892178736567 -0.806508658477 0.0212448258233 0.00130576214797
1.08829459395 1.0996133092 -0.0237310924894 -0.00368099376193
0.067067526463 0.803959902254 0.0258015234407 0.00564453632532
-0.265933568353 1.20330429657 -0.02757501721 -0.00731380062431
-0.770260846328 0.796631743846 0.029131110994 0.00876697431048
0.32106560377 1.19999319905 -0.0305254306472 -0.0100583998287
-0.258916988971 0.815090726561 0.0317984723904 0.0112272912889
0.33006042569 1.07487207837 -0.0329808746371 -0.0123029415953
1.04945457722 -0.418725006689 0.0340967457032 0.0133079785363
0.454514196007 0.850691221925 -0.0351658747251 -0.0142604887728
0.556691059528 0.858887778848 0.0362052907978 0.0151754632604
0.203870556117 1.18980608159 -0.0372304514718 -0.0160658279455
-1.10025031854 0.786570028011 0.0382562501469 0.0169432213619
0.508315727082 1.23291677449 -0.039297995385 -0.0178186246452
-1.01721863438 0.743475259638 0.0403725224405 0.0187029193609
-0.808015670762 1.29877941215 -0.0414996582462 -0.0196074345917
-1.21061226373 0.538400537003 0.042704418119 0.0205445426997
-0.788079308252 0.17462485002 -0.0440206848004 -0.0215283724717
-1.20904258588 -0.269808745358 0.0454980497403 0.0225757317582
-0.795467669397 1.00785213809 -0.0472160713871 -0.0237073766361
-1.19868530995 -0.126613728942 0.0493184806467 0.0249498460653
-0.809378509679 0.219037308366 -0.0521126221056 -0.0263382316246
-1.17726152995 -0.291035168444 0.0564575662166 0.0279205376272
-0.854170016026 0.415897750077 -0.0664114888781 -0.0297648541249
-0.245237765149 -0.852817171565 0.86810466855 0.0319717574586
1.26966949458 -4.98486992377 -0.0381016648058 -0.0346970396354
0.752709188264 0.00828307986234 0.0502205992578 0.0381964654162
1.23889828358 -0.752185478034 -0.0578034647366 -0.0429223091236
0.762773429782 -0.284020497549 0.066078247 0.0497583130966
1.24170607929 -0.878201348837 -0.0778925710988 -0.0606974235981
0.743047635216 -0.836533228889 0.099171490777 0.081381681132
1.30716704079 0.292231406918 -0.154741468566 -0.136516669727
0.0452240298857 -0.237437157931 0.807384770084 0.788824312958
