19.0 6.0 0.0 0.0
0.0882802131015 -0.617788532034 -0.0253141048256 -0.0253141048256
-2.17378817549 -0.583258295504 0.0332659354587 0.0332659354587
1.08124004434 1.46560837418 -0.0362587720026 -0.0362587720026
-1.97230155747 -0.347621184857 0.0369108382567 0.0369108382567
0.836020774726 1.19883280046 -0.0361501990165 -0.0361501990165
-1.67379789384 -0.0057979854231 0.0344217922128 0.0344217922128
0.489139020581 0.728997959601 -0.0319938149118 -0.0319938149118
-1.2862063826 1.032048161 0.0290596878669 0.0290596878669
0.0692714024606 1.01426311347 -0.0257777985526 -0.0257777985526
-0.842160139318 0.979630320006 0.0222883367499 0.0222883367499
-0.392791749054 1.00961543885 -0.0187204813349 -0.0187204813349
-0.362436157969 1.01168289414 0.0151951088208 0.0151951088208
-0.909639853747 0.956039481101 -0.0118252866554 -0.0118252866554
0.333397601135 1.09866546294 0.00871564465372 0.00871564465372
-0.391693359982 0.742932571122 -0.00596120272135 -0.00596120272135
-0.874767813961 0.029879617273 0.00364598765306 0.00364598765306
0.0814811689943 1.15372141844 -0.00184164613246 -0.00184164613246
-0.0194102909378 0.9300390726 0.000606191786493 0.000606191786493
0.0152141267978 1.03408811678 1.70171802408e-05 1.70171802408e-05
1.0 1.0 1.31473779232e-17 1.31473779232e-17
1.0857440415 0.00678405402165 -0.000669476158262 -0.000669476158262
-0.0720679811464 0.877238680095 0.00198791492502 0.00198791492502
1.02199413719 1.10663304743 -0.00393652709454 -0.00393652709454
0.072431326365 0.905773907418 0.00648210809613 0.00648210809613
0.746464789714 0.53931909167 -0.00957838123253 -0.00957838123253
1.06223202816 -1.13733953706 0.0131678423169 0.0131678423169
1.00822197216 -0.100153569341 -0.0171841694633 -0.0171841694633
0.995432868337 -0.630062582545 0.0215553218912 0.0215553218912
0.6018065876 -1.04026587501 -0.0262075748865 -0.0262075748865
0.0104638021256 -1.05138053187 0.0310709939191 0.0310709939191
1.40587211667 -0.925720442193 -0.0360874046928 -0.0360874046928
-1.23679750827 -0.886709759326 0.0412231944778 0.0412231944778
-0.313523345221 0.476545761457 -0.0464924997795 -0.0464924997795
-1.7830101661 -0.492192155306 0.0520054167113 0.0520054167113
-0.145937086948 0.654738723431 -0.0580856588842 -0.0580856588842
-1.92407310529 0.547910263504 0.0656228342677 0.0656228342677
0.0270380909256 0.340927699263 -0.0775032922379 -0.0775032922379
-0.884719401105 0.721493652918 0.109090639409 0.109090639409
0.964217960827 0.2548807673 0.995887062876 0.995887062876
