15.0 4.0 3.08395284618e-18 3.08395284618e-18
1.58597317654 1.29868111902 -0.0512947984164 -0.0512947984164
-1.46152960584 0.764480540166 0.0654854967475 0.0654854967475
1.28217259526 1.14934988597 -0.0671638034914 -0.0671638034914
-1.02011247632 0.989429085866 0.0622374651096 0.0622374651096
0.416929234928 0.555003658544 -0.0533606146381 -0.0533606146381
-1.61085313054 0.0863090179309 0.0422780161694 0.0422780161694
0.844245139895 1.32151538577 -0.0303701033022 -0.0303701033022
-0.521835716783 0.823624826991 0.0187824884574 0.0187824884574
0.259634041165 1.08911112999 -0.00843528207301 -0.00843528207301
2.96059473233e-16 1.0 -6.16790569236e-18 -6.16790569236e-18
-1.16161467898 0.00835974920293 0.0061227688875 0.0061227688875
0.104463480188 0.746433369572 -0.00981047251521 -0.00981047251521
-0.371167605571 1.27066664557 0.0112044720555 0.0112044720555
1.00649536812 0.208923342027 -0.0106736604121 -0.0106736604121
0.339286420818 0.377287883827 0.00875829969108 0.00875829969108
0.127980669688 1.21289103009 -0.0060991304882 -0.0060991304882
-0.380639060908 0.887069961847 0.00335856666438 0.00335856666438
-0.907769444838 1.05983384607 -0.00114172080001 -0.00114172080001
0.0692121592597 0.975979873199 -7.49097348613e-05 -7.49097348613e-05
0.0 1.0 -6.16790569236e-18 -6.16790569236e-18
0.00201322584928 1.0080988046 0.00143643639137 0.00143643639137
-0.0717137000893 1.03025724451 -0.00407087008485 -0.00407087008485
0.704659774951 0.388920583315 0.00751925832543 0.00751925832543
1.10969719108 -0.291970882776 -0.01121387611 -0.01121387611
1.02074020007 0.340448944401 0.0144601958487 0.0144601958487
0.641661261109 -0.619117172513 -0.0165079463602 -0.0165079463602
0.0659096310937 -0.738572354734 0.0166289190243 0.0166289190243
1.09094720362 -0.0230197842095 -0.0141931645695 -0.0141931645695
-0.117747114863 -1.10570118113 0.00873494383417 0.00873494383417
1.0 -1.0 -1.23358113847e-17 -1.23358113847e-17
0.301056010462 -0.952752523854 -0.0120340513397 -0.0120340513397
-0.48417081186 -1.07235882191 0.0271733037616 0.0271733037616
0.656040415505 -0.921117238931 -0.0450732516507 -0.0450732516507
-0.784252946267 -1.05621657592 0.0653874300094 0.0653874300094
0.613882029323 -1.04015452984 -0.0880998556212 -0.0880998556212
-2.41842218319 -0.463856082515 0.114429954317 0.114429954317
0.466825779035 1.37616917972 -0.150368308578 -0.150368308578
-2.46725182475 -0.617865205601 0.233492242324 0.233492242324
1.7359219595 0.489412801293 0.983606673679 0.983606673679
