10.0 12.0 0.0 -7.40148683083e-18
2.07301418583 4.28039381084 -0.135520214198 -0.127173559399
-2.68858449961 -1.31287940911 0.133333333333 0.124401693586
1.09571267679 2.11251663409 -0.0709287482126 -0.0665602650296
1.18423789293e-16 1.0 2.66716567726e-17 3.75770396523e-17
0.117815720279 -0.37782911244 0.0440281641873 0.0434109560969
1.89722427336 0.557012563449 -0.0495819061511 -0.0513288321272
0.49174585956 -0.354632155332 0.0276142374915 0.0307173166183
1.0 -7.1054273576e-16 4.3504848042e-18 -5.27377144186e-19
1.35989438069 0.281143153571 -0.0153854903088 -0.022367309341
0.560724862258 -0.356355198171 0.014197333272 0.0269928011065
1.27179601194 0.226169032235 -0.00495694642589 -0.0161993675469
1.0 2.36847578587e-16 -8.25772161692e-18 -4.69817879821e-17
0.775448776369 -0.173342384739 -0.00495694642589 0.011242421121
1.32427935989 0.18303963429 0.014197333272 -0.0127954678345
0.677183551748 -0.00253204089542 -0.0153854903088 0.00698181903222
-2.07241631263e-16 1.0 -7.03923228074e-18 7.07554983084e-18
-0.0319774294211 1.30614235671 0.0276142374915 -0.00310307912681
0.0442694813986 0.593005075979 -0.0495819061511 0.0017469259761
-0.0443750332379 1.28938285348 0.0440281641873 0.00061720809044
-4.73695157173e-16 1.0 -7.40148683083e-18 4.4408920985e-17
0.0882328964104 0.662977598235 -0.0709287482126 -0.00436848318299
-0.166410733587 1.55223974646 0.133333333333 0.0089316397477
0.154720740142 0.521507433241 -0.135520214198 -0.00834665479935
-2.6645352591e-16 1.0 7.03923228074e-18 4.90030742874e-18
-0.296303019325 1.49889552462 0.912908206303 0.0127975885699
0.835355779428 -4.92062904747 0.614390969818 -0.0216469197733
0.733247261237 -7.50640535341 -0.160947570825 0.0180860705529
2.36847578587e-16 -1.0 -6.25175595651e-17 5.81245412343e-18
0.100871515045 0.113026592561 0.0547339138184 -0.0248378357489
-0.250717207764 -2.23144792047 -0.0456730636053 0.0411632385512
0.2423158924 -0.238342086271 0.0151211148369 -0.0342948916954
4.73695157173e-16 -1.0 -4.3504848042e-18 -4.04699328455e-18
-0.383119896246 -1.71308459361 0.0151211148369 0.0494160065323
0.670884107339 0.0534829057936 -0.0456730636053 -0.0868363021565
-0.594385719185 -1.81639487085 0.0547339138184 0.0795717495672
-1.7763568394e-16 -1.0 5.15051112402e-17 7.02056756838e-17
1.04142233198 0.163128938576 -0.160947570825 -0.179033641378
-2.22702542272 -3.11746835075 0.614390969818 0.636037889591
3.12673929699 3.72727866938 0.912908206303 0.900110617733
