7.59850189252 8.31120336039 0.218560768295 0.218560768295
0.116862863427 0.935325916753 -0.0852006975277 -0.0852006975277
1.38080202444 1.12280158533 0.0488980614404 0.0488980614404
0.645233117763 0.836300064912 -0.031812598788 -0.031812598788
1.40776164171 1.20738260241 0.0217809824839 0.0217809824839
-0.0504124263061 0.717965546903 -0.0151142914981 -0.0151142914981
-0.46745314007 0.57390829853 0.0103120071963 0.0103120071963
-0.627742202923 0.323516812807 -0.00664840296605 -0.00664840296605
-0.837103242338 0.81553374647 0.00372928168742 0.00372928168742
-0.47504917685 0.729822742055 -0.00132173685447 -0.00132173685447
-0.442241585677 0.388926722121 -0.000721001106101 -0.000721001106101
-0.0304602796934 1.19175390926 0.00249632730477 0.00249632730477
0.293626385299 0.702789917302 -0.00407172988461 -0.00407172988461
1.03017380606 -0.0952547694151 0.00549577732455 0.00549577732455
1.0404442857 0.0570841230944 -0.00680465767718 -0.00680465767718
0.919271710136 -0.00741169207285 0.0080262541944 0.0080262541944
1.12680161487 -0.449613176964 -0.00918279554898 -0.00918279554898
0.0789490527813 -1.24785826811 0.0102926534404 0.0102926534404
0.0426800926567 -0.787943132035 -0.0113716195655 -0.0113716195655
-0.0774370760881 -1.20972654228 0.0124338644718 0.0124338644718
-0.637017423308 -0.774226322268 -0.0134927097808 -0.0134927097808
-0.151083150208 -1.27943010479 0.0145613069723 0.0145613069723
0.674740777942 -0.164435236138 -0.0156532978063 -0.0156532978063
0.359042583444 -0.953023739936 0.0167835279901 0.0167835279901
0.635519194815 -0.964998371621 -0.0179688958407 -0.0179688958407
0.36354236768 -0.523031500507 0.0192294444922 0.0192294444922
0.637487087964 -0.418394808226 -0.0205898580808 -0.0205898580808
0.376342156041 -0.584733824065 0.0220816170885 0.0220816170885
0.0626762812907 -0.975855812373 -0.0237462419042 -0.0237462419042
-0.133441096789 -1.07703866734 0.0256403825268 0.0256403825268
0.202317126655 -0.925366251281 -0.0278441627246 -0.0278441627246
-0.925305089784 -0.43622976147 0.0304755474672 0.0304755474672
-0.737088481442 0.466770624785 -0.0337165508304 -0.0337165508304
0.0987109419234 0.943535696704 0.0378645340365 0.0378645340365
-0.772998226172 0.374488140676 -0.0434419954595 -0.0434419954595
-1.11421541068 -0.273673755481 0.0514609896811 0.0514609896811
-0.907149412708 0.286456906926 -0.0641742834283 -0.0641742834283
-1.07200249718 -0.349729226248 0.0878213422685 0.0878213422685
-0.982436748736 0.658412249843 -0.148458070257 -0.148458070257
-0.502702190015 0.26140340276 0.674131667908 0.674131667908
