18.6901477754 4.73582023339 0.0677191564491 0.0677191564491
-1.62485842093 -0.200407113823 -0.0205767714385 -0.0205767714385
-0.196321111975 0.327221513338 0.00572843925721 0.00572843925721
-0.717120137705 0.976581486798 0.00161068756522 0.00161068756522
-0.618845100565 1.08206016049 -0.00603075951334 -0.00603075951334
-1.54318849581 0.876818139763 0.00901506873318 0.00901506873318
0.11704477036 1.20284557307 -0.0111884543258 -0.0111884543258
-1.04183221807 0.165738348844 0.01286002633 0.01286002633
-0.00232247768504 0.732149630246 -0.014200387383 -0.014200387383
-0.199743627753 1.09308705055 0.0153115519148 0.0153115519148
-0.635293148005 0.955704362874 -0.0162584164421 -0.0162584164421
-0.382065130898 1.01497329721 0.017084382077 0.017084382077
-0.706704713005 1.02569524737 -0.0178197244317 -0.0178197244317
0.190587473894 0.783401710303 0.0184863629584 0.0184863629584
1.26007497889 -0.231771910881 -0.0191007227477 -0.0191007227477
0.857855984135 0.251840619791 0.0196755312526 0.0196755312526
0.598174088852 -0.759206723125 -0.0202209948535 -0.0202209948535
0.276224829155 -0.3918483852 0.0207456028068 0.0207456028068
1.45415521002 0.150557679102 -0.0212567032451 -0.0212567032451
0.636274815611 -0.106142995868 0.0217609403109 0.0217609403109
1.26439767915 0.127816130245 -0.0222646109946 -0.0222646109946
-0.18517284737 0.863017306 0.0227739839563 0.0227739839563
1.18278294028 0.0481161502509 -0.0232956152925 -0.0232956152925
-0.361625519057 1.30511727965 0.0238366956316 0.0238366956316
-0.0674966554169 0.404772286532 -0.0244054689377 -0.0244054689377
-0.999049366345 0.433085388696 0.0250117777799 0.0250117777799
0.075330864771 1.11865223109 -0.0256678171606 -0.0256678171606
-1.69450028988 1.02016220082 0.026389228818 0.026389228818
-0.427797485387 0.215798912224 -0.0271967596963 -0.0271967596963
-0.712348337927 0.759789028941 0.0281188830227 0.0281188830227
-0.31925230654 0.18065927349 -0.0291961290124 -0.0291961290124
-1.62859411575 -0.10389274926 0.0304886092009 0.0304886092009
-0.376592815342 0.0574553285288 -0.0320898912846 -0.0320898912846
-1.65971014375 0.00834065908114 0.0341545265232 0.0341545265232
-0.066944917168 -0.300816951468 -0.0369580053644 -0.0369580053644
-0.400264367478 -1.21869827781 0.0410446328003 0.0410446328003
0.45886440672 -0.850037986829 -0.047662439055 -0.047662439055
-0.481930097776 -1.11611660372 0.060446073622 0.060446073622
0.496772733121 -0.926023299692 -0.0963555810701 -0.0963555810701
-0.509114702752 -0.257768776477 0.91857400033 0.91857400033
