12.2984675275 7.7116650041 0.0901671454442 0.0463875480774
-0.171237000339 0.794564307219 -0.052694803887 -0.0103989467788
0.126260288611 1.20247688286 0.0396864051504 -0.00111723372709
-0.0484598787001 0.800235907911 -0.0324347625766 0.00684194917684
-0.214830391201 1.19828528162 0.0273876795827 -0.0103001946599
-0.924149982992 0.801091236947 -0.0233672260689 0.0126395740335
0.339771462437 1.20366642504 0.0198520031434 -0.0143455484586
-0.22099308332 0.781282296018 -0.0165563749187 0.0156589352274
0.112632032465 1.2719097133 0.0132887679944 -0.0167129040466
0.475659283765 0.181151476637 -0.00989022196809 0.0175872028437
1.28243476034 0.0239687023714 0.00619821890594 -0.0183326223359
0.782986216671 -0.0531787842602 -0.00201453043357 0.0189831627012
1.18552440007 0.0465039154737 -0.00293743726348 -0.0195625613459
-0.0678596671755 0.878176146862 0.0090862131195 0.0200880169573
0.0629066543635 1.07786727322 -0.0171612806677 -0.0205724263475
-0.0321233217717 0.949046481231 0.028538261963 0.0210257900952
0.00121969620017 1.01873950656 -0.0461740390078 -0.0214561338237
-0.0724514730584 1.02751222638 0.0777723745282 0.021870138302
-1.51370253407 0.90239453415 -0.151392164804 -0.0222735913815
0.0870585274646 1.09619848075 0.506620635359 0.0226717314462
-2.23661020035 -2.30911895053 0.681906483187 -0.0230695282615
-2.48806727075 -2.94272149763 -0.259828419009 0.023471934424
1.56512697331 -0.144997810427 0.198836500373 -0.0238841349603
0.000417016241148 -1.68099211077 -0.223566367219 0.0243118222717
-0.187015184803 0.321465561155 0.939597475731 -0.0247615284766
5.09159251073 -1.20023696144 0.159809749786 0.0252410587255
1.93013930982 0.154621705829 -0.073864916208 -0.0257600909297
0.447950296201 -0.18703173057 0.0983296183275 0.0263310471927
0.172412150113 0.12487968855 0.92221011192 -0.0269704156766
-2.28205235877 -1.2970712962 -0.0872015393542 0.0277008415873
0.892378377197 -0.739886314537 0.0514096605831 -0.0285545854569
0.43199258416 -1.24430601864 -0.0383478726226 0.0295795386052
0.0300700958851 -0.766174169353 0.0307995770995 -0.030850331031
0.342151785769 -1.22544691793 -0.0251175518043 0.0324904075322
0.83938329882 -0.782034703054 0.0199249378597 -0.0347202189329
-0.445293599814 -1.21059083983 -0.0143006144786 0.0379764489439
0.352885283296 -0.797719200902 0.00700126216189 -0.0432642620011
-0.303334847443 -1.19039057233 0.00505207421475 0.0535306571714
0.267275919207 -0.837969480586 -0.0359049971192 -0.0827405176714
-0.236097051483 -0.306672604485 0.900210195535 0.945492529128
