13.0 9.0 4.20084387696e-17 4.20084387696e-17
1.9738595298 0.730866103271 -0.0387739529946 -0.0387739529946
0.0620127778785 -1.50149197529 0.0512034122389 0.0512034122389
1.88057609934 -0.559509489479 -0.0557108302197 -0.0557108302197
0.194422090897 -0.803087640489 0.0562728570465 0.0562728570465
1.71513725094 0.622240589266 -0.0543227039723 -0.0543227039723
0.389673584442 -0.587233399087 0.050565236266 0.050565236266
1.48963574802 0.833593897033 -0.0454420084493 -0.0454420084493
0.65938242154 0.856094742512 0.0392864535487 0.0392864535487
1.05645882898 1.14162361088 -0.032384035739 -0.032384035739
-0.372589555598 0.895446478433 0.024997171394 0.024997171394
0.201167987612 1.06271254766 -0.0173751995037 -0.0173751995037
-0.0857801799956 0.973703826716 0.00975735611871 0.00975735611871
0.00770148716494 1.00303740635 -0.00237226171898 -0.00237226171898
-0.921225040827 0.994697687727 -0.00456436229954 -0.00456436229954
-1.11490755076 1.07399261868 0.0108528231536 0.0108528231536
-0.931662749184 0.087581117988 -0.0163128852412 -0.0163128852412
-0.366099237809 0.721241349615 0.0207871453423 0.0207871453423
-0.356235876783 0.513877243892 -0.024144110531 -0.024144110531
-0.971122607552 0.181227727911 0.0262808009946 0.0262808009946
0.622987995506 1.4615056734 -0.0271247442289 -0.0271247442289
-0.502579403463 0.655874626965 0.0266352593538 0.0266352593538
0.404695553083 1.2628924682 -0.0248039550539 -0.0248039550539
-0.294767744971 0.809634456528 0.0216543833936 0.0216543833936
0.121502295458 1.11984186632 -0.0172408038475 -0.0172408038475
-1.26211499259 0.94880610612 0.0116460144956 0.0116460144956
-0.907136176832 0.992734342582 -0.00497819442303 -0.00497819442303
-0.955061465322 0.0215677053685 -0.00263333900444 -0.00263333900444
-1.17775498626 0.837182385597 0.0110436460451 0.0110436460451
-0.690742694792 0.439028395892 -0.0200993350737 -0.0200993350737
-1.43918526773 -0.455860404405 0.0296481758853 0.0296481758853
-0.433465376791 0.519365460882 -0.0395528311575 -0.0395528311575
-1.69099640672 -0.598401656155 0.0497124394316 0.0497124394316
-0.184575209998 0.70867793454 -0.0601009854277 -0.0601009854277
-1.95645661403 -1.05103639649 0.0708461268973 0.0708461268973
0.256187804367 -0.500583289236 -0.0824207239241 -0.0824207239241
-0.828758528132 -1.58998241436 0.0962176704529 0.0962176704529
0.946538628163 -0.378601698181 -0.116907271432 -0.116907271432
-1.00311155293 -1.59765313628 0.170159050841 0.170159050841
1.03195670344 0.776014750752 0.990779592424 0.990779592424
