15.5267120829 22.8128506844 0.0878094067108 0.0878094067108
-0.458707194796 -1.74682679734 -0.0299737243302 -0.0299737243302
0.661810244419 -0.0276749641777 0.0120390973011 0.0120390973011
0.471957413135 -0.87595263989 -0.00322348195754 -0.00322348195754
0.00194863205122 -0.565685699555 -0.00207029023193 -0.00207029023193
0.468004331348 -1.52142414088 0.00563791865112 0.00563791865112
0.670893705124 -0.436290399204 -0.0082327891933 -0.0082327891933
-0.476495655278 -1.59607211484 0.0102266236483 0.0102266236483
1.34288246434 -0.368105146798 -0.011824197472 -0.011824197472
-0.532068292484 -1.69142497493 0.0131477865421 0.0131477865421
-0.701092378525 -0.100548241424 -0.0142750899139 -0.0142750899139
-1.33208087806 -0.610516014241 0.0152580228411 0.0152580228411
-0.657385054679 1.09653665133 -0.0161327714552 -0.0161327714552
-1.34825226027 0.018014147516 0.0169255156343 0.0169255156343
-0.647337677189 0.30480608384 -0.0176558596291 -0.0176558596291
-1.35733122341 -0.364662990999 0.0183389840367 0.0183389840367
-0.636465677755 1.25865550261 -0.0189870538115 -0.0189870538115
-1.37345769982 -0.325379883486 0.0196101795032 0.0196101795032
-0.607067995976 0.0976884497494 -0.0202171052344 -0.0202171052344
-1.44611192802 -1.15327706416 0.0208157301381 0.0208157301381
-0.186078519368 0.233164914223 -0.0214135333118 -0.0214135333118
-0.175184958357 -1.77853054728 0.0220179527486 0.0220179527486
0.19413131623 -0.335836096345 -0.0226367598356 -0.0226367598356
0.559870868513 -0.864600633071 0.0232784701722 0.0232784701722
0.466429842191 -0.116822210869 -0.0239528384101 -0.0239528384101
0.660451647917 -0.828941857223 0.0246715016407 0.0246715016407
1.33391992696 -0.439717679311 -0.0254488679072 -0.0254488679072
0.669150417373 -1.35903857104 0.0263034048467 0.0263034048467
1.32830746105 0.954321617152 -0.0272595910423 -0.0272595910423
0.674645537611 -1.46156970688 0.0283509973236 0.0283509973236
1.32111581379 0.376280280055 -0.0296253730734 -0.0296253730734
0.685915757178 -1.36326253919 0.0311534737046 0.0311534737046
1.30044128832 0.413421170707 -0.0330453170173 -0.0330453170173
0.733995646449 -0.400373060847 0.0354823822929 0.0354823822929
1.09547343095 1.65944004607 -0.0387875907689 -0.0387875907689
-0.465820782729 0.355172408625 0.04359740178 0.04359740178
0.414637922268 1.65282798595 -0.0513657886783 -0.0513657886783
-0.399717231958 0.328153398729 0.0663005423375 0.0663005423375
0.396249022461 1.71792007723 -0.107755572169 -0.107755572169
-0.400511586152 -0.502274999707 0.891807092478 0.891807092478
