8.0 8.0 3.08395284618e-18 3.08395284618e-18
1.78155095697 0.812744079879 -0.0512947984164 -0.0512947984164
0.243210913716 -0.656078307463 0.0654854967475 0.0654854967475
1.71747092098 -0.109918359324 -0.0671638034914 -0.0671638034914
0.332125136473 -1.17813203164 0.0622374651096 0.0622374651096
1.612560247 0.807368334122 -0.0533606146381 -0.0533606146381
0.441277358133 -0.65709441345 0.0422780161694 0.0422780161694
1.52284498229 0.650914748507 -0.0303701033022 -0.0303701033022
0.416624762608 0.866159014757 0.0187824884574 0.0187824884574
-0.95513972274 1.0842497088 -0.00843528207301 -0.00843528207301
-3.94745964311e-16 1.0 -6.16790569236e-18 -6.16790569236e-18
-0.0424978611628 0.907180462278 0.0061227688875 0.0061227688875
0.82340429855 1.22094863079 -0.00981047251521 -0.00981047251521
1.09695309885 0.114643428171 0.0112044720555 0.0112044720555
0.91666049216 0.0759354011059 -0.0106736604121 -0.0106736604121
1.12512126077 -0.183447075648 0.00875829969108 0.00875829969108
0.6141436838 0.467542963268 -0.0060991304882 -0.0060991304882
0.00318301021706 0.915692949171 0.00335856666438 0.00335856666438
1.30169728708 -0.237081753157 -0.00114172080001 -0.00114172080001
0.814364034547 0.148866080938 -7.49097348613e-05 -7.49097348613e-05
1.48029736617e-16 1.0 -6.16790569236e-18 -6.16790569236e-18
0.992610566072 0.0529010825006 0.00143643639137 0.00143643639137
0.194712732836 0.702885888558 -0.00407087008485 -0.00407087008485
-0.0717232156128 1.24948271603 0.00751925832543 0.00751925832543
-0.0211564142647 0.732554575567 -0.01121387611 -0.01121387611
0.147718465851 1.3398247446 0.0144601958487 0.0144601958487
-0.486663942253 0.366960324253 -0.0165079463602 -0.0165079463602
-0.813564782376 0.292533716507 0.0166289190243 0.0166289190243
-0.00693761640066 0.92284768979 -0.0141931645695 -0.0141931645695
-1.05995393665 -0.0230106226593 0.00873494383417 0.00873494383417
4.93432455389e-17 1.0 -1.23358113847e-17 -1.23358113847e-17
-0.772142013405 0.156572301426 -0.0120340513397 -0.0120340513397
-1.32799906932 0.520339775402 0.0271733037616 0.0271733037616
-0.581100965364 1.48509611007 -0.0450732516507 -0.0450732516507
-1.50127565957 0.505023865626 0.0653874300094 0.0653874300094
-0.426693801963 1.22236425816 -0.0880998556212 -0.0880998556212
-1.63125426256 -0.940966298729 0.114429954317 0.114429954317
-0.333112761793 0.928722559738 -0.150368308578 -0.150368308578
-1.64190303432 -0.934067546902 0.233492242324 0.233492242324
0.908218184189 0.924996554498 0.983606673679 0.983606673679
