19.6990451948 5.92612300345 0.140885425841 0.140885425841
-1.5998190191 -0.06611568792 -0.0538003035115 -0.0538003035115
-0.438004813753 -0.00212889158702 0.027992846759 0.027992846759
-1.53718428847 0.508818452448 -0.0155049531587 -0.0155049531587
-0.483355151704 0.544714966646 0.00806738530174 0.00806738530174
-1.4971725087 -0.385078287671 -0.00308071452521 -0.00308071452521
-0.523200113944 0.534036646058 -0.000533353403678 -0.000533353403678
-1.45351370771 0.532007257613 0.0033029534943 0.0033029534943
-0.575828455185 -0.0425011720109 -0.00551751559194 -0.00551751559194
-1.38199987283 0.00239290561582 0.00734918847405 0.00734918847405
-0.693862700332 -0.0348477286233 -0.00890702442267 -0.00890702442267
-1.0627722694 0.24226130389 0.0102637019769 0.0102637019769
0.0199954601133 0.753843469434 -0.0114697687103 -0.0114697687103
-1.00687877649 0.207763356958 0.0125617224591 0.0125617224591
0.591951003235 1.46326883001 -0.013566842725 -0.013566842725
-0.396802116935 0.503958673706 0.014506214049 0.014506214049
1.25561232411 0.561769304509 -0.0153966995947 -0.0153966995947
-0.243477059 0.471770157773 0.016252285216 0.016252285216
1.6913924478 0.0483225086183 -0.0170850387073 -0.0170850387073
0.417983317326 -0.133008966265 0.0179058342759 0.0179058342759
0.672921782481 1.02165460821 -0.0187249403165 -0.0187249403165
0.595081915365 -0.271802524122 0.0195525406985 0.0195525406985
1.02671288914 0.633871485499 -0.0203992469357 -0.0203992469357
-0.0653893323075 0.419364549542 0.0212766568857 0.0212766568857
1.6887646202 -0.0541656986491 -0.0221980245161 -0.0221980245161
-0.424412341306 0.788501735788 0.0231791274333 0.0231791274333
1.52250348542 0.225606742211 -0.0242394613449 -0.0242394613449
0.571558693224 1.09852541442 0.025403968069 0.025403968069
0.921644925081 0.941380237455 -0.0267056461297 -0.0267056461297
-0.574196683084 1.07031746464 0.0281896633176 0.0281896633176
0.40522905636 0.83707011696 -0.0299201277681 -0.0299201277681
-1.27918209254 0.248784772536 0.0319918043258 0.0319918043258
0.278970853202 0.778670506623 -0.0345516133786 -0.0345516133786
-1.7392773924 -0.260858265999 0.0378410226694 0.0378410226694
-0.353650903299 0.187042708028 -0.0422876442392 -0.0422876442392
-1.59827969972 -0.157382121823 0.0487287063762 0.0487287063762
-0.438565209166 0.140732165981 -0.059057919022 -0.059057919022
-1.52216657389 -0.129029265467 0.0786636250583 0.0786636250583
-0.546588858094 0.11886952451 -0.131405960915 -0.131405960915
-0.757121361838 -0.107857592333 0.81377145957 0.81377145957
