12.0 8.0 1.1914588557e-16 3.52021934637e-17
0.696640750266 -0.160470703886 0.014558624667 0.0123826178158
-0.800738173045 1.19299498176 -0.0206498651656 -0.0164756780662
-1.20193919483 0.838578929138 0.0245723212061 0.0185347976164
0.404186525486 1.13031914805 -0.0275868866946 -0.019786673058
0.677594180632 0.916747170215 0.0301274179135 0.0206369581156
0.266813137382 0.958695635337 -0.0323912262449 -0.0212587795628
0.798564759829 -0.0466648908732 0.0344863380155 0.0217385179891
0.0984785444202 1.139979588 -0.0364810114692 -0.0221241389519
1.1587165664 -0.375761479345 0.0384240367109 0.0224444563122
0.759813332774 0.426062550413 -0.0403544728149 -0.0227178669031
-0.117674314767 0.976554010972 0.0423070853246 0.0229567111664
0.0454595317827 1.02454913363 -0.0443159670527 -0.0231696199267
0.0295856365695 1.04387659444 0.0464175132336 0.0233628565914
-0.301509613321 0.671332001604 -0.0486534591882 -0.0235411250866
-0.933943865884 0.123418536232 0.0510745924975 0.0237080785581
0.417298271467 1.28835700062 -0.053745896202 -0.0238666534135
-0.637693577837 0.828047211678 0.0567543057439 0.0240192982475
-0.716917657811 1.09250616511 -0.0602211825305 -0.0241681384263
0.627100494197 1.01419587161 0.0643235693905 0.024315101533
1.00194336741 0.566262420711 -0.0693326972207 -0.0244620203335
1.14356312728 -0.107729078918 0.0756889082017 0.024610725378
0.322731233103 -0.404589879599 -0.0841609732795 -0.0247631373625
0.533816785845 -1.21469629046 0.0962266674323 0.024921369333
0.597212611971 -0.911339074305 -0.115141523251 -0.0250878506979
-0.151072595345 -0.966689488271 0.149774747449 0.0252654894082
-0.549866131158 -1.23875627392 -0.235919095508 -0.0254578969632
-0.588499292358 0.128062978225 0.860844631941 0.0256697160196
0.230470473383 -2.89358062331 0.342152346645 -0.0259071182813
0.533438313099 -2.45089373936 -0.114546598992 0.0261785936118
0.601412747814 -0.224828922931 0.0559595197068 -0.0264962579393
-0.383383025945 -1.58878333026 -0.028654816958 0.0268781339259
0.297500339585 -0.489877377843 0.0125192165698 -0.0273523749998
-0.207571829692 -1.50330158085 -0.00155700362977 0.0279656919041
-0.633573012002 0.278203123919 -0.00670481914473 -0.0288018377032
-0.460541031481 -1.13442252733 0.0135793145835 0.0300276478108
0.38601267084 -0.830894153043 -0.020072849121 -0.0320304125295
-1.23085631892 -0.289837294082 0.0277019117374 0.035962395607
-0.756355959247 0.240928373008 -0.0423463299219 -0.0474746648521
-0.297681222523 -0.217286423395 0.996563117615 0.998972844211
