12.8756553767 8.34621339861 0.0878094067108 0.0878094067108
0.484329534345 -0.416220412354 -0.0299737243302 -0.0299737243302
0.483828660044 -0.808117305685 0.0120390973011 0.0120390973011
0.836474001871 -1.2699236283 -0.00322348195754 -0.00322348195754
1.23653321992 -0.359049795708 -0.00207029023193 -0.00207029023193
0.734179150155 -0.000877934221295 0.00563791865112 0.00563791865112
1.28110831756 0.0170935678876 -0.0082327891933 -0.0082327891933
0.713157385838 0.740154330619 0.0102266236483 0.0102266236483
1.26403583247 0.28266968396 -0.011824197472 -0.011824197472
-0.35356380704 0.847834096394 0.0131477865421 0.0131477865421
0.363993470025 1.14277801293 -0.0142750899139 -0.0142750899139
-0.392482108397 0.86421191153 0.0152580228411 0.0152580228411
0.46845092035 1.12913731146 -0.0161327714552 -0.0161327714552
-1.01595119196 0.878115265966 0.0169255156343 0.0169255156343
-0.0929688758493 1.11326654986 -0.0176558596291 -0.0176558596291
-0.115109461425 0.897711579144 0.0183389840367 0.0183389840367
0.1284976145 1.08724596611 -0.0189870538115 -0.0189870538115
-1.21946732748 0.935384148446 0.0196101795032 0.0196101795032
-0.790683195897 1.02539962889 -0.0202171052344 -0.0202171052344
-1.18427143318 1.0631782399 0.0208157301381 0.0208157301381
-0.889448906077 0.484087708795 -0.0214135333118 -0.0214135333118
-0.562880025397 0.440581172642 0.0220179527486 0.0220179527486
-0.332238339274 0.607084344487 -0.0226367598356 -0.0226367598356
-1.44757541793 -0.368506450648 0.0232784701722 0.0232784701722
-0.610488985142 1.19831258144 -0.0239528384101 -0.0239528384101
-1.35382453729 -0.293522565815 0.0246715016407 0.0246715016407
-0.697535960686 0.319143906903 -0.0254488679072 -0.0254488679072
-1.04411923714 -0.567717167757 0.0263034048467 0.0263034048467
0.569140597302 -0.949256505282 -0.0272595910423 -0.0272595910423
-0.575659087459 -1.09724040859 0.0283509973236 0.0283509973236
1.22581810276 -0.894622965363 -0.0296253730734 -0.0296253730734
-0.172179218165 -1.10044847668 0.0311534737046 0.0311534737046
0.342300161438 -0.914441630118 -0.0330453170173 -0.0330453170173
0.62855660975 -1.05535414218 0.0354823822929 0.0354823822929
0.110228236097 -1.01546968726 -0.0387875907689 -0.0387875907689
0.146025800787 -0.660187428606 0.04359740178 0.04359740178
1.0329653333 -0.215200198982 -0.0513657886783 -0.0513657886783
-0.685048631784 -1.34167237763 0.0663005423375 0.0663005423375
1.29627346724 -0.768788228357 -0.107755572169 -0.107755572169
-0.241611600453 -0.434097207541 0.891807092478 0.891807092478
