9.77808415176 4.88191706151 0.255677828708 0.267079151744
0.740092418031 -0.703922192744 -0.0910683602523 -0.101301933709
1.34552823481 -0.039247853023 0.0504823787 0.0595721531703
0.233062446512 -0.559093371696 -0.0324388406501 -0.0403942127617
0.935264662951 -0.205241610257 0.0224516041155 0.0292678884858
0.927968060112 -0.0132411271125 -0.0162694723029 -0.0219276669492
0.960599368251 0.19318668791 0.0122008467928 0.0166666666667
0.183022622544 0.984412677398 -0.00944584102216 -0.0126679130261
0.7031257255 1.07299928838 0.00758386100985 0.00949087181034
-0.968139171822 0.877084511555 -0.00638022979188 -0.00687667264161
0.146658173233 1.2015984211 0.00570293748586 0.00466287960054
-0.673604610994 0.3678997039 -0.00548415548664 -0.00274207774332
-0.277393386306 0.822369079224 0.00570293748586 0.00104005788533
-0.744363453511 0.989716367789 -0.00638022979188 0.000496442849726
-0.244498303719 0.432970636069 0.00758386100985 -0.00190701080049
-0.759262509506 0.504522621792 -0.00944584102216 0.00322207200394
-0.247238480707 0.512608634075 0.0122008467928 -0.00446581987385
-0.719627374882 0.508352913183 -0.0162694723029 0.00565819464627
-0.457727461937 0.319712768795 0.0224516041155 -0.00681628437024
-1.04454447451 0.182520942573 -0.0324388406501 0.00795537211166
1.44086091716 0.806952237424 0.0504823787 -0.00908977447025
0.439446730891 0.152134181809 -0.0910683602523 0.0102335734564
1.67032317911 0.972509289565 0.255677828708 -0.0114013230358
-2.51636049668 -0.816209543207 0.57214507157 0.0126088068597
-1.59834718822 0.193370427829 -0.159535288736 -0.0138739334323
-0.937733858906 0.411198550379 0.101428797797 0.0152178821383
-0.924503858421 0.226493961917 -0.0788675134595 -0.0166666666667
-1.13905620192 0.49678881386 0.0673463844448 0.0182533794948
-0.82324738124 0.00808398394185 -0.060773640806 -0.0200215590721
-1.20685976608 -0.485173413175 0.0569474632887 0.0220304570344
-0.707550194567 -1.07913288109 -0.0549230138111 -0.0243636441934
0.299397014122 -1.00273964722 0.0542875426579 0.0271437713289
1.34802975644 -0.949570546391 -0.0549230138111 -0.0305593696177
0.676518434234 -1.09800579489 0.0569474632887 0.0349170062543
1.32904067835 -0.769561532751 -0.060773640806 -0.0407520817339
0.649128306288 -0.0202815546891 0.0673463844448 0.0490930049501
0.740861222659 0.689844777595 -0.0788675134595 -0.0622008467928
0.191415456165 0.317197804464 0.101428797797 0.0862109156586
0.882130184888 0.70813716818 -0.159535288736 -0.145661355304
-0.297166236761 0.240170889358 0.57214507157 0.55953626471
