5.93484427052 6.57309599645 0.161486598037 0.156307312843
0.945798668789 -0.996085850601 -0.0671273578386 -0.0604105981461
1.04615387439 0.351183882517 0.0406712143446 0.0324056816837
0.962306489715 -0.303352275532 -0.0287665470031 -0.0189212972355
1.03048501901 0.290927089383 0.0223879672605 0.0109108254706
0.975147676286 -0.291029409117 -0.018733838462 -0.00554861910269
1.02138741616 0.302833826947 0.0166644732871 0.00166667900169
0.978148762514 -0.346010448638 -0.0156437840073 0.00130576214797
1.03275598759 1.00248524268 0.0154034850331 -0.00368099376193
0.898946016693 -0.000648529522981 -0.0158158052318 0.00564453632532
-0.0487770683156 1.23976683916 0.016841723102 -0.00731380062431
0.0209914046861 0.743266031592 -0.0185133066907 0.00876697431048
0.0210233578751 1.29130016334 0.0209375165082 -0.0100583998287
-0.848790387617 -0.074733483825 -0.0243221533835 0.0112272912889
-0.894976120093 1.25672581959 0.029037725621 -0.0123029415953
-0.0966143156877 0.43881498904 -0.035755636339 0.0133079785363
-1.39605339597 0.0547407269848 0.0457799774421 -0.0142604887728
-0.631594986513 -0.0954442857953 -0.0619678084769 0.0151754632604
-1.40888179938 0.963959496069 0.091946290578 -0.0160658279455
-0.492670030851 -0.18883664175 -0.165042165863 0.0169432213619
-1.5530537097 0.172446363216 0.598085895076 -0.0178186246452
5.44801146762 -0.157365074352 0.433494368177 0.0187029193609
2.17856356122 0.124459398573 -0.169473508732 -0.0196074345917
0.631137733388 0.0275107577729 0.109517957595 0.0205445426997
0.846880596835 1.27525310277 -0.083225166209 -0.0215283724717
-0.260142505678 0.782003178334 0.0686459552408 0.0225757317582
0.11257534422 1.17672745713 -0.0595469755054 -0.0237073766361
0.0190198193665 0.893787909081 0.0534947999271 0.0249498460653
-0.358784906742 0.813363276083 -0.0493597951138 -0.0263382316246
-0.594192911042 0.189530416841 0.0465666400341 0.0279205376272
-0.462151831303 0.805768890439 -0.0448191913872 -0.0297648541249
-0.454569915724 0.195264517639 0.0439904767558 0.0319717574586
-0.795226489674 0.808209942962 -0.0440863533745 -0.0346970396354
-1.15119000559 0.181932494338 0.0452593166938 0.0381964654162
-0.88271003206 0.840193783454 -0.0478877216269 -0.0429223091236
-1.09089936092 0.0992336708546 0.0528005112226 0.0497583130966
-0.933386936515 0.0819866467918 -0.0619486184406 -0.0606974235981
-1.0380413454 -0.12748885408 0.0809407631309 0.081381681132
-1.01763750568 0.139918507969 -0.134455142644 -0.136516669727
-0.346893130912 -0.12753229947 0.785190282487 0.788824312958
