7.42445780762 5.6503524356 0.0638743843129 0.0677191564491
-0.0965478507304 0.847633094743 -0.0149138603619 -0.0205767714385
-0.00636933758359 1.16707794975 -0.00160521347533 0.00572843925721
0.343108242023 0.82620524456 0.010503357103 0.00161068756522
0.441272569452 1.17705151089 -0.0163991459194 -0.00603075951334
-1.04775948922 0.821765426918 0.0207993530243 0.00901506873318
0.503828862149 1.17782206269 -0.0243489897995 -0.0111884543258
-0.322577687319 0.824075960535 0.0273752567773 0.01286002633
-0.465988174762 1.17251082494 -0.0300657523412 -0.014200387383
-0.543549096652 0.832144403044 0.0325392584114 0.0153115519148
0.396254089541 1.16521840276 -0.0348780525946 -0.0162584164421
-0.271769908928 0.79700017103 0.0371444391674 0.017084382077
1.42707398221 -0.0651832599964 -0.0393901980219 -0.0178197244317
0.627135744955 0.345112093705 0.0416627413873 0.0184863629584
1.34482570316 0.482918607543 -0.0440098747454 -0.0191007227477
0.674839713701 -1.14677429149 0.0464843276456 0.0196755312526
1.31018748452 0.717200752341 -0.0491490424515 -0.0202209948535
0.699314728206 -1.24743290554 0.0520844273413 0.0207456028068
1.31028612435 0.12633717866 -0.0553994984802 -0.0212567032451
-0.0950477567319 -1.08184316643 0.0592504976585 0.0217609403109
1.03008764693 0.0769202916739 -0.0638743843129 -0.0222646109946
-0.0066916773608 -1.1089807909 0.0696539429201 0.0227739839563
1.01351012303 0.205166359301 -0.0772565725336 -0.0232956152925
-0.0725369601304 -1.55728113625 0.0879675198386 0.0238366956316
1.41025367166 -0.158837723831 -0.104633430853 -0.0244054689377
0.727099471711 -0.664603384156 0.135095846098 0.0250117777799
0.781811275566 -0.931622742152 -0.211808727574 -0.0256678171606
-0.532113121601 -0.672208092524 0.843024989628 0.026389228818
1.18514363331 1.92305244636 0.258296139207 -0.0271967596963
-0.0877217781925 1.02044433062 -0.082832135442 0.0281188830227
0.149200455914 1.10750886997 0.0348780525946 -0.0291961290124
-0.116121395594 0.851519624119 -0.0116162909397 0.0304886092009
-0.0581280091552 1.16965081914 -0.0028565663815 -0.0320898912846
-1.03945104646 0.816668530069 0.0134639969043 0.0341545265232
0.401842504734 1.19374138638 -0.0224156406887 -0.0369580053644
-0.316722157102 0.796901040833 0.0311895053316 0.0410446328003
0.275800182236 1.21348457908 -0.0415401197314 -0.047662439055
-0.246131523338 0.771009582044 0.0574010980466 0.060446073622
0.218845224878 1.26684394956 -0.0959207367196 -0.0963555810701
-0.189134089178 -0.0903886174101 0.920406918151 0.91857400033
