17.4285714286 24.4047619048 0.0238095238095 0.0238095238095
-1.27858260816 -1.61752167041 0.000583000741789 0.000583000741789
0.367196746793 -0.392989617379 -0.00851511321389 -0.00851511321389
-0.339816996121 -1.60064212806 0.0124814417139 0.0124814417139
0.325511614665 -0.403812567913 -0.0148849997004 -0.0148849997004
-0.313468871115 -1.59276610983 0.016514152402 0.016514152402
0.300591715332 -0.410099968515 -0.0177038481231 -0.0177038481231
-0.284420938156 -1.58725402829 0.0186207139904 0.0186207139904
0.261041333206 -0.415480972829 -0.0193570800385 -0.0193570800385
-0.221051824239 -1.58131646651 0.0199683222892 0.0199683222892
0.130047326768 -0.422944965962 -0.0204897520254 -0.0204897520254
0.361134627247 -1.57061464276 0.020945030949 0.020945030949
0.831784712774 -0.440548855618 -0.0213506929179 -0.0213506929179
-0.475441193528 -1.53626203076 0.0217187267508 0.0217187267508
0.328964935747 -0.530750481317 -0.0220581292269 -0.0220581292269
0.402635413791 -0.780896220966 0.0223758819255 0.0223758819255
0.712018955509 -0.0632626124382 -0.0226775920543 -0.0226775920543
-0.523084059486 -1.82945732027 0.0229679311678 0.0229679311678
-0.352634722689 0.654345397777 -0.0232509501987 -0.0232509501987
-1.57735454538 -1.61437473924 0.0235303192108 0.0235303192108
-0.428571428571 1.59523809524 -0.0238095238095 -0.0238095238095
-1.5984165554 -0.705010727916 0.0240920413768 0.0240920413768
-0.298519039569 0.817697196788 -0.0243815164194 -0.0243815164194
-0.68058768798 0.204729281969 0.0246819541514 0.0246819541514
-0.332759042246 0.769837126881 -0.0249979549275 -0.0249979549275
-0.651119533478 0.275309396712 0.0253350203546 0.0253350203546
-0.371484980196 0.630670105148 -0.0256999774643 -0.0256999774643
-0.595040611948 0.700941938326 0.0261015956663 0.0261015956663
-0.457695956201 1.38888820467 -0.0265515234665 -0.0265515234665
-0.449541751068 0.577803794998 0.0270657716102 0.0270657716102
-0.757081795467 1.43472361316 -0.0276671686087 -0.0276671686087
0.790521209314 0.566705239805 0.0283896371375 0.0283896371375
0.455593581513 1.4141492747 -0.0292861021864 -0.0292861021864
0.363512915396 0.651827482154 0.0304442366887 0.0304442366887
1.34022581125 0.741319348167 -0.0320209154583 -0.0320209154583
0.781900893966 -0.489963998318 0.0343277335849 0.0343277335849
0.444274732605 -0.300020702526 -0.0380848797746 -0.0380848797746
0.455258483803 -0.793124034186 0.0454189056865 0.0454189056865
1.43720530939 0.668625037112 -0.0665749720287 -0.0665749720287
-0.293222368539 -0.627981385857 0.972371702816 0.972371702816
