13.4525176863 5.40971139395 0.149655536476 0.196427185606
-1.50504050131 -0.905725968184 -0.0371667811787 -0.0767873924899
-0.520293590064 0.316736030683 0.00904590791929 0.0433110255989
-1.49028428323 -0.214687702241 0.00264130948267 -0.027417012882
-0.348018770421 1.24033184694 -0.00858515642689 0.0180431501637
-0.292793117136 0.769683396418 0.0119492363601 -0.0117963803944
0.352920852625 1.19901363347 -0.0139725520933 0.00728804171908
0.480687732049 -0.037907509799 0.0152271788777 -0.00384386360595
0.181281880085 1.38132830617 -0.0160077817615 0.0010965859977
0.335327750801 0.0818902605199 0.0164783632325 0.00117123106561
0.702703025993 0.984500163622 -0.0167354828971 -0.00309683339551
0.330821046083 0.911966870852 0.0168382982886 0.00477141765457
0.216148770068 1.11174009128 -0.0168239408562 -0.00625824903496
-0.926961041576 0.234273270102 0.0167158438796 0.00760290352102
-0.0706298830542 0.694897431585 -0.0165284394458 -0.00883937221386
-1.30621395072 0.357371375084 0.016269864399 0.00999387063136
-0.754243954454 0.550836382138 -0.0159435020713 -0.0110873186909
-1.11114318597 -0.185708262063 0.0155487869905 0.0121370249293
0.361725038032 1.37657933476 -0.0150814870456 -0.0131578846346
-0.335353580937 0.697986760203 0.0145335502222 0.0141632810944
1.16097994472 1.20031289988 -0.013892509907 -0.0151658130615
0.777108162797 -0.340717291943 0.0131403517448 0.0161779359465
1.22557062741 0.311054778746 -0.012251626114 -0.0172125875436
0.781634140621 0.335407406884 0.0111904008569 0.0182838661723
1.20681681848 -0.390719518635 -0.00990531058704 -0.019407839113
0.80794518702 -0.213605129227 0.00832130775423 0.0206035851193
1.17717961182 0.240264093155 -0.00632538424546 -0.0218946247773
0.781725613182 -1.20205620817 0.00374059707768 0.023310983729
-0.415137394648 -0.748683722322 -0.000275754106792 -0.0248923013194
-0.570372873245 -1.27281624979 -0.00458016519024 0.0266927144764
0.247606564251 -0.700098289602 0.0118040158928 -0.0287888749297
-0.107275709157 -1.36202661951 -0.0235002122092 0.0312937745217
-0.427315616675 -0.159507709846 0.0451007519357 -0.0343820098619
-1.17946181357 -0.171564092475 -0.0958062299683 0.0383393454376
-0.962478763459 0.282274680856 0.321252984938 -0.0436690990451
2.01420183 -0.72010359878 0.653237457175 0.0513493710978
2.52521875376 -0.261529374312 -0.235082138427 -0.0635679526583
-0.733424289073 -0.894281582541 0.188136027389 0.0864338421908
0.585063280745 -1.07810430672 -0.218767850572 -0.145907342784
-0.494895844271 -0.366778809615 0.774866072673 0.717912384993
