12.0 26.0 3.08395284618e-18 3.08395284618e-18
1.32001455018 1.9912849471 -0.0512947984164 -0.0512947984164
-0.546102535459 -3.87743327193 0.0654854967475 0.0654854967475
2.42868054141 1.66324236448 -0.0671638034914 -0.0671638034914
-0.334150413521 -3.36935059676 0.0622374651096 0.0622374651096
2.26014212751 1.02425318484 -0.0533606146381 -0.0533606146381
-0.38219731706 -2.66968945863 0.0422780161694 0.0422780161694
0.855076857904 0.426592918614 -0.0303701033022 -0.0303701033022
0.55317137483 -0.722082245507 0.0187824884574 0.0187824884574
0.156353122493 -0.790252246159 -0.00843528207301 -0.00843528207301
1.0 -1.0 -6.16790569236e-18 -6.16790569236e-18
-0.00306602221083 -1.19639926987 0.0061227688875 0.0061227688875
0.806950169517 -0.659374315358 -0.00981047251521 -0.00981047251521
1.14244716252 -1.43027210054 0.0112044720555 0.0112044720555
0.452278948317 -0.521436545544 -0.0106736604121 -0.0106736604121
-0.299551100684 -1.52189765195 0.00875829969108 0.00875829969108
0.529044862557 -0.255092101407 -0.0060991304882 -0.0060991304882
0.867327003284 -0.303121324836 0.00335856666438 0.00335856666438
-0.181224539445 -1.06728961448 -0.00114172080001 -0.00114172080001
0.0704096788593 -0.986324103294 -7.49097348613e-05 -7.49097348613e-05
-8.38835174161e-16 -1.0 -6.16790569236e-18 -6.16790569236e-18
-0.0778008880097 -1.00775446435 0.00143643639137 0.00143643639137
0.20378821998 -1.02056189498 -0.00407087008485 -0.00407087008485
-0.876909971385 -0.400575072608 0.00751925832543 0.00751925832543
-0.92564144945 0.2444967026 -0.01121387611 -0.01121387611
-1.1536185381 0.135530051066 0.0144601958487 0.0144601958487
-0.805677575113 1.28417822878 -0.0165079463602 -0.0165079463602
-1.20210199911 -0.705820165892 0.0166289190243 0.0166289190243
-0.825737803632 0.507095531513 -0.0141931645695 -0.0141931645695
-1.10752810476 -0.287810485962 0.00873494383417 0.00873494383417
-1.0 -2.96059473233e-16 -1.23358113847e-17 -1.23358113847e-17
-0.851543499893 0.37611390004 -0.0120340513397 -0.0120340513397
-1.33712275788 -0.879553653364 0.0271733037616 0.0271733037616
-0.431596700937 2.03738842785 -0.0450732516507 -0.0450732516507
-1.86656039494 -1.20495242485 0.0653874300094 0.0653874300094
0.490248883616 2.34957286361 -0.0880998556212 -0.0880998556212
-1.31148316742 -1.46983887813 0.114429954317 0.114429954317
0.172478527002 2.56923356537 -0.150368308578 -0.150368308578
-1.02933562128 -1.65244879527 0.233492242324 0.233492242324
1.24053837031 2.72368132916 0.983606673679 0.983606673679
