9.11887943142 9.2521313596 0.170671241135 0.170671241135
0.49505543576 -0.631040875139 -0.0664195490452 -0.0664195490452
0.54273926931 -0.747482889096 0.0364116612637 0.0364116612637
1.00026616386 -1.34410944628 -0.0220321765691 -0.0220321765691
1.08533893378 -0.507248162482 0.0135111817645 0.0135111817645
0.879906194646 -0.632423220402 -0.00781603967365 -0.00781603967365
1.13094303352 -0.335495856646 0.00369747177368 0.00369747177368
0.885310174103 -0.148473411362 -0.000546336481484 -0.000546336481484
1.01058023915 1.15310888926 -0.0019701335544 -0.0019701335544
0.0894761063127 0.491662519258 0.00404939333283 0.00404939333283
0.922951766259 0.536814022805 -0.00581629175274 -0.00581629175274
-0.502772859161 1.00713517213 0.00735390687096 0.00735390687096
1.24738584116 1.08384953107 -0.00871994260917 -0.00871994260917
-0.438976593672 0.868220176485 0.00995601446532 0.00995601446532
0.451206739294 1.16915567236 -0.0110931920473 -0.0110931920473
-0.483568104394 0.79000535828 0.0121554624364 0.0121554624364
0.556601645708 1.27820032512 -0.0131619878464 -0.0131619878464
-0.836811388442 0.463887035196 0.0141286409156 0.0141286409156
-0.10663137405 0.526679296244 -0.0150690985855 -0.0150690985855
-0.957791542348 1.05532500136 0.0159956665154 0.0159956665154
0.0667191006203 0.932214654922 -0.0169199461588 -0.0169199461588
-1.4185482377 0.0723661934404 0.0178534244753 0.0178534244753
-0.0987330283877 1.38810520166 -0.0188080512904 -0.0188080512904
-0.94562029603 0.0172751395034 0.0197968669823 0.0197968669823
-0.679914209123 0.271902131031 -0.0208347527783 -0.0208347527783
-0.458487758049 0.632121910795 0.0219394003646 0.0219394003646
-0.877261309732 0.00129550639482 -0.0231326444712 -0.0231326444712
-1.20899303672 -0.0577865159977 0.024442387773 0.024442387773
-0.744010973119 0.0665508365291 -0.0259055048771 -0.0259055048771
-1.29308500867 -0.0304429326813 0.0275724106136 0.0275724106136
-0.669515876883 -0.338405439592 -0.0295145698455 -0.0295145698455
-1.37988352426 -1.2900727028 0.0318374689753 0.0318374689753
0.293852892836 -0.755342705019 -0.0347043669559 -0.0347043669559
-0.451166842734 -1.23160693879 0.0383830031083 0.0383830031083
0.920106738112 -0.772578340384 -0.0433461714037 -0.0433461714037
0.0545124858189 -1.22615757109 0.0505159445871 0.0505159445871
1.04456709756 -0.77536686004 -0.0619657881195 -0.0619657881195
-0.394186693579 -1.21769966596 0.0835374926753 0.0835374926753
0.878621233553 -0.816941555748 -0.140542709141 -0.140542709141
0.0709381342679 -0.59933084394 0.764510213178 0.764510213178
