10.613716436 5.35667006963 0.124572311638 0.106678401451
0.876517410727 -0.277622648652 -0.0570763267551 -0.0386198285181
1.15163897028 -0.809607757194 0.0368194478042 0.0178365494932
0.830146503217 0.290241057749 -0.027157987644 -0.00767553570551
1.18494499216 -0.800866667324 0.0215540383995 0.00159110820153
0.800914985095 0.341047087728 -0.0179289724732 0.00250208821776
1.20936692582 0.488217835347 0.0154173761855 -0.00547555138759
-0.198381588477 0.640269696363 -0.0135961090742 0.00775818913588
0.245685994786 1.30356587064 0.0122350605395 -0.00958585460569
-0.290050422164 0.692708267529 -0.0111995955285 0.0110991898635
0.378642543015 1.37139526541 0.0104070297501 -0.0123874688029
-0.963720357351 0.0623942236896 -0.00980532302649 0.0135102877648
-0.0827724745062 0.871702745095 0.00936198972721 -0.0145091551538
-0.15453453879 0.928775450125 -0.00905820088639 0.0154140807819
-0.788155496767 1.13656200372 0.0088858417764 -0.0162475222392
-1.30829472586 0.808998944286 -0.00884656026324 0.0170268583187
-0.322794829762 1.28313936887 0.00895255523216 -0.0177660060442
-0.589740936333 0.227335429005 -0.00922944876741 0.0184765236671
-0.998454715413 0.687550975293 0.00972240560219 -0.0191683993197
-1.10783290447 1.03381516465 -0.0105082779314 0.0198506480202
-0.782006981269 1.05194605181 0.0117204073318 -0.0205317974483
-0.274586307175 0.814433071677 -0.0136032930762 0.0212203202937
-0.953083614222 -0.0994601549305 0.0166481449303 -0.0219250606741
-1.11816367794 0.354654624408 -0.021992677703 0.0226557009985
-0.831266782089 1.30459306936 0.0329715433351 -0.0234233233872
-1.24512009386 0.106128305461 -0.0652280470109 0.0242411386667
0.138812185475 0.0623240184858 0.854583935498 -0.0251254920612
4.35758388844 -1.05048699748 0.0868135951268 0.026097320507
0.972108209038 0.425449032474 -0.0449930835843 -0.027184357638
0.945450871857 0.6518870534 0.0326782802828 0.0284246127249
1.08906358909 -0.0823199829255 -0.0274186789433 -0.0298721081928
0.889452443584 0.00540248466676 0.0251116717448 0.0316068269117
1.1266940814 0.0264780224425 -0.0245280130229 -0.0337530077361
0.85958393796 -0.044761768171 0.0253017724104 0.0365153267304
1.15332122073 0.0572158956202 -0.027514112182 -0.0402573720228
0.833204717832 -0.0667850380278 0.0317240498538 0.0456940932212
1.18287372767 0.0749958113216 -0.0394659170488 -0.0544530895758
0.793485928047 -0.0830332191883 0.0553626480562 0.0712166405387
1.25917011496 0.0924977084639 -0.100622730063 -0.117232928949
-0.0138540133378 -0.107015588224 0.848059684541 0.865343171344
