7.0 9.0 0.0 0.0
2.09848094917 1.65547847359 -0.0773510129099 -0.0773510129099
0.0937237121549 -1.63252639246 0.0933900615642 0.0933900615642
1.22811243912 1.86621347441 -0.0853615328236 -0.0853615328236
-0.43329747906 -0.0780988469463 0.0649691986795 0.0649691986795
1.58048352883 0.307413143868 -0.0394553283386 -0.0394553283386
0.809989830921 -0.125928955114 0.0143802258003 0.0143802258003
0.922900956728 -0.0553991182439 0.00615161852257 0.00615161852257
1.23873633542 0.17739321282 -0.0196823665576 -0.0196823665576
0.697738191507 -0.226291248228 0.0254895289727 0.0254895289727
1.28521443582 0.210122095214 -0.0244232188356 -0.0244232188356
0.785451462606 -0.150356473077 0.018490381429 0.018490381429
1.12040225968 0.0750624563781 -0.010267146141 -0.010267146141
0.972048141907 -0.0130344323722 0.00226456617359 0.00226456617359
0.947656313398 -0.0082857523225 0.00361792790843 0.00361792790843
1.14803039034 -0.0533615547528 -0.00644016670282 -0.00644016670282
0.379971848478 0.549426737101 0.00630683663085 0.00630683663085
-0.169675449058 1.18661214517 -0.00418916393371 -0.00418916393371
0.115708278561 0.91316232283 0.00154118202894 0.00154118202894
-0.0616619782139 1.0272838872 0.000185079310501 0.000185079310501
3.26536183713e-16 1.0 1.63268091857e-18 1.63268091857e-18
-0.70571982245 1.00307712877 -0.00230499342272 -0.00230499342272
-1.52614681991 0.971165298978 0.00606257038076 0.00606257038076
0.130485065667 1.06297613024 -0.0098859819914 -0.0098859819914
-0.754928434373 0.912435693179 0.0120433499686 0.0120433499686
-0.599868590205 1.085792678 -0.0109624218013 -0.0109624218013
-0.120991886745 0.952944691186 0.0057443539056 0.0057443539056
-1.03768333522 0.970945822443 0.00344126131754 0.00344126131754
0.0559045781816 1.13090149221 -0.015184560309 -0.015184560309
-0.942576285739 0.764283898149 0.0269427625693 0.0269427625693
-0.267729488572 1.31318660275 -0.0354192421948 -0.0354192421948
-0.476362118542 0.668978664734 0.0371413823859 0.0371413823859
-0.769163443813 1.26113601148 -0.0291091680116 -0.0291091680116
-0.0436408253063 0.915519796495 0.00934807165666 0.00934807165666
-1.05550995027 0.790761231208 0.0228321592718 0.0228321592718
0.0604418941796 1.64302068383 -0.0671606763483 -0.0671606763483
-0.987118434304 -0.564261590643 0.124063273345 0.124063273345
-0.137946781005 1.46981695727 -0.201444152009 -0.201444152009
-0.661833420274 -0.378008072557 0.367369856683 0.367369856683
1.02155040097 1.34161817779 0.963336072061 0.963336072061
