8.96651300682 14.4768894097 0.198978501858 0.140885425841
1.17136012947 -0.31838038225 -0.104511002045 -0.0538003035115
0.933580629441 0.307901504947 0.072999037201 0.027992846759
0.993123934379 -0.287601126246 -0.0555353935649 -0.0155049531587
1.067717296 0.25407532726 0.0432466510178 0.00806738530174
0.011045987423 0.661986572432 -0.0330008422933 -0.00308071452521
0.0583518909447 1.24586345332 0.0230634505959 -0.000533353403678
-0.0396997984005 0.81816176186 -0.0118447808683 0.0033029534943
-0.426973593329 1.10181733813 -0.00306824218204 -0.00551751559194
-0.662643776967 1.01798389761 0.0271203633503 0.00734918847405
0.532240863087 0.775503199009 -0.078425599964 -0.00890702442267
-0.626555351421 1.62745542864 0.283715405119 0.0102637019769
1.27904495784 -3.77893534712 0.752873476881 -0.0114697687103
1.29877045282 -4.76810525069 -0.240854320774 0.0125617224591
1.13341265168 1.9716068142 0.175115598734 -0.013566842725
0.745705551915 -1.43864263125 -0.15972084325 0.014506214049
1.33478614489 1.24142203257 0.171639035442 -0.0153966995947
0.591442098725 -1.18732633552 -0.233849549788 0.016252285216
1.22789293129 1.31277720043 0.742233835214 -0.0170850387073
-4.36396872597 -3.97725782617 0.298158862339 0.0179058342759
-0.441344392975 -0.763422907659 -0.0969164292421 -0.0187249403165
0.0113442734299 -1.51167066047 0.0499963341947 0.0195525406985
0.114125144409 -0.397524524633 -0.0307922191356 -0.0203992469357
-0.148295303209 -1.68905075093 0.0213647999426 0.0212766568857
-0.459246234663 0.396496671623 -0.0165271818572 -0.0221980245161
-1.44204223057 -1.4520617539 0.0142721030107 0.0231791274333
-0.522358958606 0.880873514081 -0.0137028114805 -0.0242394613449
-1.57530869453 0.0751869786449 0.0144076254496 0.025403968069
0.122710369956 0.95266515624 -0.0162375248628 -0.0267056461297
-1.1230670079 0.0225121325647 0.0192332556199 0.0281896633176
0.192590523067 1.01103029897 -0.023636472652 -0.0299201277681
-1.34165806192 -0.0831976561447 0.0299970438964 0.0319918043258
0.848236611448 1.44131104287 -0.0394917978356 -0.0345516133786
-1.44801383808 0.591147410407 0.054929750465 0.0378410226694
0.603778118973 1.40413519154 -0.084987614438 -0.0422876442392
-2.06470930877 -0.271282187284 0.178449582532 0.0487287063762
2.94660082311 0.278505265933 0.765813873861 -0.059057919022
5.28866598396 -0.00399822485336 -0.0636464548204 0.0786636250583
-1.12651059464 1.57878187438 -0.0421775671553 -0.131405960915
0.506022163529 -0.184298578895 0.744651394817 0.81377145957
