11.0 9.0 8.5401771125e-18 8.5401771125e-18
5.44640562769 3.96481338909 -0.169605100245 -0.169605100245
-1.02781826734 -1.79445798614 0.109066955459 0.109066955459
0.738322410038 -0.228450071498 0.0161585229567 0.0161585229567
2.19351973943 1.01965558832 -0.0787198808962 -0.0787198808962
0.289336858499 -0.587938539755 0.0482204386925 0.0482204386925
0.740266934866 -0.205091373855 0.0176717670585 0.0176717670585
1.71784095142 0.529278801985 -0.0478893080953 -0.0478893080953
0.619021525082 -0.252730066472 0.0243085225261 0.0243085225261
0.727763099979 -0.150846875047 0.0160433970071 0.0160433970071
1.58948023727 0.223512750018 -0.0301326910738 -0.0301326910738
0.693503089102 -0.0179103514969 0.011591041095 0.011591041095
-0.0497396560995 0.677923433387 0.0125710408205 0.0125710408205
0.20150257459 1.35651374987 -0.0173737661956 -0.0173737661956
-0.0737693111742 0.915586013272 0.00434396354404 0.00434396354404
-0.186279945399 0.848982121428 0.0075815689727 0.0075815689727
0.2920323196 1.15807168758 -0.00716123468712 -0.00716123468712
-0.0668549972351 0.980386083593 0.000693701453451 0.000693701453451
-0.920542668278 0.928447025453 0.00112842410666 0.00112842410666
-0.753856020162 1.04803311445 0.00145014398416 0.00145014398416
-2.732856676e-16 1.0 2.98906198938e-17 2.98906198938e-17
0.123881204857 1.01030538326 -0.00692430460087 -0.00692430460087
-0.052387031585 0.964566509453 0.00887718770546 0.00887718770546
0.00724727263317 0.988045709157 0.00224035338217 0.00224035338217
-0.492769472923 1.10456754878 -0.0169973621155 -0.0169973621155
-1.12131783454 0.897499785077 0.0153388270715 0.0153388270715
-0.222367637163 0.943731424025 0.00799351978089 0.00799351978089
0.652281696344 1.21939203152 -0.0301338481734 -0.0301338481734
-0.471469344521 0.843611660768 0.0210248115328 0.0210248115328
-1.14363333992 0.856895959512 0.0190042398587 0.0190042398587
-0.235207062234 1.3713870977 -0.0490925266916 -0.0490925266916
-0.0580554160972 0.801522292769 0.0263041570101 0.0263041570101
-0.118214618824 0.696396267519 0.0406555123041 0.0406555123041
0.023980032907 1.6080462831 -0.0830613882464 -0.0830613882464
-1.21624909507 0.769744357873 0.032518601529 0.032518601529
-0.967635526745 0.345966102642 0.0975582986948 0.0975582986948
1.37484090738 2.1395159072 -0.186843523462 -0.186843523462
-0.284781919844 0.736450815561 0.0521849873267 0.0521849873267
-2.15939672919 -1.50443784489 0.85801768179 0.85801768179
4.72958095111 3.79301421479 0.809848807281 0.809848807281
