21.0 6.0 1.86230958969e-16 1.86230958969e-16
4.64181158661 1.32827051026 -0.117095666001 -0.117095666001
-5.11378294134 -0.412368638322 0.124673597788 0.124673597788
1.22102216662 1.60582113304 -0.0831905697179 -0.0831905697179
-1.51850438433 0.878919000918 0.0246954827946 0.0246954827946
-0.617253981436 0.954812536718 0.0260332268769 0.0260332268769
0.468547195261 0.440997646552 -0.05304908531 -0.05304908531
-1.81364806885 0.117494337013 0.0517536905637 0.0517536905637
0.58988704363 1.11094008451 -0.0284433661724 -0.0284433661724
-0.909030147964 0.036720034886 -0.00350038904346 -0.00350038904346
-0.962615320282 0.423797747746 0.0294315297035 0.0294315297035
0.688180461156 1.55991736863 -0.0391125095844 -0.0391125095844
-2.00815349454 0.62032087 0.0301936517265 0.0301936517265
-0.743263179021 1.0990362508 -0.00835676352864 -0.00835676352864
-0.530845458595 1.18396150229 -0.0157072202943 -0.0157072202943
-1.95826500347 0.621096769428 0.0311138641579 0.0311138641579
0.206178830107 1.43176570149 -0.0313873510294 -0.0313873510294
-0.400429354004 0.673556106774 0.017007892689 0.017007892689
-1.04034395491 -0.031352409638 0.00505412189747 0.00505412189747
-0.786643525273 0.831658630971 -0.0245356027672 -0.0245356027672
-0.913926329425 1.00037530899 0.0324244237486 0.0324244237486
0.280284974227 1.05309225106 -0.0249314969372 -0.0249314969372
-1.11193467043 0.982963166668 0.00521959159441 0.00521959159441
-0.570003570772 0.924302290206 0.0178591228835 0.0178591228835
0.807699202944 1.19592604087 -0.0335323702709 -0.0335323702709
-0.519054884799 0.595526764815 0.0338502434734 0.0338502434734
1.50974228028 -0.0664239813001 -0.0174238634655 -0.0174238634655
1.24462313649 -0.0197201235629 -0.00946749559345 -0.00946749559345
0.158667829213 0.0764318935933 0.0350111207589 0.0350111207589
2.05777757726 -0.166306193638 -0.0465526594556 -0.0465526594556
0.220654352227 0.295466514251 0.0360949181722 0.0360949181722
1.09105048761 0.989300760567 -0.00444658577425 -0.00444658577425
1.72478384266 -0.579514784803 -0.0377012559539 -0.0377012559539
-0.268542174228 -0.910326376922 0.0723474118799 0.0723474118799
2.1106025607 0.31337172503 -0.0795037033267 -0.0795037033267
-0.753666002285 -1.28537995473 0.0429748034991 0.0429748034991
0.119053307748 -0.382852388383 0.0471950504899 0.0471950504899
3.96742656106 1.0713310888 -0.205449889999 -0.205449889999
-4.10280666511 -1.57949919401 0.571916017471 0.571916017471
5.76052616688 1.82302162133 0.918860662701 0.918860662701
