21.0390398968 4.42381403546 0.124357347884 0.124357347884
-1.67844585705 0.789014140987 -0.0465496018039 -0.0465496018039
-0.348549611868 -0.0695635503609 0.0231456066618 0.0231456066618
-1.63792756058 0.0133194647379 -0.0117629979388 -0.0117629979388
-0.370162745478 0.0163331680299 0.00496572276495 0.00496572276495
-1.62445621587 -0.052181352389 -0.000400801248046 -0.000400801248046
-0.379472620716 0.158111185511 -0.00291140082762 -0.00291140082762
-1.6172946053 0.834063384781 0.00545183133335 0.00545183133335
-0.385879808265 -0.166540742942 -0.00748450148936 -0.00748450148936
-1.61018473867 0.115183650745 0.00916663895575 0.00916663895575
-0.396064794784 -0.104938760937 -0.0105979426602 -0.0105979426602
-1.59130467855 0.113636168289 0.0118449118346 0.0118449118346
-0.44334793771 -0.151216691048 -0.0129538288559 -0.0129538288559
-1.36250169123 0.35369098268 0.0139581330042 0.0139581330042
0.775043903006 1.04485054359 -0.014882832681 -0.014882832681
-0.732916641597 1.0188250137 0.0157472685935 0.0157472685935
0.733156134437 0.947405595838 -0.0165669188244 -0.0165669188244
-0.762044702551 1.08521688531 0.0173546290927 0.0173546290927
0.897034541829 0.86897790568 -0.0181214915743 -0.0181214915743
0.343521838248 1.22385236918 0.0188775093762 0.0188775093762
1.77334943131 0.316988838744 -0.0196321364047 -0.0196321364047
-0.380925651571 0.658864804274 0.0203947569906 0.0203947569906
1.36296488443 0.306241416855 -0.0211751580107 -0.0211751580107
-0.43589211344 0.787604724399 0.0219840448252 0.0219840448252
1.72769334382 -0.091255505008 -0.0228336607254 -0.0228336607254
-0.0909764103583 0.462263185862 0.0237385902642 0.0237385902642
1.07617266624 0.548969538335 -0.0247168663876 -0.0247168663876
-0.0917785185802 0.454714011624 0.0257915733995 0.0257915733995
1.12777022593 1.25135737449 -0.0269932704425 -0.0269932704425
-0.24164660888 0.857639201528 0.0283638121667 0.0283638121667
0.129189591643 0.926586040702 -0.0299626444076 -0.0299626444076
-1.5332053397 -0.288959962969 0.0318777083108 0.0318777083108
-0.511069363576 0.232260576435 -0.0342454716833 -0.0342454716833
-1.46341672183 -0.222138986844 0.0372904836761 0.0372904836761
-0.579487194028 0.24616250699 -0.0414109999446 -0.0414109999446
-1.26786488849 -0.385803345551 0.0473884122849 0.0473884122849
0.28589521204 -0.644103761389 -0.0569957016241 -0.0569957016241
-1.6633606696 0.0378441851194 0.0753047087293 0.0753047087293
-0.452013758721 0.0358163569749 -0.125042434478 -0.125042434478
-0.810129582471 -0.080564171876 0.839300801651 0.839300801651
