13.0 26.0 4.20084387696e-17 4.20084387696e-17
1.01507200808 1.15427289029 -0.0387739529946 -0.0387739529946
-0.189849845559 -3.09992159582 0.0512034122389 0.0512034122389
2.19053777951 1.01423336471 -0.0557108302197 -0.0557108302197
-0.799598195185 -2.89720668508 0.0562728570465 0.0562728570465
1.38985176597 0.751205603484 -0.0543227039723 -0.0543227039723
0.419950300907 -2.5796808016 0.050565236266 0.050565236266
1.60233215868 0.386817699667 -0.0454420084493 -0.0454420084493
0.220365316207 -2.17735575345 0.0392864535487 0.0392864535487
0.17486488841 -0.0435565391024 -0.032384035739 -0.032384035739
-0.160877928174 -1.72949737277 0.024997171394 0.024997171394
0.106514836247 -0.497943264431 -0.0173751995037 -0.0173751995037
-0.0492598534908 -1.27963081226 0.00975735611871 0.00975735611871
0.00669793719925 -0.932465041392 -0.00237226171898 -0.00237226171898
-0.0131545996524 -0.870704385106 -0.00456436229954 -0.00456436229954
0.904546266093 -1.3065469227 0.0108528231536 0.0108528231536
0.307871950762 -0.539077689653 -0.0163128852412 -0.0163128852412
-0.14288093843 -1.59104557066 0.0207871453423 0.0207871453423
-0.502673351212 -0.299569366781 -0.024144110531 -0.024144110531
-0.780848929058 -1.81286370096 0.0262808009946 0.0262808009946
0.0894009774844 0.176898656028 -0.0271247442289 -0.0271247442289
-1.62639976811 -0.498579576959 0.0266352593538 0.0266352593538
-0.518858002599 0.476204698872 -0.0248039550539 -0.0248039550539
-1.37591814348 -0.281713425578 0.0216543833936 0.0216543833936
-0.722552722016 1.52969983815 -0.0172408038475 -0.0172408038475
-1.17729788435 0.676785257638 0.0116460144956 0.0116460144956
-0.927091169908 1.13252581331 -0.00497819442303 -0.00497819442303
-0.961909525988 1.06823440104 -0.00263333900444 -0.00263333900444
-1.17331151586 0.72091934924 0.0110436460451 0.0110436460451
0.00311768015594 1.49118229503 -0.0200993350737 -0.0200993350737
0.524936377839 0.328789441981 0.0296481758853 0.0296481758853
1.45129865298 1.36159342502 -0.0395528311575 -0.0395528311575
0.555105963809 -1.49932019355 0.0497124394316 0.0497124394316
1.09166753317 2.11149159529 -0.0601009854277 -0.0601009854277
-0.551767836695 -0.912284924311 0.0708461268973 0.0708461268973
2.1513642044 1.55164261636 -0.0824207239241 -0.0824207239241
-0.123589338174 -1.78670563652 0.0962176704529 0.0962176704529
2.1423396927 1.94089385859 -0.116907271432 -0.116907271432
-0.195857339298 -2.04543393202 0.170159050841 0.170159050841
1.024238975 2.10500968331 0.990779592424 0.990779592424
