12.0 6.0 0.0 3.08395284618e-18
2.22760794126 0.650939835113 -0.0535147214333 -0.0512947984164
-0.187133629471 -0.551279344059 0.0711074604432 0.0654854967475
2.11728260938 -0.154227099446 -0.0769352090667 -0.0671638034914
-0.0287641529444 -1.22375965213 0.0762842906584 0.0622374651096
1.94700655277 1.21499961947 -0.0710570107716 -0.0533606146381
-0.0334843423111 0.598869434046 0.0621855853285 0.0422780161694
0.345466059156 1.33357436321 -0.0502522637016 -0.0303701033022
-0.244073696555 0.762071971869 0.0356899730893 0.0187824884574
0.0885808357732 1.13295351504 -0.0188482706866 -0.00843528207301
-1.0 1.0 -6.16790569236e-17 -6.16790569236e-18
-1.24615863807 -0.06001170727 0.0206951787374 0.0061227688875
0.211874633954 0.946563617487 -0.043286538093 -0.00981047251521
-1.00755968983 0.337804133678 0.0682547301201 0.0112044720555
-0.731427886972 -0.154709471926 -0.0970838186524 -0.0106736604121
-1.39908110828 0.096575502093 0.134055758126 0.00875829969108
-0.507278002599 -0.0622563970035 -0.194074651053 -0.0060991304882
-1.51415186776 0.0244795725274 0.370783870435 0.00335856666438
1.29743873728 0.0648069627639 0.934252572282 -0.00114172080001
4.87171228212 1.1341136824 -0.0892211372653 -7.49097348613e-05
1.72701359386e-16 1.0 -9.25185853854e-18 -6.16790569236e-18
0.642372838765 -0.031050791207 0.0346275491329 0.00143643639137
1.50288629762 0.854405131928 -0.0514889901806 -0.00407087008485
-0.145705766996 1.02536832689 0.0592029168004 0.00751925832543
0.287840898989 1.04272730692 -0.0608993527832 -0.01121387611
-0.298255229609 0.907290571118 0.0580625729908 0.0144601958487
0.263454367073 1.12613987825 -0.0515661303885 -0.0165079463602
-0.189999923415 0.860513950053 0.0420296792246 0.0166289190243
0.044208320905 1.12780338849 -0.0299603206844 -0.0141931645695
-1.178197762 0.915068645396 0.0158108869536 0.00873494383417
-1.0 1.0 9.25185853854e-18 -1.23358113847e-17
-0.844827918688 1.16587323111 -0.0170902991321 -0.0120340513397
-1.31219235202 -0.119076815059 0.0351366932789 0.0271733037616
-0.528575945135 0.981161754014 -0.0539254813461 -0.0450732516507
-1.62810695862 0.2620502509 0.073464295477 0.0653874300094
-0.224587110018 0.141270920308 -0.0942580406946 -0.0880998556212
-1.90487510431 -0.32927500181 0.118142795335 0.114429954317
0.00389597015104 0.465407110761 -0.151742797443 -0.150368308578
-2.03036713002 -0.5673034829 0.233207247053 0.233492242324
1.33317587043 0.635672642522 0.984433200131 0.983606673679
