19.0 8.0 -7.40148683083e-18 -7.40148683083e-18
4.88302849776 2.42349702893 -0.127173559399 -0.127173559399
-5.11722205732 -1.68414125163 0.124401693586 0.124401693586
0.92297955388 0.744330953805 -0.0665602650296 -0.0665602650296
-1.0 -5.92118946467e-17 3.75770396523e-17 3.75770396523e-17
-2.12906266274 0.349779169333 0.0434109560969 0.0434109560969
0.314266038253 1.31712493208 -0.0513288321272 -0.0513288321272
-1.7871788982 -0.634337623682 0.0307173166183 0.0307173166183
-1.0 0.0 -5.27377144186e-19 -5.27377144186e-19
-0.390095526418 1.22731223476 -0.022367309341 -0.022367309341
-1.80967608691 0.209485292102 0.0269928011065 0.0269928011065
-0.36592898093 0.192578809352 -0.0161993675469 -0.0161993675469
9.47390314347e-16 1.0 -4.69817879821e-17 -4.69817879821e-17
-0.240468956231 1.10621545313 0.011242421121 0.011242421121
0.33354820236 0.836123445169 -0.0127954678345 -0.0127954678345
-0.234972387493 1.16283099528 0.00698181903222 0.00698181903222
-1.30266168223e-15 1.0 7.07554983084e-18 7.07554983084e-18
0.8728755102 0.0150238440615 -0.00310307912681 -0.00310307912681
1.0500559729 0.559028841411 0.0017469259761 0.0017469259761
0.970163583822 0.898218139467 0.00061720809044 0.00061720809044
1.0 -1.18423789293e-16 4.4408920985e-17 4.4408920985e-17
1.06337191386 -0.0414066837995 -0.00436848318299 -0.00436848318299
0.878770845142 -0.0812465028113 0.0089316397477 0.0089316397477
1.10730261302 0.224467840279 -0.00834665479935 -0.00834665479935
1.0 1.0 4.90030742874e-18 4.90030742874e-18
0.887409551773 1.00474569191 0.0127975885699 0.0127975885699
0.893813949837 1.07952790815 -0.0216469197733 -0.0216469197733
-0.45256877677 0.894602808396 0.0180860705529 0.0180860705529
1.06581410364e-15 1.0 5.81245412343e-18 5.81245412343e-18
0.554515869895 1.20404212865 -0.0248378357489 -0.0248378357489
-1.18681935164 0.624426915793 0.0411632385512 0.0411632385512
-0.567939776576 1.35012926061 -0.0342948916954 -0.0342948916954
-1.0 1.0 -4.04699328455e-18 -4.04699328455e-18
-1.6937933098 -0.247989815334 0.0494160065323 0.0494160065323
0.194353086906 1.00276587664 -0.0868363021565 -0.0868363021565
-2.04231839398 0.514346971324 0.0795717495672 0.0795717495672
-1.0 -1.18423789293e-16 7.02056756838e-17 7.02056756838e-17
0.76956938089 0.625447615027 -0.179033641378 -0.179033641378
-4.55109059952 -1.52976212356 0.636037889591 0.636037889591
5.87311119404 2.31949851184 0.900110617733 0.900110617733
