8.0 8.0 1.13869028167e-16 -5.69345140833e-18
1.10801327089 0.197900437939 -0.0147944111968 -0.0126987193734
0.92569663364 -0.155741719374 0.0211367310762 0.0170394541689
1.05811945756 -0.809251513483 -0.0252853865709 -0.0192511077136
0.947420307153 -0.229830211611 0.0285377763571 0.0206049999974
1.05643776012 -0.714627390631 -0.0313454873 -0.021528612988
0.925365986422 -0.384733263053 0.0339160939787 0.0222061391504
1.13711781532 0.21715425675 -0.0363659092767 -0.0227300593561
0.0878883713009 0.623438258361 0.0387720205571 0.0231519577695
0.66919975429 0.50580507098 -0.0411941015834 -0.0235029277516
1.3199372943 0.306449203949 0.0436854788694 0.023802875328
-0.579332254036 1.51917902064 -0.0463001615567 -0.0240651832856
-0.596858453847 0.533718952975 0.0490987108959 0.0242992296542
0.491734576571 1.44036225269 -0.0521546518457 -0.0245118320896
-1.08890003178 0.574502479163 0.0555630234173 0.0247081193806
-0.103402567838 1.41674628877 -0.0594533171766 -0.0248920813543
-0.747295915578 0.587697144563 0.0640107841092 0.0250669307312
-0.392209875513 1.41178909699 -0.0695140665348 -0.0252353516641
-0.458598166444 0.583980719613 0.0764066078457 0.0253996788933
-0.738473543725 1.42777229863 -0.0854440736413 -0.0255620347504
0.274572803091 0.544914939971 0.0980331625122 0.0257244420801
-0.0984298625422 1.52760141732 -0.117132441278 -0.0258889263018
-0.277418007343 0.114631357055 0.15021949948 0.026057617748
-1.25640451202 0.594756836296 -0.223278498682 -0.0262328654719
-0.739846118456 0.719912492886 0.531165020562 0.0264173759163
1.07119068549 -0.459834886589 0.75771818724 -0.026614394861
3.08987972663 -0.869669399742 -0.183672754506 0.0268279605161
-0.0534966457073 0.0845800796345 0.090354774745 -0.0270632728502
0.587055266172 -1.2848771652 -0.0516352216597 0.0273272560562
0.829867983674 0.605212858833 0.0301239323113 -0.0276294519257
1.2144923608 -0.523380681236 -0.016193828762 0.0279835040757
0.775352942655 0.518154286006 0.00623286251962 -0.0284097532263
1.23124560745 -0.614933838079 0.00143810243011 0.0289400600007
0.758131795381 -0.580254316049 -0.00773456920299 -0.0296274663537
1.26208136006 -0.241075960717 0.0132479629255 0.0305675057107
0.697873665703 0.316910585751 -0.0184757232777 -0.0319516796148
1.39237291771 -0.38559994334 0.0240662117342 0.0342288041485
0.308040905744 -0.68289303076 -0.0315134840851 -0.0387566747277
-10.1696047618 0.818545351764 0.0478456438179 0.0524666014946
0.440155827474 0.180885068219 1.00119755203 0.99897290848
