10.0 11.0 -7.40148683083e-18 -7.40148683083e-18
3.87638093546 3.54727430904 -0.127173559399 -0.127173559399
-1.11958602205 -3.05920049292 0.124401693586 0.124401693586
2.05312786585 0.279209843414 -0.0665602650296 -0.0665602650296
1.0 -1.33226762955e-16 3.75770396523e-17 3.75770396523e-17
-0.405315889361 -1.33435631287 0.0434109560969 0.0434109560969
0.900762164038 -0.171019087379 -0.0513288321272 -0.0513288321272
0.915058061511 -0.0396735055918 0.0307173166183 0.0307173166183
1.0 5.92118946467e-17 -5.27377144186e-19 -5.27377144186e-19
0.308898897697 -0.748106971132 -0.022367309341 -0.022367309341
0.0872615856487 -0.802178049321 0.0269928011065 0.0269928011065
1.37366656289 0.247394173459 -0.0161993675469 -0.0161993675469
1.0 2.36847578587e-16 -4.69817879821e-17 -4.69817879821e-17
0.0828225155639 0.593994736335 0.011242421121 0.011242421121
-0.0107684135397 1.34694323462 -0.0127954678345 -0.0127954678345
0.0149336390182 0.821830042611 0.00698181903222 0.00698181903222
2.96059473233e-16 1.0 7.07554983084e-18 7.07554983084e-18
-0.0859001193682 1.10067621694 -0.00310307912681 -0.00310307912681
0.220799882855 0.898349751469 0.0017469259761 0.0017469259761
-0.327845851961 1.04599569812 0.00061720809044 0.00061720809044
-1.0 1.0 4.4408920985e-17 4.4408920985e-17
-0.224475958642 1.0013416138 -0.00436848318299 -0.00436848318299
0.0666588526208 0.965894628689 0.0089316397477 0.0089316397477
0.0339190439975 1.04693897714 -0.00834665479935 -0.00834665479935
1.7763568394e-16 1.0 4.90030742874e-18 4.90030742874e-18
-0.159919854029 0.905576162705 0.0127975885699 0.0127975885699
0.347555937705 1.16968711606 -0.0216469197733 -0.0216469197733
-0.431513013451 0.85251976414 0.0180860705529 0.0180860705529
-1.0 1.0 5.81245412343e-18 5.81245412343e-18
-0.0894832729541 1.211273662 -0.0248378357489 -0.0248378357489
-0.153928252315 0.646797765587 0.0411632385512 0.0411632385512
0.218294896015 1.29484283742 -0.0342948916954 -0.0342948916954
0.0 1.0 -4.04699328455e-18 -4.04699328455e-18
-0.465785989403 0.582694424165 0.0494160065323 0.0494160065323
1.16332735296 1.71599140553 -0.0868363021565 -0.0868363021565
0.416968771038 0.370269798228 0.0795717495672 0.0795717495672
-2.36847578587e-16 1.0 7.02056756838e-17 7.02056756838e-17
0.7640612608 2.13963215902 -0.179033641378 -0.179033641378
-1.83541642125 -1.71126627233 0.636037889591 0.636037889591
2.79877416599 3.08067237106 0.900110617733 0.900110617733
