11.8897365395 9.14852684432 0.0688223528993 0.0878094067108
-0.376213447287 -1.32193650225 -0.010363544827 -0.0299737243302
0.543988103967 -0.68212773655 -0.00817800793331 0.0120390973011
0.831955188227 -1.3569543587 0.0175922481805 -0.00322348195754
1.21252645182 -0.2847992595 -0.0234838235437 -0.00207029023193
0.7799715281 -0.0696487052647 0.0276558713997 0.00563791865112
1.21506600917 0.0836853293594 -0.0308695490289 -0.0082327891933
0.800699555047 0.673758633766 0.0335050938205 0.0102266236483
1.15088336249 1.2392371263 -0.035777035882 -0.011824197472
-0.205904469513 0.777553013803 0.0378192881828 0.0131477865421
0.161680719028 1.21702519709 -0.0397239578211 -0.0142750899139
-0.0765694606628 0.784417344217 0.0415614276878 0.0152580228411
-0.360965959606 1.21648674298 -0.0433923624976 -0.0161327714552
-0.769086406605 0.78046250265 0.045276512958 0.0169255156343
0.470022581601 1.22526315435 -0.0472812327024 -0.0176558596291
-1.15456760813 0.764950304339 0.0494924577413 0.0183389840367
0.0707619374019 1.252032583 -0.0520323708288 -0.0189870538115
-1.06589773259 0.715754802402 0.055092561796 0.0196101795032
0.234213408806 1.35959465606 -0.0590046960033 -0.0202171052344
0.0782902280343 0.303096989855 0.064413131918 0.0208157301381
1.40249124738 0.61943956933 -0.07277932199 -0.0214135333118
0.670189173353 0.460642863166 0.0883184950862 0.0220179527486
1.31540240751 -0.1321391355 -0.130392332004 -0.0226367598356
-0.0352240429729 0.0757096859055 0.91508556265 0.0232784701722
-4.41703924654 -1.86380310321 0.0638565683008 -0.0239528384101
-0.951324999074 0.214613658808 -0.00530222268947 0.0246715016407
-0.0757945038939 0.806968061996 -0.0134097706061 -0.0254488679072
-0.923827179514 0.106541134651 0.0230799228892 0.0263034048467
-0.0236519528421 1.3816358275 -0.0293298812743 -0.0272595910423
-1.50633768673 0.224943815071 0.0339889159747 0.0283509973236
-0.599165783652 -0.0452662612153 -0.0378581622667 -0.0296253730734
-1.34230247099 0.819429152647 0.0413800973529 0.0311534737046
-0.694342592811 -0.77599345041 -0.0448695144892 -0.0330453170173
-0.0630974696051 -1.09750764556 0.0486301688349 0.0354823822929
1.06479934633 -1.00769213969 -0.0530626806828 -0.0387875907689
-0.126965366938 -0.637232184341 0.0588554246211 0.04359740178
1.56335989303 -0.300030356901 -0.0674985601335 -0.0513657886783
0.513409860835 -0.764684826133 0.0832260579719 0.0663005423375
1.48652038903 0.416583512365 -0.125411431798 -0.107755572169
-0.243245106212 -0.328536840696 0.910146076515 0.891807092478
