10.0 9.0 6.89103946319e-17 5.35969736026e-17
3.96531595689 3.44933196585 -0.0876021472064 -0.141135780989
-0.898293589791 -2.40099095507 0.0686626400119 0.129841883884
1.66581346095 0.86259216181 -0.0243777687643 -0.0534304078756
1.29665403999 0.356381897322 -0.0103126042175 -0.0259875743926
0.279731150296 -0.327531983761 0.0229952924295 0.0663251854744
1.59489858365 1.73407418804 -0.0170189237087 -0.0561007594754
0.86039184879 -0.281570975766 0.00348873943883 0.0131614568064
0.669606590833 -0.575483821832 0.00695708830143 0.0301699355757
1.56767593175 0.810796565601 -0.00939981198381 -0.0472297991906
0.499985620715 -0.400328824798 0.00530736750562 0.0312837744598
-0.0113466361209 0.917633134182 0.000464793478905 0.00327474825967
0.191043914124 1.72949444442 -0.00370998910181 -0.0321460307856
-0.25691968733 0.187761660148 0.00332655399388 0.0370852084768
0.126623746041 1.36290279075 -0.00107940190248 -0.0167455062139
0.112168628581 1.29953619964 -0.000541240974642 -0.0137481176416
-0.299367265073 0.25357409773 0.000472933963822 0.033502217209
0.30509594382 1.69563805811 0.000344306155872 -0.0296411902139
-0.0745991490561 0.854744508713 -0.000206158324972 0.00540070788472
-0.969326999486 -0.261569808867 -0.00147739280262 0.0224047016561
-0.868329799978 0.584205223712 0.00330828259313 -0.0346860899662
-1.14111424596 -0.439330615951 -0.00289541666802 0.0227915511371
-1.05263739065 -0.126172183242 -0.000903513939177 0.00559002709689
-0.178626349964 1.23538880755 0.00624836183858 -0.0312305600455
-0.00326647981263 0.515165024199 -0.00875960217619 0.0359566970367
0.026029253538 1.23016780818 0.00442346355789 -0.0150452122249
0.0455077259983 1.3035385729 0.00661997595761 -0.0187102602867
-0.116949992785 0.28659950736 -0.0180936705422 0.0423813444708
0.108416018327 1.65210083954 0.0195700216335 -0.0376620004492
-0.0112320790567 0.929942362857 -0.00253589314908 0.00394540578568
-0.104054213009 0.290864202887 -0.0317880801065 0.0389187602131
0.142280983998 2.14518220136 0.0662424957366 -0.0610131988939
-0.0710355270084 0.205344853686 -0.063812582822 0.040792314088
-0.0130750687553 0.615966656683 -0.0504390834836 0.0188410959769
-0.127123732672 2.6421473755 0.723977289559 -0.0865488573501
0.958482821527 -4.68083835993 0.897983780735 0.11355473607
4.35690004879 -7.52021345185 -0.141770484233 -0.0521374444278
2.46967394205 -0.865180020621 -0.233657578826 -0.141928876754
-2.28748086557 -0.426866023977 0.823796085834 0.698923378313
3.44937941313 2.2239674342 0.804812561864 0.880292882129
