8.72429788742 5.2682838109 0.146027265936 0.124357347884
0.906920926302 -0.145208931711 -0.0673063435349 -0.0465496018039
1.10070508256 0.134986141931 0.0430210867571 0.0231456066618
0.892933604392 -0.127872361751 -0.0307770634337 -0.0117629979388
1.11339182618 0.120936252868 0.0231271775267 0.00496572276495
0.880437940809 -0.104160984461 -0.0177078491787 -0.000400801248046
1.12503683513 0.996749508837 0.0135287543506 -0.00291140082762
0.871609167906 -0.195103357696 -0.0100976227365 0.00545183133335
1.12493849002 0.202348545639 0.00713787588058 -0.00748450148936
0.908716119703 -0.258786071382 -0.00447771930604 0.00916663895575
0.494752751803 0.894521083643 0.0019998880828 -0.0105979426602
-0.350734871391 0.893466323697 0.000384083071624 0.0118449118346
0.390668089532 1.20978443332 -0.00274889993151 -0.0129538288559
-0.65596698383 0.504386711044 0.00516603460617 0.0139581330042
-0.359252103239 0.488026010095 -0.00771317561818 -0.014882832681
-0.609646263398 0.539301650671 0.0104854190939 0.0157472685935
-1.05037722567 -0.192749081226 -0.0136119307809 -0.0165669188244
-0.186992394423 0.930740383233 0.0172850582257 0.0173546290927
-0.947626636725 0.0745451087392 -0.0218177620595 -0.0181214915743
-0.806444855436 1.24023275421 0.0277710624756 0.0188775093762
-0.0577069500298 0.433117768349 -0.0362799600558 -0.0196321364047
-1.58635567211 -0.0774630818851 0.0500691720296 0.0203947569906
-0.367893797877 0.0373849624047 -0.0777979188234 -0.0211751580107
-1.81992629761 -0.0398959122211 0.169817413114 0.0219840448252
1.96878817518 0.156103332216 0.806504515055 -0.0228336607254
3.22829561546 1.24540270739 -0.112210738722 0.0237385902642
-0.0425038842478 0.327508420404 0.056586426391 -0.0247168663876
0.732345623444 0.578758838422 -0.0351591076741 0.0257915733995
-0.30600472331 1.19779613093 0.0232261176827 -0.0269932704425
0.0594298458959 0.756508612605 -0.0151607871251 0.0283638121667
-1.00720641753 0.183769588198 0.0089388270318 -0.0299626444076
0.365404771923 1.25955908781 -0.00360307541261 0.0318777083108
-0.738359280527 0.265068235576 -0.00142707366476 -0.0342454716833
-1.01779691579 0.680166314913 0.00662704516001 0.0372904836761
-1.00014643797 0.29477559627 -0.0125477747795 -0.0414109999446
-1.00232530512 0.820934849137 0.0200691524455 0.0473884122849
-0.993734418839 -0.374427402666 -0.0310308030858 -0.0569957016241
-1.00396954824 -0.720680358424 0.0505515282554 0.0753047087293
-1.02580666131 0.268652184923 -0.101392641512 -0.125042434478
-0.29232064093 -0.192999719852 0.816672003838 0.839300801651
