14.0 7.0 8.42238156612e-17 5.35969736026e-17
5.40995003971 3.22138180725 -0.178117705562 -0.141135780989
-3.83584265381 -0.535546249201 0.182118099897 0.129841883884
1.44604927877 1.57350067441 -0.0839693602949 -0.0534304078756
0.681227333565 1.27175346403 -0.0462917667577 -0.0259875743926
-1.73574270066 0.289763273993 0.136127510314 0.0663251854744
1.50955618074 1.65536503208 -0.135866148702 -0.0561007594754
-0.387679363942 0.807153959027 0.0389960453198 0.0131614568064
-1.60405779303 -0.198385464517 0.116024872312 0.0301699355757
0.107807137715 0.842871155385 -0.263286087045 -0.0472297991906
-1.75166774081 0.775916609342 0.331719646219 0.0312837744598
-0.152010066755 0.0143195520886 1.00224820271 0.00327474825967
3.25889623676 -0.0954038502135 0.336089796988 -0.0321460307856
1.45517013043 0.326709848472 -0.180983354353 0.0370852084768
-0.0769462797561 1.13322287471 0.0510798573728 -0.0167455062139
0.00581965534432 1.08301378861 0.0293140612584 -0.0137481176416
0.350262249777 0.828679741965 -0.0527597098481 0.033502217209
1.26930343745 1.12675867776 0.0354672325756 -0.0296411902139
-0.13893015214 0.983477823239 -0.00496919179295 0.00540070788472
-0.57074330738 0.989697891667 -0.0158382351794 0.0224047016561
1.21197752189 0.65223396476 0.0185784901327 -0.0346860899662
0.56479677804 -0.120923691916 -0.00896554572456 0.0227915511371
-0.0270936648827 0.892665092598 -0.00152040912088 0.00559002709689
0.207543822763 1.53319310273 0.00518333451162 -0.0312305600455
-0.0238321495885 0.185394879081 -0.00257033040964 0.0359566970367
1.20529356217 0.136656902213 -0.000214497414833 -0.0150452122249
0.458932427887 0.947080008819 -0.0017464861741 -0.0187102602867
-0.82240422028 0.997728013861 0.00709463836042 0.0423813444708
0.535422041335 0.905644442211 -0.00895338859699 -0.0376620004492
-1.09923866197 -0.0379233101073 0.00120500996684 0.00394540578568
-1.88362794973 -0.301831315404 0.0144550666707 0.0389187602131
0.328972754915 0.434309891165 -0.0266366130387 -0.0610131988939
-1.87190796915 -0.277115751217 0.0204654410495 0.040792314088
-1.40061588553 -0.123925235296 0.0106943782092 0.0188410959769
0.85716564875 0.554500339825 -0.0549718711885 -0.0865488573501
-3.52704735301 -0.712636460626 0.0800866701172 0.11355473607
0.314575777363 0.329779727588 -0.0406166164392 -0.0521374444278
7.56458218959 1.44680297204 -0.121735500971 -0.141928876754
1.13933921071 -0.845362404175 0.659044993217 0.698923378313
3.2336410485 2.0336161528 0.912640161072 0.880292882129
