8.0 12.0 -8.22387425648e-18 -8.22387425648e-18
3.99104998789 3.99241104945 -0.163062453609 -0.163062453609
-0.613203422656 -3.32896541388 0.122204863904 0.122204863904
1.09718246885 0.171897014843 -0.00842893207645 -0.00842893207645
1.77188228757 1.28946591214 -0.0717968643016 -0.0717968643016
0.272546052473 -1.15998126877 0.0702116321291 0.0702116321291
1.1067141245 0.161762413582 -0.0104514497929 -0.0104514497929
1.46802366301 0.665060656891 -0.0455751013551 -0.0455751013551
0.449590698559 -0.712446291308 0.0519738118648 0.0519738118648
1.13404341106 0.14865348314 -0.0117901518191 -0.0117901518191
1.44326847655 0.357367082344 -0.0333868141792 -0.0333868141792
0.125988164449 -0.193980232629 0.0433554894708 0.0433554894708
0.118605912722 1.24118863899 -0.0131283304518 -0.0131283304518
0.958774516958 1.43052170653 -0.0265044064867 -0.0265044064867
0.681676335806 0.405778447774 0.0390120073249 0.0390120073249
-0.160767220397 1.21498852114 -0.0147324168314 -0.0147324168314
-0.907029068076 1.31362330862 -0.0222027671105 -0.0222027671105
-0.760275987871 0.488448312907 0.0371870238939 0.0371870238939
0.177274747335 1.22649420564 -0.0168284157582 -0.0168284157582
0.154939677645 1.25635984623 -0.0193656435709 -0.0193656435709
-0.246674656558 0.510011429016 0.0372891730855 0.0372891730855
0.104295449451 1.26301105655 -0.0197252370728 -0.0197252370728
0.0526648413007 1.25327862918 -0.0174632395482 -0.0174632395482
0.227046931725 0.134705614699 0.0393343028027 0.0393343028027
1.28499778868 0.0599542144186 -0.023955760235 -0.023955760235
1.16069915991 0.0190499084306 -0.0162315243349 -0.0162315243349
0.605396478518 0.385395595462 0.0439529861637 0.0439529861637
1.25778293124 1.03065337488 -0.030594156102 -0.030594156102
1.12513627578 -0.679480417583 -0.0155649852515 -0.0155649852515
0.590167767083 -1.40045827115 0.052971603002 0.052971603002
1.31569417306 0.810116967455 -0.042224510549 -0.042224510549
1.11233189419 0.258109908786 -0.0155288275536 -0.0155288275536
0.497459082758 -1.09448754935 0.071902540729 0.071902540729
1.45087264075 0.962851922255 -0.0670583714959 -0.0670583714959
1.10691342958 0.234020146421 -0.0166739049491 -0.0166739049491
0.24566821703 -2.04749884815 0.12541328574 0.12541328574
1.83192829252 0.472023268298 -0.152473587121 -0.152473587121
1.11144230913 0.140671281774 -0.0244230338902 -0.0244230338902
-1.28377727943 -2.57176725388 0.810555986917 0.810555986917
2.97670648394 4.95785829552 0.8352876599 0.8352876599
