4.90612009464 6.70674916149 0.231212047502 0.253528245596
1.19157035154 -0.418777511505 -0.0744316923626 -0.0972277052062
0.707534048223 0.259338119689 0.0338602778755 0.0568707554508
0.462470509543 -1.03146097198 -0.0151474685578 -0.0381832805864
1.03677630018 0.426263129607 0.00438406721462 0.0273006000043
1.0160817746 -1.14160543937 0.0025738228439 -0.0201045923773
0.963093056824 0.540033204569 -0.00739629586037 0.014938850827
1.0493454724 -0.467090444104 0.0108838121803 -0.0110079649705
0.94101296431 0.433438158195 -0.0134643064649 0.00788204810983
1.06724096108 -0.436447331883 0.0153823042518 -0.00530805636917
0.931280521324 0.771060597302 -0.0167811572606 0.00312699806864
0.382797000783 0.928778151404 0.0177417344115 -0.00123362118673
-0.61741839232 0.733343242374 -0.0183006304122 -0.000444856853241
-0.311406138407 0.403108115007 0.0184568064772 0.00196071841475
-1.02208531191 1.35133356146 -0.0181694254498 -0.00335285140064
-0.359254459431 0.70889953625 0.0173455918585 0.00465116805928
-0.871242645872 0.248418103837 -0.0158115165499 -0.0058794722508
-1.03931759124 -0.125332944556 0.0132494946651 0.00705739997234
-0.991838607529 0.759083119515 -0.00905212179029 -0.00820179436092
-1.00128936799 0.356150772286 0.00194081385803 0.00932773491512
-0.904550974429 0.534174473759 0.0112486389733 -0.0104493630842
-0.143170519063 0.625209345158 -0.0409287091275 0.0115806044334
-1.62406826129 0.0378309588196 0.152548917526 -0.0127358675023
2.28963542101 2.67381178866 0.673561299339 0.0139307950635
2.75851677693 2.58530492858 -0.171606255334 -0.0151831534647
0.255965182808 -2.13640949154 0.119476330573 0.0165139730644
1.58264197373 0.356797332006 -0.101191343028 -0.01794910604
0.266072586125 -1.42641568804 0.093235747164 0.0195214652043
0.844059264526 -0.136564402003 -0.0902787267187 -0.0212743859428
-0.0506896606448 -0.925729719961 0.0908280221431 0.0232668903173
0.246402030844 -1.08670192433 -0.095125137818 -0.0255822969855
-0.469179039719 -0.648379677348 0.10590431817 0.0283430064848
-0.221928201749 -0.826422547363 -0.137318512914 -0.0317373847287
-0.7690780666 0.912703262476 0.753907803347 0.0360721736123
-4.29561782363 6.93661728563 -0.00243131452034 -0.0418840857716
-0.369533596445 -1.54707435269 0.0506533390283 0.0502067057904
-1.38167752036 1.00822736595 -0.0753570258691 -0.0633211134767
-0.698784344255 -0.78987742818 0.104649088481 0.0874558427301
-1.29781304494 0.663821314652 -0.167753440114 -0.147849742307
-0.320741689106 -0.574825843463 0.61646631951 0.59502989116
