8.0 9.0 -5.69345140833e-18 -5.69345140833e-18
1.1873324373 -0.765172674328 -0.0126987193734 -0.0126987193734
0.806693984299 -0.286869394456 0.0170394541689 0.0170394541689
1.20026574977 0.273220425405 -0.0192511077136 -0.0192511077136
0.791428904245 -0.268694329808 0.0206049999974 0.0206049999974
1.21850123515 0.266459905374 -0.021528612988 -0.021528612988
0.769483153618 -0.265079298593 0.0222061391504 0.0222061391504
1.24543062061 0.263823139428 -0.0227300593561 -0.0227300593561
0.735239655975 -0.261798394481 0.0231519577695 0.0231519577695
1.29170539773 0.257031185161 -0.0235029277516 -0.0235029277516
0.665337295921 -0.243367240175 0.023802875328 0.023802875328
1.42738667016 0.191492686696 -0.0240651832856 -0.0240651832856
-0.0724553021382 0.39056525074 0.0242992296542 0.0242992296542
0.334879604031 1.46974457742 -0.0245118320896 -0.0245118320896
-0.94788025171 0.516990886581 0.0247081193806 0.0247081193806
-0.763825104898 1.58169663414 -0.0248920813543 -0.0248920813543
-1.41356908703 -0.157218804974 0.0250669307312 0.0250669307312
0.000946811479825 0.955423914599 -0.0252353516641 -0.0252353516641
-0.822885442217 0.210465781424 0.0253996788933 0.0253996788933
-0.320752656691 0.625632045001 -0.0255620347504 -0.0255620347504
-0.535350297599 0.558987917781 0.0257244420801 0.0257244420801
-0.643691337787 0.189573766968 -0.0258889263018 -0.0258889263018
0.0850890533848 1.40808263101 0.026057617748 0.026057617748
0.323486050613 0.341145546351 -0.0262328654719 -0.0262328654719
1.15643498993 0.376625272091 0.0264173759163 0.0264173759163
0.987837156417 0.832828889892 -0.026614394861 -0.026614394861
0.755096847397 -0.0428455782207 0.0268279605161 0.0268279605161
-0.193722536996 1.4136341931 -0.0270632728502 -0.0270632728502
0.115916435483 0.690698485315 0.0273272560562 0.0273272560562
-0.0947647113019 1.26304991177 -0.0276294519257 -0.0276294519257
0.111553293736 0.766988997918 0.0279835040757 0.0279835040757
-0.238120310998 1.20530597236 -0.0284097532263 -0.0284097532263
-0.9598646871 0.833929159891 0.0289400600007 0.0289400600007
0.100226650296 1.05890781198 -0.0296274663537 -0.0296274663537
-1.26788523743 -0.209231475236 0.0305675057107 0.0305675057107
-0.799687009323 1.30590657101 -0.0319516796148 -0.0319516796148
-1.17785950963 -0.411546152383 0.0342288041485 0.0342288041485
-0.833043607194 0.376353851101 -0.0387566747277 -0.0387566747277
-1.15349815811 0.726649618907 0.0524666014946 0.0524666014946
0.210634532668 0.22727497991 0.99897290848 0.99897290848
