13.0 7.0 2.16201325848e-16 2.16201325848e-16
8.9558659617 5.22977142572 -0.217285719563 -0.217285719563
0.723518643228 1.34177305467 -0.0259835809839 -0.0259835809839
-3.09104559304 -0.446478179982 0.131120357848 0.131120357848
-0.762066232868 0.648956675932 0.0352538503838 0.0352538503838
1.89560582214 1.85421044661 -0.0918272163877 -0.0918272163877
0.814202831822 1.35598477278 -0.0401952990971 -0.0401952990971
-1.39449110048 0.41624017347 0.0684382411206 0.0684382411206
-0.919771558283 0.640817579963 0.0433929463529 0.0433929463529
1.23907117982 1.42200629993 -0.0522643316833 -0.0522643316833
1.68379208664 1.36151805393 -0.045728580249 -0.045728580249
0.239384671162 0.690402045806 0.0398882640476 0.0398882640476
-0.442089655419 0.636620891786 0.0475896345297 0.0475896345297
0.366087544205 1.22318117034 -0.0296651319808 -0.0296651319808
0.681312072835 1.36496745806 -0.0491779843751 -0.0491779843751
-0.311088208812 0.848522492382 0.0206732247631 0.0206732247631
-0.832352267972 0.633595516558 0.0506150097582 0.0506150097582
0.232015100637 1.08813134258 -0.0123169976045 -0.0123169976045
1.34242064965 1.36777484712 -0.051985373439 -0.051985373439
0.94754992766 0.97100179572 0.00414503370385 0.00414503370385
-0.0248015967834 0.630851195647 0.053359330669 0.053359330669
-0.0269894463917 0.970891473469 0.00425535595474 0.00425535595474
0.457841709927 1.37059735971 -0.0548078860276 -0.0548078860276
0.124765433685 1.08915941797 -0.0133450729976 -0.0133450729976
-0.559896161359 0.627792223017 0.0564183032986 0.0564183032986
-0.244071971618 0.84545242168 0.0237432954652 0.0237432954652
0.612480723468 1.37410726012 -0.0583177864349 -0.0583177864349
0.387359417227 1.22993925706 -0.0364232186977 -0.0364232186977
-0.649669119583 0.623489464951 0.060721061365 0.060721061365
-0.569043858062 0.677142458731 0.0531478511229 0.0531478511229
0.682928733113 1.37983633529 -0.0640468616055 -0.0640468616055
0.820681535095 1.44738827025 -0.0776463020008 -0.0776463020008
-0.722368591166 0.614941704395 0.0692688219208 0.0692688219208
-1.22701485747 0.365019960257 0.119658454333 0.119658454333
0.80415201681 1.39513441205 -0.0793449383704 -0.0793449383704
2.33369758135 1.978113266 -0.215730035776 -0.215730035776
0.334067815012 0.57451369512 0.109696831196 0.109696831196
-2.20047284338 -1.04422805195 0.728870229817 0.728870229817
0.618403164088 0.319885393628 0.995904080056 0.995904080056
8.36423896773 4.4072904087 0.605195297462 0.605195297462
