13.0 25.0 0.0 0.0
2.19105766942 3.36299369219 -0.0773510129099 -0.0773510129099
-1.28694853125 -4.8414792555 0.0933900615642 0.0933900615642
2.3970535725 2.07349253217 -0.0853615328236 -0.0853615328236
-1.63822362534 -3.16666474984 0.0649691986795 0.0649691986795
1.14169096174 0.247431526405 -0.0394553283386 -0.0394553283386
0.671559092171 -1.43527783131 0.0143802258003 0.0143802258003
-0.100218269924 -1.17866246435 0.00615161852257 0.00615161852257
1.14742873951 -0.453799324959 -0.0196823665576 -0.0196823665576
0.167490492789 -1.66760546885 0.0254895289727 0.0254895289727
0.0119637733367 -0.412465888904 -0.0244232188356 -0.0244232188356
0.00246867274922 -1.3831298061 0.018490381429 0.018490381429
-0.0516143283739 -0.850967463339 -0.010267146141 -0.010267146141
0.0461850855787 -0.996329571343 0.00226456617359 0.00226456617359
0.9939530503 -0.0720889015536 0.00361792790843 0.00361792790843
0.181513069376 -0.703784267483 -0.00644016670282 -0.00644016670282
0.515132533272 -0.593470665292 0.00630683663085 0.00630683663085
0.850232069337 -0.0833780650285 -0.00418916393371 -0.00418916393371
-0.270097703215 -1.28525186084 0.00154118202894 0.00154118202894
0.0852686122962 -0.930571641557 0.000185079310501 0.000185079310501
-5.48580788638e-16 -1.0 1.63268091857e-18 1.63268091857e-18
-0.0269016299025 -0.93839141916 -0.00230499342272 -0.00230499342272
0.0498462302767 -1.25877848812 0.00606257038076 0.00606257038076
-0.390805784875 -0.163050057419 -0.0098859819914 -0.0098859819914
-1.37343851794 -0.282109300784 0.0120433499686 0.0120433499686
-0.70423315967 0.486429735247 -0.0109624218013 -0.0109624218013
-1.15816806402 0.855272025633 0.0057443539056 0.0057443539056
-1.11161386186 -0.0464736943971 0.00344126131754 0.00344126131754
0.232820641586 1.04689754477 -0.015184560309 -0.015184560309
-1.15664124213 0.605487718741 0.0269427625693 0.0269427625693
-0.0573834440385 1.70986794948 -0.0354192421948 -0.0354192421948
-0.644971947506 -0.0288788525854 0.0371413823859 0.0371413823859
-0.676450488034 0.555540877565 -0.0291091680116 -0.0291091680116
-0.0511853160509 0.888231145049 0.00934807165666 0.00934807165666
-0.224602358348 0.684422360887 0.0228321592718 0.0228321592718
1.34005979046 1.36824555224 -0.0671606763483 -0.0671606763483
0.0596202353214 -2.1769321769 0.124063273345 0.124063273345
2.5230174876 3.04308864088 -0.201444152009 -0.201444152009
-1.12186782345 -3.78742073335 0.367369856683 0.367369856683
2.08406313984 4.280148883 0.963336072061 0.963336072061
