18.3855698506 4.871833897 0.18402748378 0.18402748378
-1.46209430041 -0.152707635454 -0.0718658719778 -0.0718658719778
-0.560551345161 0.115882509442 0.0400379628756 0.0400379628756
-1.43224572083 0.54331899214 -0.0248575745586 -0.0248575745586
-0.568887142954 0.351077861568 0.0158836368426 0.0158836368426
-1.43379309305 -0.305694349382 -0.00989472163643 -0.00989472163643
-0.559707845792 0.318274299855 0.00556816886198 0.00556816886198
-1.45251840161 -0.374620580084 -0.00226042978669 -0.00226042978669
-0.523260443315 0.615520392521 -0.0003795313902 -0.0003795313902
-1.53960265093 0.31743569112 0.00255977509992 0.00255977509992
0.174915745584 0.739805544336 -0.00441173932052 -0.00441173932052
-0.496500870632 0.982042994505 0.0060228229432 0.0060228229432
-0.408892808311 1.09294536064 -0.00745369309225 -0.00745369309225
-0.170441541552 0.860939309763 0.00874807774278 0.00874807774278
0.207570692176 1.19171824789 -0.00993860635755 -0.00993860635755
-0.0973717583946 0.648871015708 0.0110504570345 0.0110504570345
1.37225802732 0.137756516104 -0.0121037324152 -0.0121037324152
0.681468339882 -0.714645049798 0.0131150742864 0.0131150742864
1.22374137578 -0.301319722789 -0.014098813056 -0.014098813056
-0.125257204092 -0.74609179569 0.015067833218 0.015067833218
1.4911726389 0.146626080953 -0.016034272771 -0.016034272771
0.554459148042 -0.0884845349215 0.0170101405852 0.0170101405852
0.590334516222 0.85902270536 -0.0180079198383 -0.0180079198383
0.728100787132 0.139528046518 0.019041223005 0.019041223005
0.786971437054 1.32035340499 -0.0201255737216 -0.0201255737216
0.211287859527 0.726382197593 0.0212794160923 0.0212794160923
0.608441699949 1.26823733159 -0.0225255006388 -0.0225255006388
-0.565512989961 0.717997557259 0.0238928848492 0.0238928848492
0.581156650151 1.32084495871 -0.0254199493029 -0.0254199493029
-0.688596523485 0.5541367298 0.0271591392176 0.0271591392176
-0.179778293124 0.599297068422 -0.0291847534313 -0.0291847534313
-0.834001492039 0.337851386927 0.0316063868883 0.0316063868883
-0.750874513526 0.727229589783 -0.0345935193438 -0.0345935193438
-1.32171069857 0.0977805642569 0.0384238101889 0.0384238101889
-0.644725899933 0.000263848479535 -0.0435869220644 -0.0435869220644
-1.38349706196 -0.0210714073638 0.0510360830892 0.0510360830892
-0.553090706806 -0.021416751073 -0.0629089956628 -0.0629089956628
-0.55085303974 -0.874250757983 0.085200901599 0.085200901599
-0.833314712393 0.215657438362 -0.143630455072 -0.143630455072
-0.617230454847 -0.179113270782 0.740865022728 0.740865022728
