10.0 6.0 -1.58603289232e-17 -7.93016446161e-18
3.73809136519 3.01302288679 -0.157266002393 -0.149639726369
-2.18737947664 -0.21979062485 0.129238114451 0.123074139032
0.464183503344 1.26570602769 -0.0315583133183 -0.030440064726
0.638339214684 1.37497539751 -0.0466872079038 -0.0462160620256
-0.821495784076 0.502001774709 0.0626144628404 0.064620134105
0.370475982479 1.23495938794 -0.0289584168937 -0.0318020212627
0.147261371457 1.10066849547 -0.0117731860106 -0.0141622036231
-0.321341946117 0.745569514353 0.0269610064211 0.0371606179064
0.153971105586 1.17852180584 -0.0157956879544 -0.0270110128063
8.24737104007e-16 1.0 -7.53365623853e-17 -5.55111512313e-17
0.690205498314 0.871820475229 0.00271529662781 0.0195413400938
0.85892363592 1.14815804619 0.00425876689826 -0.0192731487542
-0.0681430116362 0.928516676826 -0.00384250582262 0.00516308114468
0.65014326565 0.210990427832 -0.0121921695865 0.00787855339123
1.34550174653 -0.271528547137 0.0296751956955 -0.0102891084645
0.871610929808 0.182082571912 -0.0232724319906 0.00429819847009
0.961845244316 0.136334776535 -0.0157653411787 0.00136905800795
1.0339366092 -0.93745976539 0.0615945413357 -0.00152542847845
1.05194185635 -0.65282711238 -0.0665274347057 -0.000972919190605
1.0 -3.17206578464e-16 2.37904933848e-17 9.91270557701e-18
0.218688704421 -0.742410188078 0.115046827864 0.00557894809806
-0.0124762009191 -1.0316549181 -0.196543867262 -0.0093741043156
-0.0401526856915 -1.02113883071 0.112921988547 0.00400131824084
-0.173952683766 -0.552046637636 0.944867424719 0.00953516846624
0.725598953905 1.90138962855 0.616213188612 -0.0197385880074
0.850835875631 2.90489259678 -0.141114690485 0.0138569159998
0.047737095743 1.20908979114 -0.0423830772118 0.00860038377377
0.0551017535799 0.703048976914 0.0820665416168 -0.0310465724964
-0.146351508606 1.11697773028 -0.0435296370315 0.0309071071421
4.12368552004e-16 1.0 5.07530525543e-16 -3.17206578464e-17
0.310259489621 1.04415909529 0.00689414093126 -0.0427213416692
-0.469492572332 0.869377454523 0.0108335427589 0.0598609927497
0.192991313218 1.06911655919 -0.010065659257 -0.0235906395479
0.466300709263 1.19002882184 -0.0339776081545 -0.0559338644264
-1.03618217244 0.549292270526 0.0920507916532 0.123967028677
0.86508971407 1.37319553871 -0.0865425953454 -0.102526195644
1.43931013218 1.29539307222 -0.0818580337876 -0.0889665635302
-1.63897195337 -0.767755359944 0.738040477993 0.756318525673
3.4818806394 1.9344650406 0.87080441447 0.858069482936
