2.97042018114 13.140120523 0.300412485078 0.267079151744
0.987160560854 -0.821611375062 -0.134635267042 -0.101301933709
0.987581542089 -0.204055596639 0.0929054865036 0.0595721531703
1.06385677088 -0.731094062194 -0.0737275460951 -0.0403942127617
0.093231642392 -0.492927102763 0.0626012218191 0.0292678884858
0.425854302148 -0.926922736598 -0.0552610002825 -0.0219276669492
1.14219309353 -0.294140933778 0.05 0.0166666666667
0.954553597171 -1.5071285852 -0.0460012463594 -0.0126679130261
0.865806021487 0.0803954905879 0.0428242051437 0.00949087181034
0.298241169731 -1.01711888475 -0.0402100059749 -0.00687667264161
0.673469786716 0.00135594275484 0.0379962129339 0.00466287960054
0.303138902423 -1.02553933194 -0.0360754110767 -0.00274207774332
0.877096075127 0.202740496247 0.0343733912187 0.00104005788533
0.607133975157 -0.712943637975 -0.0328368904836 0.000496442849726
0.424413799464 -0.264456472433 0.0314263225328 -0.00190701080049
0.580851495035 -0.71381972444 -0.0301112613294 0.00322207200394
0.371932501016 -0.376995066578 0.0288675134595 -0.00446581987385
1.02655276254 0.146655469228 -0.0276751386871 0.00565819464627
0.174338923247 1.4424865697 0.0265170489631 -0.00681628437024
-0.0474701685886 0.621901496964 -0.0253779612217 0.00795537211166
-0.652307307765 0.679189993187 0.0242435588631 -0.00908977447025
0.00668996553399 0.678568767848 -0.023099759877 0.0102335734564
-0.694716797353 1.29675643303 0.0219320102975 -0.0114013230358
0.0618616723133 0.73905509151 -0.0207245264737 0.0126088068597
-0.18852405647 1.13547074296 0.019459399901 -0.0138739334323
-1.02048231676 -0.354316488468 -0.018115451195 0.0152178821383
-0.954664289757 0.42120683384 0.0166666666667 -0.0166666666667
0.606533867882 0.838860162389 -0.0150799538386 0.0182533794948
0.22098230092 1.13366389423 0.0133117742612 -0.0200215590721
-0.0263553767156 0.928048906436 -0.0113028762989 0.0220304570344
-0.160702441054 0.958017485234 0.00896968913995 -0.0243636441934
-0.701349380642 1.29755532066 -0.00618956200438 0.0271437713289
0.557715622022 -1.02802979569 0.669440630382 -0.0305593696177
1.27202397638 -4.19786480574 0.00158367292093 0.0349170062543
-0.925384161034 0.716997782421 0.659247918266 -0.0407520817339
-2.04086712035 -1.38343431956 0.0157596716167 0.0490930049501
-0.78301964653 1.02637082477 -0.0288675134595 -0.0622008467928
-1.08878514715 -0.0765544904223 0.0528775823253 0.0862109156586
-0.99986278918 0.425831955877 -0.11232802197 -0.145661355304
-0.602476841169 -0.448963439354 0.526202931377 0.55953626471
