13.0 6.0 2.16201325848e-16 2.16201325848e-16
9.43626218586 4.48320321384 -0.217285719563 -0.217285719563
1.70117402036 1.27786439253 -0.0259835809839 -0.0259835809839
-2.25079783961 -0.161762718444 0.131120357848 0.131120357848
-0.615933758571 0.721230620665 0.0352538503838 0.0352538503838
1.56225973002 1.67122011154 -0.0918272163877 -0.0918272163877
0.668964826131 1.27696617037 -0.0401952990971 -0.0401952990971
-1.12341435437 0.550069939321 0.0684382411206 0.0684382411206
-0.708429485012 0.725648948178 0.0433929463529 0.0433929463529
0.856219806832 1.31952603111 -0.0522643316833 -0.0522643316833
0.760048372431 1.27138231843 -0.045728580249 -0.045728580249
-0.683594137767 0.769570503636 0.0398882640476 0.0398882640476
-0.865717145055 0.731855605494 0.0475896345297 0.0475896345297
0.612755911054 1.16325640131 -0.0296651319808 -0.0296651319808
1.48443301651 1.26458005162 -0.0491779843751 -0.0491779843751
0.694007959424 0.891214005662 0.0206732247631 0.0206732247631
-0.175645022523 0.739459653131 0.0506150097582 0.0506150097582
0.0949213762874 1.06200456029 -0.0123169976045 -0.0123169976045
0.48370745725 1.25576797702 -0.051985373439 -0.051985373439
-0.0419727208045 0.980090012942 0.00414503370385 0.00414503370385
-0.566522413172 0.750177587901 0.053359330669 0.053359330669
-0.0465519305499 0.980625177675 0.00425535595474 0.00425535595474
0.612033450174 1.2418930604 -0.0548078860276 -0.0548078860276
0.151309737891 1.05683209858 -0.0133450729976 -0.0133450729976
-0.647597731452 0.769694823787 0.0564183032986 0.0564183032986
-0.275592898221 0.90802306892 0.0237432954652 0.0237432954652
0.684946332691 1.21094774635 -0.0583177864349 -0.0583177864349
0.434264492761 1.11954573374 -0.0364232186977 -0.0364232186977
-0.740790796716 0.829615619709 0.060721061365 0.060721061365
-0.676426859065 0.892009232331 0.0531478511229 0.0531478511229
0.899408949247 1.02632873813 -0.0640468616055 -0.0640468616055
1.58750018203 0.505298559953 -0.0776463020008 -0.0776463020008
0.326507004435 -0.268086528374 0.0692688219208 0.0692688219208
-0.59987960763 0.0479912233547 0.119658454333 0.119658454333
0.493659893873 1.46892386157 -0.0793449383704 -0.0793449383704
1.32819919782 2.03421768593 -0.215730035776 -0.215730035776
-0.584818020355 0.579351037929 0.109696831196 0.109696831196
-2.542915083 -0.948911651959 0.728870229817 0.728870229817
0.632676312916 0.284293052002 0.995904080056 0.995904080056
8.32555011421 3.83387154711 0.605195297462 0.605195297462
