13.0 9.0 3.52021934637e-17 3.52021934637e-17
-1.27766668667 -1.23325811759 0.0147853172872 0.0123826178158
1.33043258217 -0.774438591817 -0.0210101269561 -0.0164756780662
-0.347009826347 -1.19081350126 0.0249958858028 0.0185347976164
1.43611995037 0.316474827184 -0.0280183323208 -0.019786673058
0.598984868841 -0.301830252065 0.0305208960607 0.0206369581156
1.39213432454 0.310823551402 -0.0327068094067 -0.0212587795628
0.603171439842 -0.34033706636 0.0346873264065 0.0217385179891
1.42323220439 0.457868129712 -0.0365317850768 -0.0221241389519
0.448159886598 0.815797176392 0.0382881699043 0.0224444563122
0.241873630913 1.24786448448 -0.0399928920673 -0.0227178669031
-0.30680804462 0.718009253921 0.0416760683215 0.0229567111664
0.344244067001 1.31558743846 -0.0433647603304 -0.0231696199267
-0.389565463514 0.637451587344 0.0450852804927 0.0233628565914
0.476613962738 1.45268594666 -0.0468651448717 -0.0235411250866
-0.804865224178 0.215893057448 0.0487350545391 0.0237080785581
-0.350785576117 0.630840672983 -0.0507312459382 -0.0238666534135
-0.532407411625 0.485423364457 0.0528986232314 0.0240192982475
-0.620194659628 0.358739379457 -0.0552952905602 -0.0241681384263
0.101118589703 1.13365560437 0.0579995285126 0.024315101533
0.0152061938342 0.95009095807 -0.0611211241324 -0.0244620203335
-0.109897930988 1.06310103609 0.0648207856554 0.024610725378
0.536638629605 0.547230783904 -0.0693454606159 -0.0247631373625
1.15440194537 -0.250578926711 0.0750973382259 0.024921369333
0.881987798998 0.207693850623 -0.0827813010935 -0.0250878506979
1.13057764839 -0.194696710605 0.093759472997 0.0252654894082
0.824728161467 0.188833386179 -0.111056371304 -0.0254578969632
1.26126403666 -0.183838269699 0.143022299926 0.0256697160196
0.58078707365 0.175638057147 -0.224325940708 -0.0259071182813
1.38755937261 -0.156648510362 0.906406408877 0.0261785936118
-6.84053796317 0.0955560683184 0.273774431947 -0.0264962579393
-3.22818160581 0.624813514953 -0.0899469104462 0.0268781339259
0.078500974622 0.559259626392 0.0399836887875 -0.0273523749998
-1.76438067695 -0.491546399717 -0.0161445424373 0.0279656919041
-0.380721686953 1.32193031975 0.001691017726 -0.0288018377032
-1.53711438433 -1.04711011387 0.00857649523434 0.0300276478108
-0.51294899458 0.0338176208629 -0.0170884210559 -0.0320304125295
-1.46512360085 -0.10311481455 0.0259839473339 0.035962395607
0.348734633624 -0.792933508749 -0.0414497430949 -0.0474746648521
-0.347774434721 -0.242959303448 0.996207677342 0.998972844211
