5.71426607505 4.9008051908 0.228767836203 0.245833145095
1.03580155396 0.00757127450169 -0.0779105613921 -0.0947455468692
1.0134913527 -0.574146350874 0.0386272839182 0.0552259738017
0.959732552889 -0.470971921719 -0.0205014048749 -0.0368545286122
1.05753144317 -0.51218743638 0.0100403912234 0.0261348737634
0.932207573225 0.434567242312 -0.0032199492044 -0.0190381481304
1.06794830633 0.483184535219 -0.00157909439671 0.0139394906291
0.961450119068 0.661577409881 0.00513100433534 -0.0100573056201
0.737945449149 1.17951782311 -0.00784893555847 0.00696866760932
-0.294675058409 0.856425559328 0.00996857940432 -0.0044244082462
0.26528203208 1.13031233275 -0.011627311123 0.00226786147141
-0.272703698441 0.875368697409 0.0129001075588 -0.000395255485397
0.296571402 1.12087337186 -0.0138135934312 -0.00126520376413
-0.34025525027 0.888729862104 0.0143440253664 0.00276511106945
0.460548170978 1.04103121639 -0.0143937713573 -0.00414285865431
0.635094378842 -0.210462339046 0.0137187675476 0.00542798947056
1.46002457138 0.232436348729 -0.0116979163471 -0.00664402338207
0.390276237843 -0.303241145074 0.00638237134226 0.00781037088693
1.9248495229 0.853859039334 0.0124890324179 -0.00894368994093
-2.05487163782 -0.192577335139 0.725920645074 0.0100589023247
-4.39606986017 -0.58811091178 -0.0633230378799 -0.0111700096904
0.527668554917 0.857335730947 0.0473517724827 0.0122908082015
-0.19365254336 1.11266240607 -0.042552661265 -0.0134355809901
-0.605341708134 0.801939306097 0.0406881907386 0.0146198434597
-0.852981636098 0.465586096524 -0.0400564501632 -0.0158612265242
-0.338223800071 0.460567993434 0.0400950281788 0.0171806101899
-0.530270392097 0.613642042702 -0.0405770020883 -0.018603673053
-0.900463479496 -0.00182000931434 0.04140782463 0.0201631204213
-1.04275559888 0.0146224230599 -0.0425594259737 -0.0219020318993
-1.02838894943 -0.0025285768309 0.0440475394964 0.0238791056921
-0.403728782095 -0.511102358485 -0.0459275182551 -0.0261772408813
-0.637985519057 -0.505922860744 0.0483026679346 0.028918284583
0.113365213969 -0.885915698395 -0.0513476116945 -0.0322898664798
0.551539164694 -0.486350739545 0.0553586617598 0.0365977632658
0.50563312716 -0.431786193234 -0.0608642473184 -0.0423775305172
1.04420044979 -0.64815963062 0.0688915816473 0.0506619303805
1.03308070495 -0.0406368251257 -0.0817200434765 -0.0637348139745
0.912548449506 -0.0602169860956 0.105602821844 0.0878531107986
1.16814200378 -0.68611450166 -0.166068594359 -0.148548755717
0.351239678944 0.0494604788968 0.631061768985 0.613769121283
