16.0 6.0 -4.33257765707e-17 3.52021934637e-17
0.638530641839 -0.173563253424 0.00938186661878 0.0123826178158
1.3522526329 0.199979008136 -0.0109951534907 -0.0164756780662
0.661626077271 -0.231449913777 0.0109467650067 0.0185347976164
1.28972558364 0.300264353837 -0.0103644177974 -0.019786673058
-0.452645870074 0.8366111266 0.00958500325489 0.0206369581156
0.449166221279 1.20860375737 -0.00873204878769 -0.0212587795628
-0.545434545332 0.769158572086 0.00785489862225 0.0217385179891
-0.688761734531 1.24687502891 -0.00697291995875 -0.0221241389519
-1.40152251034 0.739944420573 0.00609207680434 0.0224444563122
-0.415338195004 1.27137527557 -0.00521183528847 -0.0227178669031
-0.299006076508 0.71903653467 0.00432822058682 0.0229567111664
0.581647620907 1.28820332489 -0.00343518083372 -0.0231696199267
0.609645378123 0.708940462509 0.00252513372939 0.0233628565914
0.00570436473522 1.28331571528 -0.00158907082005 -0.0235411250866
-0.0427347231299 0.759423863992 0.000616376927065 0.0237080785581
-0.213725968624 0.958397467518 0.000405585536088 -0.0238666534135
-1.08939614189 -0.253302480071 -0.00149214419187 0.0240192982475
0.695558045646 1.85961782841 0.00266231112386 -0.0241681384263
-1.05770238446 -0.227023238984 -0.00394025074169 0.024315101533
-0.120170561785 1.05820330347 0.00535747884616 -0.0244620203335
-0.766666132373 0.0425704302554 -0.00695624367826 0.024610725378
-0.340647824011 0.86588765949 0.00879489912097 -0.0247631373625
-0.503325818239 0.27053616627 -0.0109567893578 0.024921369333
-1.11771307338 0.132748664589 0.0135656516795 -0.0250878506979
-0.970375762439 -0.251391568898 -0.0168138930165 0.0252654894082
-0.995004607265 0.325316489296 0.021018313187 -0.0254578969632
-1.01661515118 -0.389383944106 -0.0267403094025 0.0256697160196
-0.987351609913 0.459339492297 0.0350782663703 -0.0259071182813
-0.993100712091 -0.553557674654 -0.0485096222502 0.0261785936118
-1.04775313414 0.721862507045 0.074036174667 -0.0264962579393
-0.879413610493 -1.6296739858 -0.142125628307 0.0268781339259
-0.759302261812 0.918941610752 0.908173526525 -0.0273523749998
5.36776834173 -6.62023019969 0.22969572921 0.0279656919041
2.15955330429 -1.1922119534 -0.107177391383 -0.0288018377032
0.409837693728 0.47419012668 0.0727416569845 0.0300276478108
0.564655948253 -1.11635775905 -0.0576310706948 -0.0320304125295
0.437657288069 -0.0646911354784 0.0514144632566 0.035962395607
1.47972748475 0.0823573058548 -0.056140620847 -0.0474746648521
-0.389592120609 -0.115936559746 1.00272970499 0.998972844211
