6.94500413696 15.5269150678 0.140885425841 0.140885425841
-0.353522097018 0.592557442232 -0.0538003035115 -0.0538003035115
0.663006285448 1.41957116938 0.027992846759 0.027992846759
0.856683705518 0.569539463586 -0.0155049531587 -0.0155049531587
1.21171271093 1.44883721388 0.00806738530174 0.00806738530174
0.754422746126 -0.344233462623 -0.00308071452521 -0.00308071452521
1.27179599973 0.408567821174 -0.000533353403678 -0.000533353403678
0.702008987495 -0.434205671597 0.0033029534943 0.0033029534943
1.32929045173 0.458819543831 -0.00551751559194 -0.00551751559194
0.626476856522 -0.493494769021 0.00734918847405 0.00734918847405
0.619207630188 -0.273564419241 -0.00890702442267 -0.00890702442267
0.298137888371 -0.790993208677 0.0102637019769 0.0102637019769
0.758092019555 -0.182402136902 -0.0114697687103 -0.0114697687103
0.18598388287 -0.806936749058 0.0125617224591 0.0125617224591
0.890458818821 -0.819993028862 -0.013566842725 -0.013566842725
-0.0537997388935 -1.26137544 0.014506214049 0.014506214049
0.258891532976 -0.702583883954 -0.0153966995947 -0.0153966995947
-0.678799477901 -1.31296322855 0.016252285216 0.016252285216
-0.305504943793 -0.704200339514 -0.0170850387073 -0.0170850387073
-0.738558217164 -0.662975712473 0.0179058342759 0.0179058342759
-1.01754674978 0.569467975913 -0.0187249403165 -0.0187249403165
-1.05833453397 -0.755726190512 0.0195525406985 0.0195525406985
-0.900008168743 -0.278351962517 -0.0203992469357 -0.0203992469357
-1.12762970451 -0.247765161348 0.0212766568857 0.0212766568857
-0.855629224361 0.343369133662 -0.0221980245161 -0.0221980245161
-1.1209042027 -1.27735968551 0.0231791274333 0.0231791274333
0.275482918676 -0.621180117295 -0.0242394613449 -0.0242394613449
-0.348990913132 -1.47733223843 0.025403968069 0.025403968069
0.87349311391 0.0106098164642 -0.0267056461297 -0.0267056461297
0.144456080812 -0.995726875628 0.0281896633176 0.0281896633176
0.953334982633 0.0938480422439 -0.0299201277681 -0.0299201277681
0.938382260941 -0.200817698473 0.0319918043258 0.0319918043258
1.09737755107 0.234031974455 -0.0345516133786 -0.0345516133786
0.888055914847 -0.244881717651 0.0378410226694 0.0378410226694
1.11064417718 0.238464223125 -0.0422876442392 -0.0422876442392
0.920281195466 -0.2003647452 0.0487287063762 0.0487287063762
0.895783577076 0.00557369241317 -0.059057919022 -0.059057919022
0.0394426026292 -1.05102396983 0.0786636250583 0.0786636250583
1.50684335592 0.547491207691 -0.131405960915 -0.131405960915
-0.12219007911 -0.493878041591 0.81377145957 0.81377145957
