7.0 13.0 -1.3714519716e-16 0.0
2.01593575061 2.37219765176 -0.0771659335994 -0.0773510129099
0.119242285773 -2.90259796903 0.0949312435931 0.0933900615642
1.69075713382 1.18322159491 -0.0895506967573 -0.0853615328236
0.52435117727 -1.36608104913 0.0712760353104 0.0649691986795
1.26616252336 -0.384325626976 -0.0458954950415 -0.0394553283386
0.910393244819 -0.0915669815185 0.0179981537087 0.0143802258003
0.964897884296 -0.0475819357251 0.00841618469616 0.00615161852257
1.10073727305 0.146418130131 -0.0299495126986 -0.0196823665576
0.887482915543 -0.151747583427 0.0439799104017 0.0254895289727
1.08615434562 0.0506845964051 -0.0488464376711 -0.0244232188356
0.956348697462 0.23909056286 0.0439799104017 0.018490381429
1.00778329269 1.04156861879 -0.0299495126986 -0.010267146141
1.00351211603 -0.0690414244079 0.00841618469616 0.00226456617359
1.01837553337 -0.0797298330665 0.0179981537087 0.00361792790843
0.929702742434 0.101449333133 -0.0458954950415 -0.00644016670282
1.13739087514 -0.00620551432892 0.0712760353104 0.00630683663085
0.804647087381 -0.384123167982 -0.0895506967573 -0.00418916393371
1.21389911272 -0.967056498919 0.0949312435931 0.00154118202894
0.840424741276 0.118200631726 -0.0771659335994 0.000185079310501
1.0 -1.0 3.26536183713e-18 1.63268091857e-18
0.654756047259 -0.563051100817 0.961031078638 -0.00230499342272
-3.61875733209 2.65537732037 0.373432427064 0.00606257038076
-2.02513121857 2.11771635974 -0.211330134 -0.0098859819914
0.360025298536 0.57870099309 0.136106623313 0.0120433499686
-1.41432782867 1.21059733054 -0.0781230981496 -0.0109624218013
-0.905670179303 0.923795960879 0.0285765131774 0.0057443539056
-0.991136521034 0.965065368643 0.0127893329742 0.00344126131754
-0.239971992691 1.11835079975 -0.0442937283206 -0.015184560309
-0.31811754126 0.873724807729 0.0640841449553 0.0269427625693
-1.52119593302 0.783985938965 -0.0708384843897 -0.0354192421948
-0.381737495796 -0.234631871219 0.0640841449553 0.0371413823859
-0.162874417131 1.47755577952 -0.0442937283206 -0.0291091680116
-1.00945897617 0.875720424614 0.0127893329742 0.00934807165666
-0.12296955675 0.730574294954 0.0285765131774 0.0228321592718
-0.423332804506 1.7210688659 -0.0781230981496 -0.0671606763483
-1.65432050487 -0.20401688126 0.136106623313 0.124063273345
-0.230679548692 2.68401806779 -0.211330134 -0.201444152009
-1.78200428784 -1.18387535266 0.373432427064 0.367369856683
1.24988253052 2.07831406415 0.961031078638 0.963336072061
