13.0 6.0 2.16201325848e-16 2.16201325848e-16
9.41823578339 4.56102380803 -0.217285719563 -0.217285719563
1.6989206136 1.28914147572 -0.0259835809839 -0.0259835809839
-2.23965336191 -0.227251876293 0.131120357848 0.131120357848
-0.613141685154 0.701588254879 0.0352538503838 0.0352538503838
1.55581206529 1.72714657491 -0.0918272163877 -0.0918272163877
0.666610707881 1.30335319383 -0.0401952990971 -0.0401952990971
-1.12036611082 0.502127104372 0.0684382411206 0.0684382411206
-0.707203860833 0.69344915891 0.0433929463529 0.0433929463529
0.855715422015 1.36038263856 -0.0522643316833 -0.0522643316833
0.760569663739 1.30888647499 -0.045728580249 -0.045728580249
-0.68499788663 0.73535366083 0.0398882640476 0.0398882640476
-0.868675171051 0.689252470733 0.0475896345297 0.0475896345297
0.61551188604 1.19092849728 -0.0296651319808 -0.0296651319808
1.49074115022 1.31233587911 -0.0491779843751 -0.0491779843751
0.690505365658 0.870323206191 0.0206732247631 0.0206732247631
-0.186678823008 0.686227095505 0.0506150097582 0.0506150097582
0.0983244871204 1.07549561842 -0.0123169976045 -0.0123169976045
0.50178367835 1.31514326818 -0.051985373439 -0.051985373439
-0.0437857739189 0.975143990816 0.00414503370385 0.00414503370385
-0.596055328518 0.683482774594 0.053359330669 0.053359330669
-0.0495709486554 0.975033668565 0.00425535595474 0.00425535595474
0.662981531266 1.31796578076 -0.0548078860276 -0.0548078860276
0.168141559518 1.07652369381 -0.0133450729976 -0.0133450729976
-0.749758625738 0.680423801965 0.0564183032986 0.0564183032986
-0.343727186579 0.867253135489 0.0237432954652 0.0237432954652
1.01159213637 1.32147568117 -0.0583177864349 -0.0583177864349
1.30663604096 1.197686584 -0.0364232186977 -0.0364232186977
0.271449593925 0.676121043898 0.060721061365 0.060721061365
-0.239037391805 0.722094073755 0.0531478511229 0.0531478511229
0.417181254403 1.32720475634 -0.0640468616055 -0.0640468616055
0.564797624805 1.38576460887 -0.0776463020008 -0.0776463020008
-0.522203394924 0.667573283342 0.0692688219208 0.0692688219208
-0.897950702346 0.450906891159 0.119658454333 0.119658454333
0.572063069927 1.34250283311 -0.0793449383704 -0.0793449383704
1.42517284987 1.8510493943 -0.215730035776 -0.215730035776
-0.60668007312 0.627145274067 0.109696831196 0.109696831196
-2.5922607829 -0.825001748262 0.728870229817 0.728870229817
0.638608825823 0.267253814681 0.995904080056 0.995904080056
8.35460232405 3.738542791 0.605195297462 0.605195297462
