10.0 24.0 -9.51619735393e-18 -9.51619735393e-18
2.1941394832 3.39699187732 -0.065274066465 -0.065274066465
0.0773881743584 -3.09317941858 0.0826840358104 0.0826840358104
1.09467450032 2.12154319977 -0.0825748769302 -0.0825748769302
-0.224809042657 -3.00276354323 0.0726962057638 0.0726962057638
1.33997937875 1.7799658228 -0.0568941875269 -0.0568941875269
-0.466317441138 -2.50176772337 0.0379733699956 0.0379733699956
0.112197317996 -0.297016877247 -0.0183199571557 -0.0183199571557
-1.0 -1.0 1.23777592385e-17 1.23777592385e-17
-1.14325377321 -1.65049642584 0.015292134507 0.015292134507
-0.893023043994 0.85449061334 -0.026318230073 -0.026318230073
-0.494653942219 -1.78361431954 0.0323661409913 0.0323661409913
-0.196316160415 0.487013066999 -0.0332826241756 -0.0332826241756
-1.04146092689 -1.02853264603 0.0294589944742 0.0294589944742
0.175120208899 -0.558620516422 -0.0217678317245 -0.0217678317245
-1.17344812393 -1.27677649283 0.011455450694 0.011455450694
9.13554945977e-16 -1.0 1.00731185443e-17 1.00731185443e-17
0.175085908631 -0.697727156815 -0.011051161029 -0.011051161029
0.378011869033 -1.57748446968 0.0202489172187 0.0202489172187
1.59864401974 -0.210281955548 -0.0263982196614 -0.0263982196614
0.429720185095 -1.9284520538 0.028686913652 0.028686913652
1.48952194536 0.107737397254 -0.0267748595667 -0.0267748595667
0.642119103345 -0.47674597464 0.0208345562848 0.0208345562848
1.1884128622 0.303256445144 -0.011539283596 -0.011539283596
1.0 -1.01506105109e-16 2.61514459426e-18 2.61514459426e-18
0.814481773914 -0.374701240077 0.0123426410647 0.0123426410647
1.34583982611 0.812932538363 -0.0238602497832 -0.0238602497832
0.539427503746 -1.6911696721 0.0328981842676 0.0328981842676
1.51337183417 0.48316842061 -0.0379398634276 -0.0379398634276
0.506329928135 -1.16294107189 0.0377563634522 0.0377563634522
1.39783436428 -0.24118419629 -0.031524137368 -0.031524137368
0.770360479161 -0.310193679194 0.0188946858527 0.0188946858527
1.0 -1.62409768174e-15 3.10503900083e-19 3.10503900083e-19
1.27403323612 0.564986878562 -0.0246276413149 -0.0246276413149
0.429036014912 -1.92629574314 0.0542664384286 0.0542664384286
1.86721584814 1.18815977647 -0.0884819795301 -0.0884819795301
-0.140502357987 -2.10953149165 0.128398834498 0.128398834498
2.37681613867 2.97642767751 -0.181615595985 -0.181615595985
-0.610330676876 -2.07872236565 0.300332236328 0.300332236328
1.3686392993 3.18723960513 0.974515804886 0.974515804886
