12.0 17.0 0.0 0.0
1.90026721701 1.98777421156 -0.076300135639 -0.0773510129099
-1.01912940555 -3.59945561928 0.0896213643916 0.0933900615642
2.57523005144 1.04173239802 -0.078387327201 -0.0853615328236
-0.338123396682 -2.39253455868 0.0558804635509 0.0649691986795
0.374105219733 -0.254701392061 -0.030840821903 -0.0394553283386
-0.0825698071542 -1.19896023629 0.0097492839485 0.0143802258003
0.915209318888 -0.133404133478 0.00333211371466 0.00615161852257
0.453966535209 -0.351098521936 -0.00712204352452 -0.0196823665576
0.0478947502609 -1.75104554517 0.0031074271218 0.0254895289727
1.74012370442 0.0153758798192 0.00498854587033 -0.0244232188356
0.43785196048 -0.20614231723 -0.0121929892254 0.018490381429
1.33867576079 0.110592199488 0.0135274713406 -0.010267146141
0.914140278779 -0.0177677066762 -0.00524360575879 0.00226456617359
0.832611702595 -0.00874463479356 -0.0142197191369 0.00361792790843
1.39188549565 -0.0471720946932 0.0437688562733 -0.00644016670282
0.438068907859 0.168093118054 -0.0797828981669 0.00630683663085
1.65456008448 -0.310032376657 0.116811366008 -0.00418916393371
0.358086365808 0.40900840056 -0.148692120137 0.00154118202894
1.46059826209 -0.376110196018 0.169846733368 0.000185079310501
-1.04491578788e-16 0.0 1.0 1.63268091857e-18
-7.59129868799 4.85956738886 0.167356660635 -0.00230499342272
-3.9049243643 1.67346007624 -0.144170731785 0.00606257038076
1.66356350924 -0.375663651076 0.11111454795 -0.0098859819914
0.0311961804654 1.66125113405 -0.0740463848292 0.0120433499686
0.225342705991 0.695021454362 0.0392466011748 -0.0109624218013
-0.0842114724452 1.09143151442 -0.0120932931397 0.0057443539056
-0.0184483097949 1.04448924329 -0.00406691061484 0.00344126131754
-0.702796820844 0.153482745614 0.00861005717262 -0.015184560309
-0.739969356287 0.30784171346 -0.00374060808506 0.0269427625693
0.230727008409 1.66661495378 -0.00600747748896 -0.0354192421948
-1.75195360523 0.163386229805 0.014759280535 0.0371413823859
-0.535244330364 0.287520737322 -0.0165488449785 -0.0291091680116
-1.12693286256 -0.110274797445 0.00652856684875 0.00934807165666
-1.27147468656 -0.281924830269 0.01820121742 0.0228321592718
-0.296175168026 0.826403802362 -0.0585461699126 -0.0671606763483
-2.12643680195 -1.45334998972 0.114974538216 0.124063273345
0.481431420555 2.07522979437 -0.194469946386 -0.201444152009
-2.65266272677 -2.59782119191 0.363601159511 0.367369856683
2.18858006823 2.93380915089 0.964386949332 0.963336072061
