9.43327812035 11.4919120492 0.0463875480774 0.0463875480774
-0.111092470189 0.677731759614 -0.0103989467788 -0.0103989467788
-0.00106521252562 1.3613533134 -0.00111723372709 -0.00111723372709
-1.11534708377 0.594275646807 0.00684194917684 0.00684194917684
0.453422204971 1.48571217455 -0.0103001946599 -0.0103001946599
-0.662072417706 0.194969064797 0.0126395740335 0.0126395740335
-0.628147115038 0.633843228038 -0.0143455484586 -0.0143455484586
0.631515616238 0.880740560739 0.0156589352274 0.0156589352274
0.570752085907 1.19815540852 -0.0167129040466 -0.0167129040466
0.282636749635 0.80416582052 0.0175872028437 0.0175872028437
1.45290153478 0.5998958989 -0.0183326223359 -0.0183326223359
0.60220862709 -0.507194374967 0.0189831627012 0.0189831627012
1.38214478588 1.34349290687 -0.0195625613459 -0.0195625613459
0.615983799871 -0.358503158808 0.0200880169573 0.0200880169573
1.39979260325 0.463719740472 -0.0205724263475 -0.0205724263475
0.565716754027 -0.630939754851 0.0210257900952 0.0210257900952
1.50947443801 -0.35982664757 -0.0214561338237 -0.0214561338237
0.229798458168 -0.650120859606 0.021870138302 0.021870138302
0.704407373017 -0.346282401207 -0.0222735913815 -0.0222735913815
0.329999349823 -0.647437982597 0.0226717314462 0.0226717314462
0.629336130723 -0.377704830736 -0.0230695282615 -0.0230695282615
0.460144757343 -0.542275931888 0.023471934424 0.023471934424
-0.0610601610737 -1.05311523882 -0.0238841349603 -0.0238841349603
-0.0380936898946 -1.04813902624 0.0243118222717 0.0243118222717
0.0874059079987 -0.904529069604 -0.0247615284766 -0.0247615284766
-0.120095894005 -1.11944245077 0.0252410587255 0.0252410587255
0.149920279082 -0.87537682953 -0.0257600909297 -0.0257600909297
-0.205508713859 -1.08826402036 0.0263310471927 0.0263310471927
-0.809216717265 0.105021443082 -0.0269704156766 -0.0269704156766
-0.0038291262226 -1.26081481744 0.0277008415873 0.0277008415873
-0.11140270115 -0.809441668659 -0.0285545854569 -0.0285545854569
-1.26574076641 -0.969736940952 0.0295795386052 0.0295795386052
-0.777451867548 0.411806396548 -0.030850331031 -0.030850331031
-1.21308057621 -0.342831855915 0.0324904075322 0.0324904075322
-0.78735583297 0.280423672084 -0.0347202189329 -0.0347202189329
-1.21743674197 0.195511638079 0.0379764489439 0.0379764489439
-0.769967748451 1.62141645105 -0.0432642620011 -0.0432642620011
-1.27054580536 -0.301498188289 0.0535306571714 0.0535306571714
0.0307342110781 1.22321821408 -0.0827405176714 -0.0827405176714
-0.120505006077 -0.211098640853 0.945492529128 0.945492529128
