11.0 11.0 -3.416070845e-17 -5.69345140833e-18
0.324706083856 1.26819608092 -0.0147511465941 -0.0126987193734
-1.32421103501 0.714082764721 0.021210638948 0.0170394541689
0.308566613721 1.33327596096 -0.0256383805369 -0.0192511077136
-1.27715684034 -0.251468095832 0.0293421669285 0.0206049999974
0.226505414167 1.1338550784 -0.0327940724933 -0.021528612988
-1.1465158609 0.797380371113 0.0362347681454 0.0222061391504
-0.00176846123952 1.2341195832 -0.0398307232414 -0.0227300593561
-0.0911792814227 0.732943604529 0.04373377072 0.0231519577695
0.0713242104577 1.33688134947 -0.048115727253 -0.0235029277516
0.573086239726 -0.0126488412798 0.053201915818 0.023802875328
1.31062964582 0.152763053048 -0.059319457356 -0.0240651832856
0.713824165406 -0.197410759375 0.0669838664783 0.0242992296542
1.26734300734 0.234623763724 -0.0770768805418 -0.0245118320896
0.786279424985 -0.305886036475 0.091260863516 0.0247081193806
0.72760766978 0.80985303046 -0.113109613989 -0.0248920813543
-0.521371947788 0.963655858398 0.151993913382 0.0250669307312
0.516893674826 1.07698410123 -0.24291656289 -0.0252353516641
-0.586196883041 0.69014028705 0.724199291089 0.0253996788933
0.99944264498 -1.60354975722 0.579053685627 -0.0255620347504
0.617445604451 -2.85042532131 -0.186999399216 0.0257244420801
1.54719075784 0.415355383171 0.103178005668 -0.0258889263018
0.0232120542384 -1.02666871056 -0.0662538823292 0.026057617748
0.777799278745 -0.202815793615 0.0452174738119 -0.0262328654719
0.367948559315 -0.618504940841 -0.0314516331362 0.0264173759163
0.497596191943 -0.546461918704 0.0216074808179 -0.026614394861
0.656278592381 -0.267625607613 -0.0141094446456 0.0268279605161
0.0277609283655 -1.08915456992 0.008115901232 -0.0270632728502
-0.208398186398 -1.02265865861 -0.00313315867449 0.0273272560562
0.464132052556 -0.929142467032 -0.00115146112365 -0.0276294519257
0.699541298397 -1.09651618619 0.00495082674702 0.0279835040757
0.188051175432 -0.890042236953 -0.00842219666197 -0.0284097532263
0.923072573729 -1.11323218367 0.011695245359 0.0289400600007
-0.10480745389 -0.8991018518 -0.0148953962122 -0.0296274663537
0.0779500006857 -1.03177000943 0.0181735767156 0.0305675057107
1.11845839803 0.184395721739 -0.021765140491 -0.0319516796148
-0.268107794648 -1.30595883178 0.0261548751943 0.0342288041485
0.241726748865 -0.743260366181 -0.0327312426668 -0.0387566747277
-0.24626991453 -1.23332613875 0.0484528246015 0.0524666014946
0.260072187639 0.287328419207 1.00098648053 0.99897290848
