11.2954066078 5.29649698286 0.124357347884 0.124357347884
0.835681661045 -0.136419828024 -0.0465496018039 -0.0465496018039
1.19156622168 0.107885610318 0.0231456066618 0.0231456066618
0.792600673083 -0.0873689525439 -0.0117629979388 -0.0117629979388
1.22048135317 0.0685035423575 0.00496572276495 0.00496572276495
0.763550400977 -0.0455867280365 -0.000400801248046 -0.000400801248046
1.26915252179 0.00393024944117 -0.00291140082762 -0.00291140082762
0.570041068987 0.169837656218 0.00545183133335 0.00545183133335
0.0619881578649 1.17545113179 -0.00748450148936 -0.00748450148936
-0.0593583570388 0.879956634083 0.00916663895575 0.00916663895575
-0.556450072278 1.10068117787 -0.0105979426602 -0.0105979426602
-0.504047110992 0.888393085209 0.0118449118346 0.0118449118346
-0.503622188678 0.151178757975 -0.0129538288559 -0.0129538288559
-0.414050655663 1.15841814329 0.0139581330042 0.0139581330042
-1.04418548964 0.464968851167 -0.014882832681 -0.014882832681
-0.473924638136 0.485866549815 0.0157472685935 0.0157472685935
-0.452212983763 0.518157675891 -0.0165669188244 -0.0165669188244
-1.36142725977 0.499778163521 0.0173546290927 0.0173546290927
-0.67932755952 0.443648858262 -0.0181214915743 -0.0181214915743
-1.30742854793 0.838411427599 0.0188775093762 0.0188775093762
-0.691453966516 1.25229957117 -0.0196321364047 -0.0196321364047
-1.33754141381 0.162175224806 0.0203947569906 0.0203947569906
0.0479352785912 0.797091252764 -0.0211751580107 -0.0211751580107
-1.02131933224 0.158317637036 0.0219840448252 0.0219840448252
0.170176961434 1.08997295461 -0.0228336607254 -0.0228336607254
0.0960923434378 0.638989768964 0.0237385902642 0.0237385902642
1.41977230034 -0.156474713949 -0.0247168663876 -0.0247168663876
0.624822508681 0.135999940304 0.0257915733995 0.0257915733995
1.37328193687 -0.901757411653 -0.0269932704425 -0.0269932704425
0.604435018876 -0.00492893416744 0.0283638121667 0.0283638121667
1.46408394945 -0.0861802062002 -0.0299626444076 -0.0299626444076
0.16653391252 0.41623981652 0.0318777083108 0.0318777083108
0.749524458425 1.12059237686 -0.0342454716833 -0.0342454716833
0.898497715701 0.969274996743 0.0372904836761 0.0372904836761
1.17546853764 0.155241051666 -0.0414109999446 -0.0414109999446
0.789002337115 -0.0563984965008 0.0473884122849 0.0473884122849
1.23682903585 0.00298452143874 -0.0569957016241 -0.0569957016241
0.73459610525 0.0833545744472 0.0753047087293 0.0753047087293
1.32229148109 -0.656558199575 -0.125042434478 -0.125042434478
-0.0419310568091 -0.379020459031 0.839300801651 0.839300801651
