19.0 6.0 2.16201325848e-16 2.16201325848e-16
11.8000005488 4.56102380803 -0.217285719563 -0.217285719563
-0.0459010782026 1.28914147572 -0.0259835809839 -0.0259835809839
-4.54083473734 -0.227251876293 0.131120357848 0.131120357848
-0.969085795201 0.701588254879 0.0352538503838 0.0352538503838
1.99481558703 1.72714657491 -0.0918272163877 -0.0918272163877
0.0244172647301 1.30335319383 -0.0401952990971 -0.0401952990971
-2.37942689845 0.502127104372 0.0684382411206 0.0684382411206
-1.11460438489 0.69344915891 0.0433929463529 0.0433929463529
1.05704012494 1.36038263856 -0.0522643316833 -0.0522643316833
0.238560834815 1.30888647499 -0.045728580249 -0.045728580249
-1.85268026668 0.73535366083 0.0398882640476 0.0398882640476
-1.39928620991 0.689252470733 0.0475896345297 0.0475896345297
0.697072299819 1.19092849728 -0.0296651319808 -0.0296651319808
0.608871465297 1.31233587911 -0.0491779843751 -0.0491779843751
-1.55604212992 0.870323206191 0.0206732247631 0.0206732247631
-1.91343195881 0.686227095505 0.0506150097582 0.0506150097582
0.413218704635 1.07549561842 -0.0123169976045 -0.0123169976045
1.68851893156 1.31514326818 -0.051985373439 -0.051985373439
-0.138023557804 0.975143990816 0.00414503370385 0.00414503370385
-2.04567507981 0.683482774594 0.053359330669 0.053359330669
-1.10987811164 0.975033668565 0.00425535595474 0.00425535595474
0.734390559315 1.31796578076 -0.0548078860276 -0.0548078860276
0.280067312296 1.07652369381 -0.0133450729976 -0.0133450729976
-1.48961248758 0.680423801965 0.0564183032986 0.0564183032986
-1.40467411627 0.867253135489 0.0237432954652 0.0237432954652
0.268228599998 1.32147568117 -0.0583177864349 -0.0583177864349
0.489912956511 1.197686584 -0.0364232186977 -0.0364232186977
-1.04270258625 0.676121043898 0.060721061365 0.060721061365
-1.50651863174 0.722094073755 0.0531478511229 0.0531478511229
-0.284393685337 1.32720475634 -0.0640468616055 -0.0640468616055
-0.124938803977 1.38576460887 -0.0776463020008 -0.0776463020008
-1.71160694518 0.667573283342 0.0692688219208 0.0692688219208
-1.74125776051 0.450906891159 0.119658454333 0.119658454333
0.939353007899 1.34250283311 -0.0793449383704 -0.0793449383704
1.82700806223 1.8510493943 -0.215730035776 -0.215730035776
-2.05083665762 0.627145274067 0.109696831196 0.109696831196
-4.93666075036 -0.825001748262 0.728870229817 0.728870229817
1.09111199466 0.267253814681 0.995904080056 0.995904080056
13.2581159579 3.738542791 0.605195297462 0.605195297462
