12.833803063 14.7272711864 0.124357347884 0.124357347884
-1.30247843547 -0.162265047868 -0.0465496018039 -0.0465496018039
-0.363965628817 -0.171015968029 0.0231456066618 0.0231456066618
-0.568511832727 -0.857542879264 -0.0117629979388 -0.0117629979388
-1.02687819518 -0.118666663247 0.00496572276495 0.00496572276495
-0.335253334619 -1.59814573717 -0.000400801248046 -0.000400801248046
0.383768676398 -0.461420973092 -0.00291140082762 -0.00291140082762
0.566028777606 -1.52389440221 0.00545183133335 0.00545183133335
0.392769367781 -0.464293397257 -0.00748450148936 -0.00748450148936
1.09017896125 -1.59344608013 0.00916663895575 0.00916663895575
0.96602852289 0.234414690605 -0.0105979426602 -0.0105979426602
1.0525432708 -0.463351043654 0.0118449118346 0.0118449118346
0.800453294823 0.654610746712 -0.0129538288559 -0.0129538288559
0.252101971986 0.289476341161 0.0139581330042 0.0139581330042
0.721945979939 0.685476233502 -0.014882832681 -0.014882832681
0.300868050527 0.814434181151 0.0157472685935 0.0157472685935
0.668569283141 1.28501230427 -0.0165669188244 -0.0165669188244
0.389706930161 -0.161573123373 0.0173546290927 0.0173546290927
0.416998395571 1.32277053134 -0.0181214915743 -0.0181214915743
-0.378459151209 0.641817931097 0.0188775093762 0.0188775093762
0.355560467773 1.38857785166 -0.0196321364047 -0.0196321364047
-0.320054740759 0.575449048692 0.0203947569906 0.0203947569906
-0.383628617303 1.47980501859 -0.0211751580107 -0.0211751580107
-0.673160740393 0.386343392224 0.0219840448252 0.0219840448252
-0.321761174625 0.722117931111 -0.0228336607254 -0.0228336607254
-0.626183681994 0.227551830312 0.0237385902642 0.0237385902642
-0.831838428017 0.807377510304 -0.0247168663876 -0.0247168663876
-1.24474297658 0.170743249556 0.0257915733995 0.0257915733995
-0.721301937264 0.14880218897 -0.0269932704425 -0.0269932704425
-1.30150793918 0.671212489324 0.0283638121667 0.0283638121667
-0.678368471179 0.170019183599 -0.0299626444076 -0.0299626444076
-1.34351372168 -0.234335222071 0.0318777083108 0.0318777083108
-0.627631316765 0.30708880521 -0.0342454716833 -0.0342454716833
-1.42290165025 -0.96862410801 0.0372904836761 0.0372904836761
0.307698011246 -0.857445450371 -0.0414109999446 -0.0414109999446
-0.461332214762 -1.17825978439 0.0473884122849 0.0473884122849
0.784047953355 -0.812559950203 -0.0569957016241 -0.0569957016241
0.20395177788 -1.17888107144 0.0753047087293 0.0753047087293
0.827050216518 -0.866454102896 -0.125042434478 -0.125042434478
0.130039514064 -0.421176364511 0.839300801651 0.839300801651
