12.0 13.0 -3.80647894157e-17 -9.51619735393e-18
2.67724654184 1.78211548475 -0.0657957316456 -0.065274066465
-0.722400144848 -1.66266871404 0.082896403436 0.0826840358104
2.78169569976 1.52794276782 -0.0818795707825 -0.0825748769302
-1.3615087572 -1.63146693219 0.0708657466203 0.0726962057638
0.0449816542704 -0.287024874863 -0.0541500639485 -0.0568941875269
-0.441598359717 -1.51513414295 0.0349934779504 0.0379733699956
0.311268276257 -0.697420271037 -0.0161714478152 -0.0183199571557
1.0 2.03012210217e-16 -3.48312971901e-16 1.23777592385e-17
0.833299582273 -0.115378295906 0.0117800714643 0.015292134507
1.32847686391 0.205181121961 -0.0181410004444 -0.026318230073
0.557454738649 -0.244634007117 0.0188814612825 0.0323661409913
1.49227478189 0.234609625026 -0.0147017792573 -0.0332826241756
0.52923689656 -0.185548682367 0.00725509742188 0.0294589944742
1.37792103081 0.11443674566 0.000765674168382 -0.0217678317245
0.781392327407 -0.0434780666844 -0.00533064208596 0.011455450694
1.0 6.85166209483e-16 -2.46004835652e-17 1.00731185443e-17
1.2726764788 -0.0197838310035 0.0283012042856 -0.011051161029
0.400993954003 0.163277915988 -0.122219327789 0.0202489172187
1.75680852394 -0.601753620613 0.701069000309 -0.0263982196614
-4.00048940744 2.62829331847 0.738216655801 0.028686913652
-4.87483312461 4.51821218685 -0.323770034431 -0.0267748595667
-0.0118784659716 -1.54313174126 0.204237021391 0.0208345562848
-0.187337668063 -0.481740296799 -0.116309050222 -0.011539283596
-1.0 5.3290705182e-16 -8.18081328647e-18 2.61514459426e-18
-0.303566366129 -0.427370110473 1.0126610873 0.0123426410647
1.86434869055 2.14140363623 0.235534368586 -0.0238602497832
0.922618191282 0.961400853218 -0.10159971621 0.0328981842676
-0.734418508731 1.45900816464 0.0446339575959 -0.0379398634276
-1.09343995177 0.211132383554 -0.0120725370066 0.0377563634522
-0.899827480224 0.377052159665 -0.00462869326384 -0.031524137368
-1.0759093563 0.950911418589 0.00812876103116 0.0188946858527
-1.0 1.0 -2.49301516819e-17 3.10503900083e-19
-0.870562398939 0.303682919026 -0.0182255511579 -0.0246276413149
-1.30614435969 -0.53985045468 0.0449318113514 0.0542664384286
-0.482446893172 0.78867987943 -0.0788035279596 -0.0884819795301
-1.74523423236 -0.997038607313 0.120098524352 0.128398834498
-0.0378564280333 1.00094504077 -0.175601532263 -0.181615595985
-2.09765846212 -2.57682923807 0.296802873788 0.300332236328
1.60013041884 1.91625198001 0.97591843672 0.974515804886
