10.0 12.0 -8.22387425648e-18 -8.22387425648e-18
3.90044121916 4.34269296278 -0.163062453609 -0.163062453609
-1.8067107049 -3.92325858453 0.122204863904 0.122204863904
1.14421379573 -0.811896410597 -0.00842893207645 -0.00842893207645
2.10069026938 1.10223934541 -0.0717968643016 -0.0717968643016
-0.0138152858066 -1.20570355305 0.0702116321291 0.0702116321291
1.14555501941 0.203547284357 -0.0104514497929 -0.0104514497929
1.62089640423 1.5267220275 -0.0455751013551 -0.0455751013551
0.300355020935 0.0355301408422 0.0519738118648 0.0519738118648
1.15819232881 0.090489302342 -0.0117901518191 -0.0117901518191
1.45076945687 0.309874589201 -0.0333868141792 -0.0333868141792
0.402894748508 -0.418185877131 0.0433554894708 0.0433554894708
1.18916982248 0.12202804331 -0.0131283304518 -0.0131283304518
1.42566843902 0.206081013109 -0.0265044064867 -0.0265044064867
0.103985843569 -0.0356379150386 0.0390120073249 0.0390120073249
0.0953723050031 1.25622947972 -0.0147324168314 -0.0147324168314
0.184507617373 1.34372894296 -0.0222027671105 -0.0222027671105
-0.330351412361 0.451313564572 0.0371870238939 0.0371870238939
0.150159500828 1.24280015992 -0.0168284157582 -0.0168284157582
0.164452796641 1.27683437963 -0.0193656435709 -0.0193656435709
-0.269484596926 0.467134170218 0.0372891730855 0.0372891730855
0.0633984220309 1.28405880261 -0.0197252370728 -0.0197252370728
-0.717816521397 1.25589785975 -0.0174632395482 -0.0174632395482
-1.19136917678 0.404791770245 0.0393343028027 0.0393343028027
0.54583222419 1.38487784474 -0.023955760235 -0.023955760235
0.373009109983 1.29633193989 -0.0162315243349 -0.0162315243349
-1.38710235255 -0.201642794706 0.0439529861637 0.0439529861637
-0.432422340575 0.426870318567 -0.030594156102 -0.030594156102
0.162541941226 1.0641585231 -0.0155649852515 -0.0155649852515
-1.14517912819 0.615089030488 0.052971603002 0.052971603002
-0.503810926337 1.35554026297 -0.042224510549 -0.042224510549
0.0918377685828 1.13880214773 -0.0155288275536 -0.0155288275536
-1.04531996901 0.342189672893 0.071902540729 0.071902540729
-0.553678665412 1.614015032 -0.0670583714959 -0.0670583714959
0.0318638629429 1.14981612131 -0.0166739049491 -0.0166739049491
-0.412500288122 -0.0789790775924 0.12541328574 0.12541328574
0.43110896992 2.20552313077 -0.152473587121 -0.152473587121
-0.887120065173 1.16169060671 -0.0244230338902 -0.0244230338902
-2.43666484837 -2.16508753821 0.810555986917 0.810555986917
4.15568865435 4.68201179973 0.8352876599 0.8352876599
