9.5794937771 22.1489374895 0.106678401451 0.106678401451
0.2203963008 -1.43822055777 -0.0386198285181 -0.0386198285181
0.716659594595 -0.670113401838 0.0178365494932 0.0178365494932
0.334951694142 -0.903677221844 -0.00767553570551 -0.00767553570551
0.612008372628 -0.063614960821 0.00159110820153 0.00159110820153
0.455219627126 -0.916440103318 0.00250208821776 0.00250208821776
0.432607755598 -0.153412013346 -0.00547555138759 -0.00547555138759
-0.133863818201 -1.60022183069 0.00775818913588 0.00775818913588
0.998715883635 0.556581470263 -0.00958585460569 -0.00958585460569
0.0575859386353 -1.83665997124 0.0110991898635 0.0110991898635
0.946019597742 -0.215453427276 -0.0123874688029 -0.0123874688029
-0.421843934069 -1.80619056135 0.0135102877648 0.0135102877648
-0.366463160907 0.476300436282 -0.0145091551538 -0.0145091551538
-1.43101919834 -0.619246506326 0.0154140807819 0.0154140807819
-0.642829356207 0.655988963386 -0.0162475222392 -0.0162475222392
-1.2995973647 -0.687726716347 0.0170268583187 0.0170268583187
-0.784370132939 0.751001940432 -0.0177660060442 -0.0177660060442
-0.768668711412 -1.17385406045 0.0184765236671 0.0184765236671
0.393178567577 -0.515309884193 -0.0191683993197 -0.0191683993197
0.389026298152 -0.833468654485 0.0198506480202 0.0198506480202
0.639715663839 -0.0674967967707 -0.0205317974483 -0.0205317974483
0.373711237447 -0.98273419151 0.0212203202937 0.0212203202937
0.561499783973 0.0156206017413 -0.0219250606741 -0.0219250606741
0.820133754851 -1.04172985589 0.0226557009985 0.0226557009985
1.29789419481 0.0667010745914 -0.0234233233872 -0.0234233233872
0.030604652404 -1.09613128509 0.0242411386667 0.0242411386667
0.941789773198 0.144504182745 -0.0251254920612 -0.0251254920612
0.939849381916 -0.279041857728 0.026097320507 0.026097320507
1.08397044971 0.180839124925 -0.027184357638 -0.027184357638
0.916385960616 -1.3641393801 0.0284246127249 0.0284246127249
1.06571422044 1.26335280401 -0.0298721081928 -0.0298721081928
0.990114048306 -0.145190319342 0.0316068269117 0.0316068269117
0.313367734411 1.11201076177 -0.0337530077361 -0.0337530077361
-0.138386790594 0.68195413125 0.0365153267304 0.0365153267304
0.00634213003453 1.38991606706 -0.0402573720228 -0.0402573720228
-1.18201870986 0.441561999328 0.0456940932212 0.0456940932212
-0.880447489303 0.116970915557 -0.0544530895758 -0.0544530895758
-1.06955532196 0.306818060648 0.0712166405387 0.0712166405387
-1.00821479521 0.80112092806 -0.117232928949 -0.117232928949
-0.207068914332 -0.526194350341 0.865343171344 0.865343171344
