9.0 6.0 0.0 0.0
1.53575433979 -0.715666155391 -0.0329967942572 -0.0253141048256
0.406311005108 -0.359804498009 0.0459405496879 0.0332659354587
1.61936197325 0.297945066899 -0.0520075293718 -0.0362587720026
0.378438167408 -0.244547031601 0.0542814132729 0.0369108382567
1.60422324218 0.146557994536 -0.0540045459864 -0.0361501990165
0.432139793157 0.522832895593 0.0518571902995 0.0344217922128
1.50669291624 0.80204885296 -0.0482998645808 -0.0319938149118
0.610550498586 -0.643431918296 0.0436940088929 0.0290596878669
0.887716268288 1.06437759014 -0.0383515627013 -0.0257777985526
-0.21628022351 0.263613695379 0.0325567896667 0.0222883367499
1.83154120901 0.42110735519 -0.0265756842909 -0.0187204813349
-0.0107530041441 1.10457441336 0.0206592778176 0.0151951088208
0.647730946247 0.97614199006 -0.0150437832497 -0.0118252866554
0.642009081804 0.997567559668 0.00994910040907 0.00871564465372
0.0155537361116 1.01149778244 -0.00557654935521 -0.00596120272135
-0.0984638126249 0.986298651779 0.00210637771499 0.00364598765306
0.174928666225 1.01312892416 0.000304580973798 -0.00184164613246
0.978037742321 0.98836822307 -0.0015248102671 0.000606191786493
-0.0417228112287 1.00946578774 0.00144933063284 1.70171802408e-05
-1.30889451324e-15 1.0 -7.01193489237e-17 1.31473779232e-17
-0.929247801953 0.0535437280109 -0.0028753690034 -0.000669476158262
-1.09821786708 -0.104271330725 0.00720541885827 0.00198791492502
-0.872382923309 0.960582852935 -0.012999695385 -0.00393652709454
-1.14957412666 0.268138703635 0.0202559781767 0.00648210809613
-0.874361464217 -0.245995897578 -0.0289719994027 -0.00957838123253
-0.528305702048 0.872363039242 0.039164422944 0.0131678423169
-0.0861131847984 0.473722481482 -0.0509009278677 -0.0171841694633
-1.76757515584 -0.320304083972 0.0643581909083 0.0215553218912
-0.187212857295 0.723463722301 -0.0799364008755 -0.0262075748865
-1.90182980111 0.676764246309 0.0985125823681 0.0310709939191
0.00551384270627 -0.3568747443 -0.122090731373 -0.0360874046928
-1.98493563033 0.599518734664 0.155859276632 0.0412231944778
2.00105452858 0.702677465506 -0.217313602467 -0.0464924997795
-1.0936128584 0.00385446261469 0.419477642738 0.0520054167113
3.23002810561 -0.517882122713 0.842102454091 -0.0580856588842
9.11167917695 -3.17059894768 -0.0897801919028 0.0656228342677
0.293002677847 0.734755842557 -0.0109988491682 -0.0775032922379
0.921961663779 -0.493568393981 0.0780583607301 0.109090639409
0.269517538089 0.392769904117 1.00771910259 0.995887062876
