11.3275229519 5.93919683101 0.238812626677 0.237469813685
-0.935188581391 0.966276051445 -0.091428931267 -0.0919325352849
0.0357364023599 1.05526579044 0.0512206130015 0.0533618567077
-0.340627685502 0.929753695462 -0.0317386281892 -0.0353594914155
0.89577479984 1.09368653974 0.0198537238874 0.0248339714305
-0.149689560916 0.808881792552 -0.0116086583224 -0.0178571428571
-0.865444618244 -0.0133423926418 0.00539163495349 0.0128403768166
-1.24543148547 0.544448557843 -0.00041801167468 -0.00901815999765
-0.490089069327 0.511360704948 -0.00374337037649 0.00597575816687
-0.600312136258 0.464418260426 0.00735179964736 -0.00346860390646
-0.366411938661 0.552743443843 -0.0105749819389 0.00134281299199
-0.650316925067 0.430451064846 0.0135285338759 0.000503604017914
-0.34164209387 0.590462911969 -0.0162971689083 -0.00214124370622
-0.658656198945 0.377480809019 0.0189469879703 0.0036208632263
-0.35559387409 0.685626834325 -0.0215332213611 -0.00498024754303
0.164189061946 0.822332976626 0.0241056273919 0.00624848453477
0.738145013729 0.386792661146 -0.0267128061047 -0.00744874186314
0.289369420906 0.538553221479 0.0294062918425 0.00860014832297
0.666462048894 0.534936938057 -0.0322452118948 -0.00971912854336
0.774332701187 -3.8901656682e-05 0.0353024970851 0.0108204035538
1.2551441274 -0.00273004372654 -0.0386742169762 -0.0119177949309
0.72139601567 -0.0137954859093 0.0424949537285 0.0130249298579
1.32881305632 0.0520509327837 -0.046965199161 -0.0141559252021
0.431375006381 -0.247927392154 0.0524042702649 0.015326124744
0.655904258317 -1.12169322012 -0.0593625592326 -0.0165529738181
0.235256758718 -0.919950230558 0.0688899251656 0.0178571428571
-0.437158001773 -1.07166724852 -0.0832925183024 -0.0192640642416
-0.513403171149 -0.918653501914 0.108872864379 0.0208061435195
0.289467481642 -1.12838439907 -0.171447735798 -0.0225260833515
-0.255761136835 -0.409462005716 0.657673131882 0.0244820935313
0.316225612688 -2.05434265969 0.210713391639 -0.0267564220454
0.931550111277 -0.0169151581577 -0.0624625114144 0.0294700238706
0.456943074102 -0.569184106106 0.0205525827488 -0.0328092739589
0.791609543167 -0.420558668379 0.00171865410541 0.0370781455209
0.668919280168 -1.02028366179 -0.017975613984 -0.0428095854145
-0.288704077823 -0.990682681476 0.0331756394513 0.0510327823084
-0.0839667304396 -1.04402781616 -0.0511880772442 -0.0640284540609
-1.42371125503 -0.333465263962 0.0790485608616 0.0880667208593
-0.672966450746 0.150324190151 -0.14294589428 -0.148921652446
-0.870490306527 -0.137939370382 0.629722434444 0.63319103835
