11.0 12.0 0.0 0.0
0.554085189462 1.62213299247 -0.0253141048256 -0.0253141048256
-0.47661385096 0.365413248047 0.0332659354587 0.0332659354587
-0.41988965794 1.63153271312 -0.0362587720026 -0.0362587720026
-0.745460109021 0.38263025504 0.0369108382567 0.0369108382567
0.599316066327 1.59456110455 -0.0361501990165 -0.0361501990165
-0.516149397748 0.434845894118 0.0344217922128 0.0344217922128
0.438172197031 1.5313006427 -0.0319938149118 -0.0319938149118
-0.350089637974 0.504330178649 0.0290596878669 0.0290596878669
0.223730730076 1.46224149289 -0.0257777985526 -0.0257777985526
0.197162003788 0.56117695494 0.0222883367499 0.0222883367499
1.38253564 1.44918354588 -0.0187204813349 -0.0187204813349
0.741858762219 0.331681081404 0.0151951088208 0.0151951088208
1.17415137829 0.135926216361 -0.0118252866554 -0.0118252866554
0.895420398361 -0.323821080973 0.00871564465372 0.00871564465372
1.0418997027 -1.08129503535 -0.00596120272135 -0.00596120272135
1.02148084882 -0.968450701582 0.00364598765306 0.00364598765306
0.880153778578 -1.02245159142 -0.00184164613246 -0.00184164613246
-0.0106286933115 -0.980796237561 0.000606191786493 0.000606191786493
1.05996352051 -1.01290965826 1.70171802408e-05 1.70171802408e-05
1.0 -1.0 1.31473779232e-17 1.31473779232e-17
0.0430343467046 -0.978641929565 -0.000669476158262 -0.000669476158262
-0.102076817963 -1.05229924922 0.00198791492502 0.00198791492502
0.983178075073 -0.906269616456 -0.00393652709454 -0.00393652709454
0.198102217819 -1.14672897814 0.00648210809613 0.00648210809613
-0.0710491593111 -0.786826779713 -0.00957838123253 -0.00957838123253
0.0142069792946 -1.29721200794 0.0131678423169 0.0131678423169
0.02044969961 -0.590127548378 -0.0171841694633 -0.0171841694633
-0.0126947562368 -1.5907819513 0.0215553218912 0.0215553218912
-0.343428807648 0.186904752377 -0.0262075748865 -0.0262075748865
-1.41272717762 -1.04477834597 0.0310709939191 0.0310709939191
-0.58685200467 0.175931080601 -0.0360874046928 -0.0360874046928
-1.44652966167 0.604608661178 0.0412231944778 0.0412231944778
-0.511739229618 0.0711346475495 -0.0464924997795 -0.0464924997795
-1.53152617103 -0.119801037829 0.0520054167113 0.0520054167113
-0.425596914036 1.66053944266 -0.0580856588842 -0.0580856588842
-1.61998228177 0.218550036597 0.0656228342677 0.0656228342677
-0.302100821116 0.627904732586 -0.0775032922379 -0.0775032922379
-0.527963181314 0.437222754228 0.109090639409 0.109090639409
0.575775743666 0.545018269084 0.995887062876 0.995887062876
