7.04400844504 8.23367895885 0.218560768295 0.218560768295
-0.391507804162 1.01864695167 -0.0852006975277 -0.0852006975277
0.931698462681 1.04180759321 0.0488980614404 0.0488980614404
0.824150199599 0.83979849006 -0.031812598788 -0.031812598788
1.21840318961 -0.0866403250991 0.0217809824839 0.0217809824839
0.769574900031 0.625675323795 -0.0151142914981 -0.0151142914981
1.15986295359 1.23072797209 0.0103120071963 0.0103120071963
-0.785478500954 0.421376524068 -0.00664840296605 -0.00664840296605
-0.807301108595 0.604028132492 0.00372928168742 0.00372928168742
-0.229433816456 1.23088828488 -0.00132173685447 -0.00132173685447
-0.143472174151 0.389673700955 -0.000721001106101 -0.000721001106101
-1.51053348028 0.668060896004 0.00249632730477 0.00249632730477
0.748963382283 1.11647290526 -0.00407172988461 -0.00407172988461
0.137935361295 0.969356840759 0.00549577732455 0.00549577732455
1.00187583762 0.261907943118 -0.00680465767718 -0.00680465767718
0.773509843443 -0.0650871349807 0.0080262541944 0.0080262541944
1.32880974622 -0.441396672744 -0.00918279554898 -0.00918279554898
0.504857382335 -0.523457551537 0.0102926534404 0.0102926534404
0.704087578665 -0.759514693547 -0.0113716195655 -0.0113716195655
0.190583951317 -1.2100300899 0.0124338644718 0.0124338644718
0.217366316165 -0.796498817253 -0.0134927097808 -0.0134927097808
-0.618380023378 -1.21178568661 0.0145613069723 0.0145613069723
-0.30960723966 -0.754547341877 -0.0156532978063 -0.0156532978063
-0.697730707509 -0.536929554911 0.0167835279901 0.0167835279901
1.34791407176 -0.394804861886 -0.0179688958407 -0.0179688958407
0.0344318122292 -0.671582461152 0.0192294444922 0.0192294444922
1.18528520427 -1.06227707275 -0.0205898580808 -0.0205898580808
0.321563518249 -0.989363015846 0.0220816170885 0.0220816170885
0.766783371096 -0.997141140838 -0.0237462419042 -0.0237462419042
-0.0153972347108 -0.994178719379 0.0256403825268 0.0256403825268
0.156327503485 -1.05436099958 -0.0278441627246 -0.0278441627246
-0.882392526806 -0.221973722706 0.0304755474672 0.0304755474672
-0.934746040943 -0.155307772909 -0.0337165508304 -0.0337165508304
-1.11237996663 -0.78414119169 0.0378645340365 0.0378645340365
-0.863610838337 0.476289607725 -0.0434419954595 -0.0434419954595
-1.15066774616 0.441580527844 0.0514609896811 0.0514609896811
-0.84237166313 0.134963639374 -0.0641742834283 -0.0641742834283
-1.15388037128 0.478304665347 0.0878213422685 0.0878213422685
-0.882990801147 0.604479223671 -0.148458070257 -0.148458070257
-0.628703579291 0.330708053421 0.674131667908 0.674131667908
