7.26137172673 7.23525975369 0.26010463903 0.245833145095
0.153283051526 0.952285705019 -0.108046341562 -0.0947455468692
0.818273738438 0.99947150474 0.0675650905312 0.0552259738017
0.180165225607 0.166086788412 -0.0482290425484 -0.0368545286122
0.858678023269 1.29065226705 0.0365297675945 0.0261348737634
-0.0673943236036 0.751092991809 -0.0284255498896 -0.0190381481304
0.201304853307 1.23973647436 0.0222772118632 0.0139394906291
-1.04481779909 0.0782771660326 -0.0172865117448 -0.0100573056201
-0.529685695315 1.20424783333 0.0130103935133 0.00696866760932
0.0693787931643 0.789518340133 -0.00917444944895 -0.0044244082462
-0.078379527342 1.21901737127 0.00558927176776 0.00226786147141
0.62461218351 0.749431164518 -0.00210716583492 -0.000395255485397
0.916338102876 0.529879958469 -0.0014046652988 -0.00126520376413
0.246375281831 0.457924357603 0.00508580424469 0.00276511106945
1.32159576422 -0.211192163985 -0.00910715177242 -0.00414285865431
0.791359559002 -0.650234073161 0.0137083629577 0.00542798947056
0.548178146188 -0.440809326639 -0.0192682225202 -0.00664402338207
-0.304662199824 -1.35175258068 0.0264593259228 0.00781037088693
-0.197136024065 -0.218618438952 -0.036646316102 -0.00894368994093
-0.81984491894 -0.871533172771 0.0531482865502 0.0100589023247
-0.161606942465 -1.12121897869 -0.0868148806136 -0.0111700096904
-0.890873723936 -0.00229284708365 0.205945145913 0.0122908082015
0.206934516355 -1.07141828203 0.633222216627 -0.0134355809901
-0.242611133029 -2.18117473757 -0.122602001194 0.0146198434597
1.30824257965 0.630898819159 0.0653546100188 -0.0158612265242
0.143673960149 -0.997217380589 -0.0423411165215 0.0171806101899
1.06573055787 -0.0264735063881 0.029288563076 -0.018603673053
0.42782807027 -1.32573408418 -0.0204058669265 0.0201631204213
0.617197331316 -0.0500988154619 0.0135789278209 -0.0219020318993
0.358894141642 -1.17114604472 -0.00782079781214 0.0238791056921
0.64369491246 -0.8579132458 0.0025700948501 -0.0261772408813
-0.630681293145 -0.914222587176 0.00256703011042 0.028918284583
-0.290892015829 -0.189251667649 -0.00794455317099 -0.0322898664798
-0.87327619331 -0.682709269 0.0139759860704 0.0365977632658
-0.993107363294 0.914905155676 -0.0212700168325 -0.0423775305172
-1.02269820631 0.020528756196 0.0309110879264 0.0506619303805
-1.01797318498 0.14061055593 -0.0452209105496 -0.0637348139745
-0.418414194195 0.32558208712 0.0704851063551 0.0878531107986
-0.814721178677 0.730345608687 -0.132258097549 -0.148548755717
-0.645036356413 0.225048017005 0.598505507078 0.613769121283
