14.4342297873 20.0155255142 0.207921470355 0.207921470355
-0.168384532723 -1.56719005034 -0.081220662091 -0.081220662091
0.203299999068 -0.445944642984 0.0462562962492 0.0462562962492
-0.22442279644 -1.54883605855 -0.0297293417643 -0.0297293417643
0.238826776442 -0.45388135184 0.0200042663921 0.0200042663921
-0.249293505458 -1.54470605109 -0.0135325178809 -0.0135325178809
0.257107828178 -0.455726744781 0.00886630947432 0.00886630947432
-0.26287978796 -1.54479674933 -0.00530406383716 -0.00530406383716
0.266818001529 -0.453551030981 0.00246418344122 0.00246418344122
-0.268772164075 -1.54964865184 -0.000120976971713 -0.000120976971713
0.268064687173 -0.444717012365 -0.00186789191914 -0.00186789191914
-0.262844762837 -1.56538937081 0.00359693833325 0.00359693833325
0.247577770207 -0.414303401747 -0.00513169147147 -0.00513169147147
-0.198418653489 -1.64028796897 0.00651933372428 0.00651933372428
-0.222155909722 0.0670279846103 -0.00779503700436 -0.00779503700436
-1.43489457679 -0.417438122194 0.00898591432305 0.00898591432305
-0.612212949602 0.474363229195 -0.0101135908444 -0.0101135908444
-1.37155200994 -0.505123254253 0.0111959488523 0.0111959488523
-0.63623030218 0.538625022468 -0.0122483681938 -0.0122483681938
-1.35826217115 -0.607307968408 0.0132846585128 0.0132846585128
-0.648939773527 1.03132920494 -0.0143178108629 -0.0143178108629
-1.33523079376 -0.0606734756314 0.01536065926 0.01536065926
-0.715133595781 1.26268810232 -0.0164265252897 -0.0164265252897
-0.900810473391 0.666181993985 0.0175299156778 0.0175299156778
-0.0926042387913 1.34982756247 -0.0186873528327 -0.0186873528327
-0.799101865761 0.653887615018 0.0199184447783 0.0199184447783
1.13723804972 1.32456151187 -0.0212473519615 -0.0212473519615
-0.215797378661 0.730459031331 0.0227049016372 0.0227049016372
0.659758874339 1.06696332022 -0.0243317716598 -0.0243317716598
0.1534365754 0.0664715421143 0.0261834893497 0.0261834893497
0.989205276938 0.815540655013 -0.0283386319951 -0.0283386319951
0.553680930048 -0.37397190848 0.0309129573574 0.0309129573574
0.597736224075 1.23428912548 -0.0340852022365 -0.0340852022365
0.862642805304 -0.70416705378 0.0381476349365 0.0381476349365
1.23651172439 0.61070955949 -0.0436144035451 -0.0436144035451
0.701063840557 -0.533723845458 0.0514829855417 0.0514829855417
1.36958251208 -0.016300656378 -0.0639789813865 -0.0639789813865
0.456433097482 -1.00096226501 0.0872911553302 0.0872911553302
0.696202895492 -0.041479942968 -0.14748433512 -0.14748433512
0.233430246669 -0.433417736187 0.695666026473 0.695666026473
