7.0 22.0 -9.51619735393e-18 -9.51619735393e-18
1.92438570334 3.13128070287 -0.065274066465 -0.065274066465
0.102119114847 -2.94843364892 0.0826840358104 0.0826840358104
1.81116070133 2.62427508836 -0.0825748769302 -0.0825748769302
0.320898866406 -2.19575634715 0.0726962057638 0.0726962057638
1.51597502391 1.71319391081 -0.0568941875269 -0.0568941875269
0.662601907433 -1.27605413614 0.0379733699956 0.0379733699956
1.15989159518 -0.525887759662 -0.0183199571557 -0.0183199571557
1.0 1.41701505051e-16 1.23777592385e-17 1.23777592385e-17
0.873835969127 -0.236907662762 0.015292134507 0.015292134507
1.20110278444 -0.23391253026 -0.026318230073 -0.026318230073
0.808634380876 -1.78191584456 0.0323661409913 0.0323661409913
0.855404175224 -0.258734019419 -0.0332826241756 -0.0332826241756
-0.476116984873 -1.60386275166 0.0294589944742 0.0294589944742
0.341626425781 -0.613798722544 -0.0217678317245 -0.0217678317245
-0.227347940676 -1.12178647759 0.011455450694 0.011455450694
-1.0 -2.2927785143e-16 1.00731185443e-17 1.00731185443e-17
-0.925944840547 -0.671521893021 -0.011051161029 -0.011051161029
-1.14827133106 -0.781348623693 0.0202489172187 0.0202489172187
-0.838251306371 0.318244464692 -0.0263982196614 -0.0263982196614
-0.861172523264 -2.12628708677 0.028686913652 0.028686913652
0.518676262121 -0.00527328266923 -0.0267748595667 -0.0267748595667
-0.410423870104 -1.78903715836 0.0208345562848 0.0208345562848
0.295473795752 -0.498356001283 -0.011539283596 -0.011539283596
1.0 2.2927785143e-16 2.61514459426e-18 2.61514459426e-18
-0.0876790961361 -1.29852961362 0.0123426410647 0.0123426410647
1.0114477473 0.410369740666 -0.0238602497832 -0.0238602497832
0.202521838886 -1.33620083786 0.0328981842676 0.0328981842676
0.466636179843 0.0753677412966 -0.0379398634276 -0.0379398634276
1.0689570682 -0.524499814056 0.0377563634522 0.0377563634522
1.04102335755 0.526063778318 -0.031524137368 -0.031524137368
0.947080028569 -0.337068946696 0.0188946858527 0.0188946858527
1.0 -1.41701505051e-16 3.10503900083e-19 3.10503900083e-19
1.10382404111 0.454409842251 -0.0246276413149 -0.0246276413149
0.753456572188 -0.991846789184 0.0542664384286 0.0542664384286
1.41540959578 1.57598587085 -0.0884819795301 -0.0884819795301
0.401977339536 -2.18196549007 0.128398834498 0.128398834498
1.78799055801 2.90271593023 -0.181615595985 -0.181615595985
-0.0241410318385 -1.90034099348 0.300332236328 0.300332236328
0.835809320694 2.93599078965 0.974515804886 0.974515804886
