15.0 6.0 2.16201325848e-16 2.16201325848e-16
10.0782730059 4.56102380803 -0.217285719563 -0.217285719563
0.813698475183 1.28914147572 -0.0259835809839 -0.0259835809839
-3.69230399109 -0.227251876293 0.131120357848 0.131120357848
-1.73280705552 0.701588254879 0.0352538503838 0.0352538503838
1.00681377893 1.72714657491 -0.0918272163877 -0.0918272163877
0.56506846348 1.30335319383 -0.0401952990971 -0.0401952990971
-0.984227414112 0.502127104372 0.0684382411206 0.0684382411206
-0.618537897615 0.69344915891 0.0433929463529 0.0433929463529
0.732469987515 1.36038263856 -0.0522643316833 -0.0522643316833
0.628658419334 1.30888647499 -0.045728580249 -0.045728580249
-0.537647550347 0.73535366083 0.0398882640476 0.0398882640476
-0.628948152311 0.689252470733 0.0475896345297 0.0475896345297
0.384475559688 1.19092849728 -0.0296651319808 -0.0296651319808
0.625097375695 1.31233587911 -0.0491779843751 -0.0491779843751
-0.25769117047 0.870323206191 0.0206732247631 0.0206732247631
-0.618508296427 0.686227095505 0.0506150097582 0.0506150097582
0.147463519053 1.07549561842 -0.0123169976045 -0.0123169976045
0.609204857894 1.31514326818 -0.051985373439 -0.051985373439
-0.0474801470421 0.975143990816 0.00414503370385 0.00414503370385
-0.596272573893 0.683482774594 0.053359330669 0.053359330669
-0.0462616133857 0.975033668565 0.00425535595474 0.00425535595474
0.577383405977 1.31796578076 -0.0548078860276 -0.0548078860276
0.13544210291 1.07652369381 -0.0133450729976 -0.0133450729976
-0.546698582728 0.680423801965 0.0564183032986 0.0564183032986
-0.216360345391 0.867253135489 0.0237432954652 0.0237432954652
0.485443509705 1.32147568117 -0.0583177864349 -0.0583177864349
0.258307466131 1.197686584 -0.0364232186977 -0.0364232186977
-0.277609558819 0.676121043898 0.060721061365 0.060721061365
0.376509780905 0.722094073755 0.0531478511229 0.0531478511229
1.51819201859 1.32720475634 -0.0640468616055 -0.0640468616055
1.02128449305 1.38576460887 -0.0776463020008 -0.0776463020008
-0.674070293814 0.667573283342 0.0692688219208 0.0692688219208
-0.558733903162 0.450906891159 0.119658454333 0.119658454333
1.78837449029 1.34250283311 -0.0793449383704 -0.0793449383704
2.41949187779 1.8510493943 -0.215730035776 -0.215730035776
-0.885494957292 0.627145274067 0.109696831196 0.109696831196
-3.48359713844 -0.825001748262 0.728870229817 0.728870229817
0.80993161543 0.267253814681 0.995904080056 0.995904080056
10.1058769648 3.738542791 0.605195297462 0.605195297462
