6.29473687844 10.2784360848 0.207921470355 0.207921470355
0.527804204048 -0.720382259472 -0.081220662091 -0.081220662091
0.563405466884 -0.280379882058 0.0462562962492 0.0462562962492
0.345030142888 -0.713924398721 -0.0297293417643 -0.0297293417643
0.964321801557 -0.296820914439 0.0200042663921 0.0200042663921
0.993927910356 -0.686861946626 -0.0135325178809 -0.0135325178809
1.02080428865 0.341299018908 0.00886630947432 0.00886630947432
1.00373284318 -0.236500959165 -0.00530406383716 -0.00530406383716
0.555522126416 -0.246599864198 0.00246418344122 0.00246418344122
0.387156819736 -0.779801893447 -0.000120976971713 -0.000120976971713
0.650684877714 -0.209970256089 -0.00186789191914 -0.00186789191914
0.300427871791 -0.809976380971 0.00359693833325 0.00359693833325
0.815125747162 -0.109807125624 -0.00513169147147 -0.00513169147147
0.977304250148 -0.0461907076392 0.00651933372428 0.00651933372428
1.10647891904 0.0298667559688 -0.00779503700436 -0.00779503700436
0.777634963948 0.720035139204 0.00898591432305 0.00898591432305
0.435911011738 0.914223940369 -0.0101135908444 -0.0101135908444
0.516183146633 0.15661346858 0.0111959488523 0.0111959488523
-0.0967518038356 1.42423373861 -0.0122483681938 -0.0122483681938
0.0205357329487 0.647754837715 0.0132846585128 0.0132846585128
0.0169712224295 1.32147542582 -0.0143178108629 -0.0143178108629
-0.0576972499454 0.69657945834 0.01536065926 0.01536065926
-0.914813619023 1.28975829387 -0.0164265252897 -0.0164265252897
-1.06942125424 0.72555247275 0.0175299156778 0.0175299156778
-0.92602746667 1.23638662485 -0.0186873528327 -0.0186873528327
-1.08046238366 -0.0696235619423 0.0199184447783 0.0199184447783
-0.913000765861 1.43329813604 -0.0212473519615 -0.0212473519615
-1.09328615546 -0.0194815801252 0.0227049016372 0.0227049016372
-0.90071029335 0.201238483839 -0.0243317716598 -0.0243317716598
-1.10498902165 -0.228417763112 0.0261834893497 0.0261834893497
-0.889736441239 0.235569712027 -0.0283386319951 -0.0283386319951
-1.11471499855 -0.236170506808 0.0309129573574 0.0309129573574
-0.882849903828 0.232682443717 -0.0340852022365 -0.0340852022365
-1.11358613721 -0.225098403148 0.0381476349365 0.0381476349365
-0.914205970185 -0.664047443288 -0.0436144035451 -0.0436144035451
-0.820542933162 -1.26998769418 0.0514829855417 0.0514829855417
0.380659548406 -0.749612324919 -0.0639789813865 -0.0639789813865
0.360429928683 -1.2313348432 0.0872911553302 0.0872911553302
0.714234640405 -0.814469432434 -0.14748433512 -0.14748433512
0.201507903721 -0.673506157982 0.695666026473 0.695666026473
