9.47675499907 7.79849699942 0.19770048876 0.196427185606
-0.184112256758 0.972103713752 -0.076417123362 -0.0767873924899
0.135325078858 1.09421928274 0.041387423188 0.0433110255989
-0.0423933870795 0.810528959184 -0.0240052508208 -0.027417012882
0.898581475971 0.328964388629 0.0131869667832 0.0180431501637
-0.238719608072 1.02073327336 -0.00552038662674 -0.0117963803944
0.163241087183 1.03205067413 -0.000401025512808 0.00728804171908
-1.06367849733 0.945347788836 0.00526907675266 -0.00384386360595
-0.971965326896 1.06890931804 -0.0094691058235 0.0010965859977
-0.46037023305 0.919504959606 0.0132381116996 0.00117123106561
-0.566747321154 0.323506717094 -0.0167354828971 -0.00309683339551
-0.133195042729 0.889384867369 0.0200785498215 0.00477141765457
0.0644993786441 1.15201061592 -0.0233626167942 -0.00625824903496
0.713613412436 0.0878228042598 0.0266739460047 0.00760290352102
1.12305682179 0.0785300234988 -0.0300999660263 -0.00883937221386
0.975707557531 -0.471639650188 0.0337394873858 0.00999387063136
0.332749540764 -1.15672714559 -0.0377156252814 -0.0110873186909
0.878776154712 0.118226066235 0.042195347294 0.0121370249293
0.669140197268 -0.501559170088 -0.0474230023143 -0.0131578846346
0.402005186949 -0.462860540459 0.0537838924055 0.0141632810944
0.437170604026 -0.675641389477 -0.0619374621914 -0.0151658130615
-0.281618224289 -1.18240532429 0.0731316236259 0.0161779359465
0.226715787593 -0.871501108813 -0.0900730953321 -0.0172125875436
-0.219904463128 -1.06067038593 0.11998605137 0.0182838661723
-0.888940164853 0.0817998578038 -0.190922024881 -0.019407839113
-0.770458472216 -0.0314370442677 0.622491671197 0.0206035851193
1.62215630555 -0.631442571297 0.343027459206 -0.0218946247773
1.22415896595 -1.16753718328 -0.110834591677 0.023310983729
0.463472392482 -0.925678078926 0.0545904604782 -0.0248923013194
0.598258050909 -0.489948436613 -0.0281012722545 0.0266927144764
0.178643408238 -0.600854596251 0.0118040158928 -0.0287888749297
0.318723153545 -1.277371265 2.08948550725e-05 0.0312937745217
0.120132843759 -0.759353509726 -0.00976546264925 -0.0343820098619
-0.719053646594 -1.19488680784 0.0187689587862 0.0383393454376
-0.588578826734 0.252077953312 -0.0280998585132 -0.0436690990451
-1.32138282866 -0.280891765312 0.0390670937328 0.0513493710978
-0.703717712958 0.34063827023 -0.0540654241324 -0.0635679526583
-0.419358752217 0.416142117704 0.0793403768754 0.0864338421908
-0.951264142048 0.657267576381 -0.140946381354 -0.145907342784
-0.497423496459 0.277216668929 0.714874800791 0.717912384993
