21.308248314 6.23442500744 0.0861466040032 0.106678401451
-1.52060089984 -0.101027954422 -0.0173995082243 -0.0386198285181
-0.498848395729 -0.154604102679 -0.00408851118085 0.0178365494932
-1.48812989411 -0.950565111735 0.014980165293 -0.00767553570551
-0.522581836941 0.485166434869 -0.0218322151856 0.00159110820153
-1.46683857046 -0.438552386363 0.0267432268845 0.00250208821776
-0.546085825874 1.18671662876 -0.0306010434488 -0.00547555138759
-1.43337749182 -0.169839131843 0.0338555096429 0.00775818913588
-0.613964364679 1.35439116227 -0.0367702122437 -0.00958585460569
-1.13517192416 0.655412788596 0.0395238025884 0.0110991898635
0.613414362581 1.34581177233 -0.0422595769957 -0.0123874688029
-0.554276841001 0.648554944852 0.0451171146764 0.0135102877648
0.530186856989 1.36073499653 -0.0482621628898 -0.0145091551538
-0.499931588659 0.627923125828 0.0519294075123 0.0154140807819
1.52735458552 1.35021070747 -0.0565048942621 -0.0162475222392
0.465119891605 -0.804280727041 0.0627209515399 0.0170268583187
1.54257554127 -0.256039630539 -0.07221909562 -0.0177660060442
0.440750751493 -0.672472809299 0.0896931642058 0.0184765236671
1.60596547269 -0.953874664342 -0.136401328268 -0.0191683993197
-0.353034899306 -0.410418775799 0.885193819364 0.0198506480202
-4.73248460207 3.86795466739 0.0861466040032 -0.0205317974483
-0.541045851182 0.672299033521 -0.0173995082243 0.0212203202937
0.625868423023 1.41491485887 -0.00408851118085 -0.0219250606741
-1.0211588395 0.18739340929 0.014980165293 0.0226557009985
-0.083088186387 0.710597071275 -0.0218322151856 -0.0234233233872
-0.264746216813 0.939828209616 0.0267432268845 0.0242411386667
0.326331962918 1.12265574242 -0.0306010434488 -0.0251254920612
-1.2820015571 -0.0778168757288 0.0338555096429 0.026097320507
0.515038188968 1.30774412394 -0.0367702122437 -0.027184357638
-0.760986811406 0.455005258564 0.0395238025884 0.0284246127249
-0.706957075331 0.0534034925489 -0.0422595769957 -0.0298721081928
-1.39259560779 -0.0690049101612 0.0451171146764 0.0316068269117
0.0857110515399 -0.584030025167 -0.0482621628898 -0.0337530077361
-0.231453025813 -1.29680511726 0.0519294075123 0.0365153267304
0.299601726017 -0.65153289843 -0.0565048942621 -0.0402573720228
1.0270864936 -0.0952138478735 0.0627209515399 0.0456940932212
0.327346179278 -0.146490501334 -0.07221909562 -0.0544530895758
-0.571670328516 -1.44514309307 0.0896931642058 0.0712166405387
1.83908458913 -0.0423952879309 -0.136401328268 -0.117232928949
-0.423871147445 -0.139296454922 0.885193819364 0.865343171344
