16.0 6.0 -3.70074341542e-17 3.08395284618e-18
1.8201268965 1.84624653011 -0.0510715155322 -0.0512947984164
-2.61147114544 -0.00974956287248 0.0688966662393 0.0654854967475
1.28104940178 2.14776836842 -0.0772851220341 -0.0671638034914
-1.85596884224 -0.679622205138 0.080904228845 0.0622374651096
0.367438209039 1.25131967427 -0.0808030197481 -0.0533606146381
-0.838851445018 0.18386640341 0.0768594025714 0.0422780161694
-0.789296797536 0.400477785305 -0.0684010907085 -0.0303701033022
-1.08140215029 0.993271499025 0.0543126368743 0.0187824884574
0.199466160728 1.02207990855 -0.0327501104825 -0.00843528207301
4.4408920985e-16 1.0 -3.70074341542e-17 -6.16790569236e-18
-1.03413210435 1.01492116298 0.0538732747318 0.0061227688875
-0.890236360125 0.263105458501 -0.169225873465 -0.00981047251521
-0.708900643284 -0.277439638554 0.8769213015 0.0112044720555
1.60284133403 0.769582897532 0.4822024464 -0.0106736604121
1.60704243976 0.686698840454 -0.187774674258 0.00875829969108
0.81686079229 -0.321142535258 0.101680954329 -0.0060991304882
1.10493698794 0.254900267712 -0.0558790587815 0.00335856666438
0.918111592436 -0.214519230598 0.0271993627731 -0.00114172080001
1.06508022171 0.16457105377 -0.00933628816642 -7.49097348613e-05
1.0 1.0 0.0 -6.16790569236e-18
-0.87651206514 0.917278089563 0.00189189940805 0.00143643639137
-0.376249430465 1.21435425024 0.00293981321263 -0.00407087008485
0.383905284587 0.63160419104 -0.0138727147228 0.00751925832543
-0.854804586607 1.52932382123 0.0303864668542 -0.01121387611
-0.884512056093 0.319056109763 -0.0523250212176 0.0144601958487
-1.22957204267 1.80518712643 0.0807658045335 -0.0165079463602
-0.555752506143 0.12035927855 -0.121537712104 0.0166289190243
-0.150001423969 1.85204625125 0.212029665112 -0.0141931645695
0.343585208607 -1.05861611897 0.995381302428 0.00873494383417
5.0 -8.0 -1.23358113847e-17 -1.23358113847e-17
1.7241726256 -0.633041809064 -0.0649197640506 -0.0120340513397
-0.763073195708 -0.445502155326 0.0943748760492 0.0271733037616
1.70730636859 -0.525632181366 -0.112825523352 -0.0450732516507
-0.56890768436 -0.443769510921 0.126240374008 0.0653874300094
1.33698125342 -0.879443413183 -0.137803456437 -0.0880998556212
0.164327397815 -1.70845346215 0.151092600957 0.114429954317
1.7620751489 0.825609684645 -0.174081696564 -0.150368308578
-2.61493614302 3.54535428799 0.246007241373 0.233492242324
1.81260663205 0.104615549336 0.979265656759 0.983606673679
