14.0 4.0 -5.69345140833e-18 -5.69345140833e-18
0.347845650346 1.0786440269 -0.0126987193734 -0.0126987193734
-0.344489231508 0.925368596587 0.0170394541689 0.0170394541689
0.367749455977 1.07014826395 -0.0192511077136 -0.0192511077136
-1.25524333151 0.934055830615 0.0206049999974 0.0206049999974
0.0921646272407 1.06214037033 -0.021528612988 -0.021528612988
-0.0681033794368 0.941266214798 0.0222061391504 0.0222061391504
-0.758149837769 1.05570393236 -0.0227300593561 -0.0227300593561
-0.407415241913 0.9469566025 0.0231519577695 0.0231519577695
0.250664660329 1.0507721847 -0.0235029277516 -0.0235029277516
-0.120371508099 0.951046901299 0.023802875328 0.023802875328
-0.609044124319 1.04771852473 -0.0240651832856 -0.0240651832856
-0.610828316781 0.952675405546 0.0242992296542 0.0242992296542
0.370517153375 1.0482707538 -0.0245118320896 -0.0245118320896
-0.262768822351 0.948406199554 0.0247081193806 0.0247081193806
0.125980721768 1.05971245887 -0.0248920813543 -0.0248920813543
0.461158452854 0.920496630488 0.0250669307312 0.0250669307312
0.755439389216 1.13920627679 -0.0252353516641 -0.0252353516641
0.00571998997846 0.449881501467 0.0253996788933 0.0253996788933
1.60487563303 -0.147118901412 -0.0255620347504 -0.0255620347504
0.48312583729 0.0901996387585 0.0257244420801 0.0257244420801
1.5074209664 -0.0450192619713 -0.0258889263018 -0.0258889263018
0.24568107526 -0.214360669325 0.026057617748 0.026057617748
0.0847565450434 -1.49486112684 -0.0262328654719 -0.0262328654719
0.143666680901 0.00288361570959 0.0264173759163 0.0264173759163
1.36027547086 0.818094036988 -0.026614394861 -0.026614394861
0.772070333257 -0.146569171462 0.0268279605161 0.0268279605161
0.956998558382 -0.157142978622 -0.0270632728502 -0.0270632728502
-0.167792485167 -1.22252222421 0.0273272560562 0.0273272560562
1.34073221351 -0.877765806303 -0.0276294519257 -0.0276294519257
-0.613506970371 -1.06722601937 0.0279835040757 0.0279835040757
0.523335447713 -0.987472231833 -0.0284097532263 -0.0284097532263
-0.557467345451 -0.889015364577 0.0289400600007 0.0289400600007
-0.76326725779 0.116860038645 -0.0296274663537 -0.0296274663537
-1.1865258454 0.0278605929652 0.0305675057107 0.0305675057107
0.322581740662 1.08330215982 -0.0319516796148 -0.0319516796148
-1.39630630172 -0.149829245794 0.0342288041485 0.0342288041485
0.461156745692 1.21597751398 -0.0387566747277 -0.0387566747277
-0.402654871884 0.829194195211 0.0524666014946 0.0524666014946
0.375914958282 0.0935989958847 0.99897290848 0.99897290848
