9.7619047619 9.57142857143 0.047619047619 0.0238095238095
0.752456686589 -0.0429286305374 -0.0266748377548 0.000583000741789
1.27691011301 0.0344181145875 0.0209783177815 -0.00851511321389
0.70242162408 -0.00217775101325 -0.0184947673477 0.0124814417139
1.3143303768 -0.143909183028 0.0170785373314 -0.0148849997004
0.670682408598 -0.996635734319 -0.0160939547155 0.016514152402
1.34434425494 0.295403854127 0.0153005954928 -0.0177038481231
0.636992817414 -0.207836343689 -0.0145920284176 0.0186207139904
1.40116768893 0.131609929674 0.0139147435745 -0.0193570800385
0.341123985221 0.195938601759 -0.0132381535371 0.0199683222892
-0.323655088302 1.38099712476 0.0125419740224 -0.0204897520254
-0.993918183195 0.682382168584 -0.0118102848589 0.020945030949
0.734367285291 1.29233885457 0.0110283561633 -0.0213506929179
-1.27297407776 0.724231895432 -0.0101806248399 0.0217187267508
0.0874367998196 1.25571381787 0.00924905876203 -0.0220581292269
-0.364992044458 0.795510025469 -0.00821146324616 0.0223758819255
1.12806115868 0.495248846261 0.00703936651593 -0.0226775920543
0.731980693685 -0.374966955783 -0.00569505889329 0.0229679311678
1.29981728612 0.334145616773 0.0041271502121 -0.0232509501987
0.707676273464 0.573441871336 -0.0022635655815 0.0235303192108
0.238095238095 0.428571428571 0.952380952381 -0.0238095238095
-5.26448993694 -0.415234150401 0.0028200290765 0.0240920413768
-0.34152874749 0.423366842875 -0.00644156755342 -0.0243815164194
-1.59796384205 -0.441485029681 0.0112691020237 0.0246819541514
-0.400853716026 0.469609981084 -0.0180164991633 -0.0249979549275
-1.62354767602 -0.512019128876 0.0280603030846 0.0253350203546
-0.332034964668 0.58012423705 -0.0444053150582 -0.0256999774643
-1.73993680829 -0.709715099419 0.0749752554671 0.0261015956663
-0.142255749792 1.13963602284 -0.148964487552 -0.0265515234665
-1.94981054312 -0.167744904302 0.521198840217 0.0270657716102
3.67772898763 1.89308651818 0.700508984928 -0.0276671686087
2.44832617342 2.05704965079 -0.286439025008 0.0283896371375
-0.586924863107 0.825250348768 0.234266485378 -0.0292861021864
0.226437587849 0.935183951746 -0.278499538799 0.0304442366887
-0.127163782419 0.842742480025 0.902553198507 -0.0320209154583
0.719866530195 -3.44278695677 0.273608563211 0.0343277335849
0.504418273705 -1.83744424604 -0.0924901103079 -0.0380848797746
-0.471574416823 -0.618119242384 0.055301154377 0.0454189056865
2.17569116781 -2.11022424631 -0.0578982469193 -0.0665749720287
-0.110518494675 -0.0961079139043 0.954113322952 0.972371702816
