10.5122016667 5.40472166736 0.234804537335 0.253528245596
0.958595603973 0.0889407548857 -0.0787407307679 -0.0972277052062
1.0968356952 -0.105929421952 0.0385950439281 0.0568707554508
0.891154182637 0.372650231955 -0.0200995043637 -0.0381832805864
0.565075049026 1.14756840636 0.00939405431682 0.0273006000043
-0.659028235495 0.877922237433 -0.00236416977704 -0.0201045923773
-0.248826269017 1.14780157037 -0.00264365856478 0.014938850827
-0.990481532566 0.672570926042 0.00642241941639 -0.0110079649705
-0.884412551957 0.00633516027595 -0.00939989225879 0.00788204810983
-1.19587330531 -0.0891388908732 0.0118272046825 -0.00530805636917
-0.409110786073 0.476441543708 -0.0138615211245 0.00312699806864
0.047353835221 1.17443159791 0.0156062632355 -0.00123362118673
-0.295183368474 0.547079054293 -0.017132287585 -0.000444856853241
-1.3056813394 0.464445093851 0.0184897519289 0.00196071841475
-0.480256590568 0.510750784142 -0.0197150954115 -0.00335285140064
-0.034189630703 1.00203745486 0.0208352925429 0.00465116805928
0.0313460025792 1.02757184932 -0.0218704910782 -0.0058794722508
0.451916287481 0.965800510551 0.0228356176768 0.00705739997234
1.26726685102 0.150094764334 -0.0237412427346 -0.00820179436092
0.775537186225 -0.0788187821728 0.024593798985 0.00932773491512
1.20095452203 0.053956433235 -0.0253950597809 -0.0104493630842
0.83351977587 -0.0178875829545 0.0261405042398 0.0115806044334
1.04713708328 -0.104686317624 -0.0268156334552 -0.0127358675023
0.158527797928 -0.684432114478 0.027387935526 0.0139307950635
0.734214351926 -0.430671771113 -0.0277883762821 -0.0151831534647
-0.504554794449 -1.32798674121 0.0278637946064 0.0165139730644
0.485093811514 -0.708629171721 -0.0272310963009 -0.01794910604
-0.507671984729 -1.29576807533 0.0246822875865 0.0195214652043
0.255423136673 -0.665445232572 -0.0138794387429 -0.0212743859428
-2.09010426937 -0.695555399144 0.728712566052 0.0232668903173
-3.62795232395 -0.197535621604 -0.0656156672378 -0.0255822969855
-0.311508981466 -0.369407575131 0.0570500798504 0.0283430064848
-0.572433385797 -0.340503002414 -0.0565507109556 -0.0317373847287
-0.980650225196 -0.894367400065 0.0588972256383 0.0360721736123
-0.217654663234 -0.528955678628 -0.0634905318463 -0.0418840857716
-0.755645242872 -0.714142964477 0.070981193599 0.0502067057904
0.769620006127 -0.714067395769 -0.0834849809101 -0.0633211134767
0.0981284489423 -0.511932412711 0.107147336383 0.0874558427301
0.433179218436 -0.969136098956 -0.16716072546 -0.147849742307
0.354690691964 0.18146381691 0.614024251936 0.59502989116
