12.0 7.0 -6.16790569236e-18 -6.16790569236e-18
9.01898859507 5.39542939261 -0.21217263557 -0.21217263557
2.31535686795 1.70021053412 -0.049858362025 -0.049858362025
-1.78199116925 -0.350946129794 0.113843039677 0.113843039677
-1.08643318076 0.335579708546 0.0614146266626 0.0614146266626
1.19935870816 1.63069866683 -0.0616630731061 -0.0616630731061
1.68617184909 1.58890629593 -0.059644545166 -0.059644545166
0.589697549484 0.724543672724 0.0285079396287 0.0285079396287
-0.117198979153 0.512637412875 0.0510235889996 0.0510235889996
0.0308006998851 1.06821788748 -0.00716414564048 -0.00716414564048
0.133752379995 1.37223375212 -0.0389004187894 -0.0389004187894
-6.86158436037e-05 1.0496551596 -0.00511927455713 -0.00511927455713
0.266460144972 0.743902261649 0.0257700698092 0.0257700698092
0.874981952846 0.897329665002 0.00993508964873 0.00993508964873
0.969695780799 1.15114610018 -0.0137411842779 -0.0137411842779
0.355766463951 1.10634006179 -0.00870898885043 -0.00870898885043
-0.165906242431 0.931749674237 0.00458932388794 0.00458932388794
-0.127377750305 0.925668514581 0.00302757186614 0.00302757186614
0.00768044270493 1.01601483281 0.000299661761152 0.000299661761152
-0.0972130908648 1.02062738773 0.00528353167954 0.00528353167954
0.0 1.0 -1.54197642309e-17 -1.54197642309e-17
0.573302222035 1.04010167345 -0.0141907540412 -0.0141907540412
1.00185020944 1.02222577702 -0.00591128245217 -0.00591128245217
0.707243339697 0.907172716286 0.0215233701604 0.0215233701604
0.132079319779 0.918976166879 0.0173628312464 0.0173628312464
-0.0156158604014 1.12265755635 -0.0250264834172 -0.0250264834172
0.0872265169969 1.1712736955 -0.0338687795952 -0.0338687795952
-0.097151683503 0.884950484373 0.0223142702771 0.0223142702771
-0.297476792876 0.714958561861 0.0547137695973 0.0547137695973
0.0645101185479 1.05507867287 -0.0105427878265 -0.0105427878265
0.518652559455 1.41267488926 -0.0793415559301 -0.0793415559301
0.0997122300002 1.07580779861 -0.0147540567717 -0.0147540567717
-0.737862987084 0.455330178046 0.108330823829 0.108330823829
-0.42871984933 0.689022610863 0.0640290014897 0.0640290014897
0.938177788151 1.67627149268 -0.147009741914 -0.147009741914
1.02640997856 1.74623295878 -0.17719736505 -0.17719736505
-1.10477239356 0.164643813685 0.232350521524 0.232350521524
-2.30133994761 -1.04642686227 0.809323772152 0.809323772152
1.23032449431 0.666820408154 0.983531763944 0.983531763944
8.08648388666 4.61339366768 0.569863089361 0.569863089361
