7.45328203235 11.7401660185 0.0878094067108 0.0878094067108
-0.451189017401 0.840861156015 -0.0299737243302 -0.0299737243302
-0.608990332517 1.19316133097 0.0120390973011 0.0120390973011
-0.0607127052481 0.787684439089 -0.00322348195754 -0.00322348195754
0.138972440897 1.22457246765 -0.00207029023193 -0.00207029023193
-0.211580438451 0.767303151939 0.00563791865112 0.00563791865112
0.850211406119 1.23737480032 -0.0082327891933 -0.0082327891933
0.975898155816 0.763582383921 0.0102266236483 0.0102266236483
1.05862364344 0.319610278149 -0.011824197472 -0.011824197472
0.930005789275 -0.293408500388 0.0131477865421 0.0131477865421
1.07268762254 0.299044238769 -0.0142750899139 -0.0142750899139
0.929577823297 -0.321987812712 0.0152580228411 0.0152580228411
1.06422273141 0.390964896245 -0.0161327714552 -0.0161327714552
0.94608250091 -0.928938623561 0.0169255156343 0.0169255156343
1.03828226479 -0.194106032274 -0.0176558596291 -0.0176558596291
0.985639260427 0.00948840405883 0.0183389840367 0.0183389840367
0.974911919073 -0.932189391654 -0.0189870538115 -0.0189870538115
1.1028742199 -0.895583568579 0.0196101795032 0.0196101795032
0.636637016661 -0.116044172886 -0.0202171052344 -0.0202171052344
0.350879747574 -0.897580567362 0.0208157301381 0.0208157301381
0.642325485065 -0.0368954918173 -0.0214135333118 -0.0214135333118
0.365499014805 -1.50583175568 0.0220179527486 0.0220179527486
0.643575744238 -0.586406074215 -0.0226367598356 -0.0226367598356
-0.376045142564 -1.36926164351 0.0232784701722 0.0232784701722
0.283858096859 -0.662907173385 -0.0239528384101 -0.0239528384101
-0.208450767683 -1.30119923257 0.0246715016407 0.0246715016407
0.0115958670779 -0.766900366749 -0.0254488679072 -0.0254488679072
-1.36277935721 -0.920505878155 0.0263034048467 0.0263034048467
-0.703810760845 0.0720892513974 -0.0272595910423 -0.0272595910423
-1.26757556141 -1.70078439166 0.0283509973236 0.0283509973236
-0.749637379755 0.269320332815 -0.0296253730734 -0.0296253730734
-1.23837538554 -0.438331518668 0.0311534737046 0.0311534737046
-0.77067569172 0.5353202684 -0.0330453170173 -0.0330453170173
-1.22209733441 0.394228537807 0.0354823822929 0.0354823822929
-0.784000395032 0.580550450526 -0.0387875907689 -0.0387875907689
-1.2103847617 0.71231216686 0.04359740178 0.04359740178
-0.795835010764 1.4407075716 -0.0513657886783 -0.0513657886783
-1.19411453295 -0.0313076483081 0.0663005423375 0.0663005423375
-0.83671085033 0.982203062944 -0.107755572169 -0.107755572169
-0.402677357003 0.00629130284558 0.891807092478 0.891807092478
