11.0 6.0 -5.69345140833e-18 -5.69345140833e-18
1.31459582704 0.103277138866 -0.0126987193734 -0.0126987193734
0.646341832016 -0.0804590695298 0.0170394541689 0.0170394541689
1.39088954016 0.0737108804936 -0.0192511077136 -0.0192511077136
0.563069876188 -0.0980613203075 0.0206049999974 0.0206049999974
1.52012002442 0.925819844046 -0.021528612988 -0.021528612988
-0.380804396352 1.03502584494 0.0222061391504 0.0222061391504
0.555996507594 0.968532312659 -0.0227300593561 -0.0227300593561
-1.42401680598 1.03489799569 0.0231519577695 0.0231519577695
0.349822649031 0.960379994056 -0.0235029277516 -0.0235029277516
-1.30382838392 1.03973751603 0.023802875328 0.023802875328
0.76668359232 0.991131946604 -0.0240651832856 -0.0240651832856
0.853759769929 0.464145700042 0.0242992296542 0.0242992296542
1.28156153722 -0.415283638901 -0.0245118320896 -0.0245118320896
0.611125758492 1.02982259874 0.0247081193806 0.0247081193806
1.54085174711 0.160402339323 -0.0248920813543 -0.0248920813543
-0.153360732335 0.680962741416 0.0250669307312 0.0250669307312
0.980138587214 0.484231679358 -0.0252353516641 -0.0252353516641
0.163029561324 0.297208209996 0.0253996788933 0.0253996788933
0.68779207634 1.30021665175 -0.0255620347504 -0.0255620347504
0.509179032799 0.805052396325 0.0257244420801 0.0257244420801
-0.025827508499 1.14020902323 -0.0258889263018 -0.0258889263018
-0.114310365967 0.898198676665 0.026057617748 0.026057617748
0.227239232367 1.06554823165 -0.0262328654719 -0.0262328654719
-0.524837080559 0.990035853343 0.0264173759163 0.0264173759163
-0.970814861111 0.780980956976 -0.026614394861 -0.026614394861
-1.11880626361 -0.310198883308 0.0268279605161 0.0268279605161
-0.837511575714 0.440565337468 -0.0270632728502 -0.0270632728502
-1.19122037224 0.902255493427 0.0273272560562 0.0273272560562
-0.787247580996 -0.435091298595 -0.0276294519257 -0.0276294519257
-1.22982076659 -0.876171565573 0.0279835040757 0.0279835040757
-0.756796974165 0.17222385713 -0.0284097532263 -0.0284097532263
-1.25184252591 -0.104898594621 0.0289400600007 0.0289400600007
-0.750360648494 0.0928141075691 -0.0296274663537 -0.0296274663537
-1.19654069732 -0.144028894815 0.0305675057107 0.0305675057107
0.375241921045 -1.02879489861 -0.0319516796148 -0.0319516796148
-1.54667165045 0.171692959412 0.0342288041485 0.0342288041485
-0.356056718372 -1.42335669835 -0.0387566747277 -0.0387566747277
3.75622087714 -7.06855099121 0.0524666014946 0.0524666014946
0.160349292166 0.309148899948 0.99897290848 0.99897290848
