7.15790695497 11.9653590774 0.106678401451 0.106678401451
0.632351503738 -0.834844731921 -0.0386198285181 -0.0386198285181
0.439544461984 -0.134863004169 0.0178365494932 0.0178365494932
0.526685033221 -0.891119169424 -0.00767553570551 -0.00767553570551
0.457991013208 -0.0819229942822 0.00159110820153 0.00159110820153
1.15046938331 -0.952431873723 0.00250208821776 0.00250208821776
0.950067857447 0.012035972663 -0.00547555138759 -0.00547555138759
0.99695264468 -0.177899549347 0.00775818913588 0.00775818913588
1.0390877594 0.238206188365 -0.00958585460569 -0.00958585460569
0.932283715054 -0.274196062599 0.0110991898635 0.0110991898635
1.09363346686 0.305245816396 -0.0123874688029 -0.0123874688029
0.879211822658 -0.358304573235 0.0135102877648 0.0135102877648
1.15596508194 1.03400581529 -0.0145091551538 -0.0145091551538
0.773651447071 0.847879816958 0.0154140807819 0.0154140807819
0.334493597698 1.0632908956 -0.0162475222392 -0.0162475222392
0.684393406292 -0.106096802739 0.0170268583187 0.0170268583187
-0.00924290777375 1.4537681996 -0.0177660060442 -0.0177660060442
-0.0777258735639 0.60927895004 0.0184765236671 0.0184765236671
0.151551885375 1.36050716405 -0.0191683993197 -0.0191683993197
-0.909941991952 0.672853002556 0.0198506480202 0.0198506480202
-0.0892099505409 1.24350247967 -0.0205317974483 -0.0205317974483
-1.07958408144 -0.178355604029 0.0212203202937 0.0212203202937
-0.898379574652 1.22429333935 -0.0219250606741 -0.0219250606741
-1.11798002117 -0.615333401799 0.0226557009985 0.0226557009985
-0.868178337116 0.559193970978 -0.0234233233872 -0.0234233233872
-1.14450599324 -0.570226216851 0.0242411386667 0.0242411386667
-0.843201966345 1.35383855171 -0.0251254920612 -0.0251254920612
-1.16924219156 -0.415945169549 0.026097320507 0.026097320507
-0.817682004127 0.470669935116 -0.027184357638 -0.027184357638
-1.19651917074 -0.511967197553 0.0284246127249 0.0284246127249
-0.787641676311 0.593688401658 -0.0298721081928 -0.0298721081928
-1.22999188223 -1.1695121666 0.0316068269117 0.0316068269117
-0.755121475601 0.114983115885 -0.0337530077361 -0.0337530077361
-0.467164892484 -1.12166205882 0.0365153267304 0.0365153267304
-0.487151826987 0.180798458852 -0.0402573720228 -0.0402573720228
-0.38662750888 -1.43345414829 0.0456940932212 0.0456940932212
0.803268511239 -0.575361246154 -0.0544530895758 -0.0544530895758
0.205134508858 -1.42649855561 0.0712166405387 0.0712166405387
0.831339805349 -0.590467968766 -0.117232928949 -0.117232928949
0.0956312054936 -0.709023613216 0.865343171344 0.865343171344
