11.0 13.0 -2.27738056333e-17 -5.69345140833e-18
-0.684698611127 1.30298509723 -0.0168468384176 -0.0126987193734
-1.34652012254 0.705397606412 0.0253079158553 0.0170394541689
0.270196523573 1.28734194629 -0.0316726593943 -0.0192511077136
-0.333971451254 0.713939166895 0.0372749432882 0.0206049999974
1.18190276549 1.31339214188 -0.0426109468053 -0.021528612988
0.763256725022 -0.0987459214789 0.0479447229736 0.0222061391504
1.25499679114 0.14072855087 -0.053466573162 -0.0227300593561
0.732857058458 -0.131264274179 0.0593538335076 0.0231519577695
1.28067111109 0.10491516224 -0.0658069010847 -0.0235029277516
0.695949945014 -0.0601121502809 0.0730845193594 0.023802875328
1.36850638341 -0.0330725816354 -0.0815544356271 -0.0240651832856
0.0313414916844 0.669994156144 0.09178334772 0.0242992296542
0.136933483633 1.1146413509 -0.104719700298 -0.0245118320896
-0.174749858014 0.984929481473 0.122115767553 0.0247081193806
0.191467203223 0.913899231602 -0.147670849811 -0.0248920813543
-0.203984017068 1.2213406151 0.19093776676 0.0250669307312
0.222687905885 0.569232412209 -0.28719527776 -0.0252353516641
-0.27561353584 1.64172812943 0.775206220041 0.0253996788933
0.647620628958 -4.49571325269 0.519171646736 -0.0255620347504
1.04177728804 -4.69093895956 -0.114690678784 0.0257244420801
0.98489899803 1.75834506958 0.0119344906915 -0.0258889263018
1.04036016687 -1.15379384442 0.0579079994031 0.026057617748
0.899679720073 0.877466446088 -0.151828159398 -0.0262328654719
1.11052166334 -0.684905171286 0.47329601151 0.0264173759163
-1.75901131185 0.35757929494 0.805940062919 -0.026614394861
-3.42232508232 -1.78627590559 -0.224610159668 0.0268279605161
0.988963600318 -0.329722255211 0.125533948827 -0.0270632728502
-0.447263882054 -1.60750163852 -0.0820956363903 0.0273272560562
1.58269575994 -0.435581457887 0.0566019231134 -0.0276294519257
-0.85937446916 -1.53204107022 -0.0392265060907 0.0279835040757
0.882441356836 -0.493106367815 0.026220419084 -0.0284097532263
0.350491179363 -1.48772999994 -0.0158067122116 0.0289400600007
0.509247562557 -0.52479825736 0.00699750093851 -0.0296274663537
0.591150954462 -1.47435701016 0.000854033930326 0.0305675057107
0.331841639492 -0.483244317161 -0.00828918415392 -0.0319516796148
0.731026059749 -0.375828426251 0.0159922827799 0.0342288041485
0.202672639216 -0.728603067801 -0.0254880520241 -0.0387566747277
-0.25569934452 -1.28973221945 0.0438318669248 0.0524666014946
0.275516619349 0.347417417835 1.00321112409 0.99897290848
