6.44430917371 20.7807833689 0.0878094067108 0.0878094067108
0.829080786593 -1.32699995761 -0.0299737243302 -0.0299737243302
1.19188305498 0.544544640018 0.0120390973011 0.0120390973011
0.795134643556 -0.495347942269 -0.00322348195754 -0.00322348195754
1.2158168387 0.457267090513 -0.00207029023193 -0.00207029023193
0.772884483275 -0.381130232457 0.00563791865112 0.00563791865112
1.24051307602 -0.300269451834 -0.0082327891933 -0.0082327891933
0.741783361592 -0.729567886829 0.0102266236483 0.0102266236483
1.28418954433 0.530216927617 -0.011824197472 -0.011824197472
0.672311067712 -1.44361118483 0.0131477865421 0.0131477865421
1.41907336456 0.478922112839 -0.0142750899139 -0.0142750899139
0.216242579494 -1.80911161102 0.0152580228411 0.0152580228411
0.772602723569 -0.242296382554 -0.0161327714552 -0.0161327714552
-0.198262621615 -1.7876484706 0.0169255156343 0.0169255156343
-1.19553090865 0.412893950341 -0.0176558596291 -0.0176558596291
-0.929246799705 -0.594442633772 0.0183389840367 0.0183389840367
-1.02055872631 0.683883592358 -0.0189870538115 -0.0189870538115
-1.00205914669 0.281177745756 0.0196101795032 0.0196101795032
-0.991954691426 0.51596842685 -0.0202171052344 -0.0202171052344
-0.99599902331 -0.578522194397 0.0208157301381 0.0208157301381
-1.05928271521 0.650479037204 -0.0214135333118 -0.0214135333118
-0.442875006873 -1.15064450231 0.0220179527486 0.0220179527486
0.170463632368 -0.587186503577 -0.0226367598356 -0.0226367598356
-0.104830591057 -1.44947270876 0.0232784701722 0.0232784701722
0.0439357486209 -0.562417916366 -0.0239528384101 -0.0239528384101
0.112259480039 -1.32269810609 0.0246715016407 0.0246715016407
0.889845827772 0.389520217012 -0.0254488679072 -0.0254488679072
0.0454030982624 -1.73639254626 0.0263034048467 0.0263034048467
1.39126676689 -0.305465189199 -0.0272595910423 -0.0272595910423
0.692373142445 -1.7292431558 0.0283509973236 0.0283509973236
1.27435842985 0.354308033297 -0.0296253730734 -0.0296253730734
0.742583222888 -0.526345705709 0.0311534737046 0.0311534737046
1.24812425965 0.567534027467 -0.0330453170173 -0.0330453170173
0.756652197642 -0.595233215498 0.0354823822929 0.0354823822929
1.24188182635 0.631193900135 -0.0387875907689 -0.0387875907689
0.756432662509 -0.709615436619 0.04359740178 0.04359740178
1.24941366882 1.14061625396 -0.0513657886783 -0.0513657886783
0.736626846113 -0.00621323326613 0.0663005423375 0.0663005423375
1.30465820902 0.318210036656 -0.107755572169 -0.107755572169
-0.0892812642722 -0.367643193328 0.891807092478 0.891807092478
