23.2498313486 22.3120411345 0.0677191564491 0.0677191564491
-1.65597084185 -0.413672773835 -0.0205767714385 -0.0205767714385
-0.160029673882 0.210172808703 0.00572843925721 0.00572843925721
-0.752243586557 -1.25772844255 0.00161068756522 0.00161068756522
-0.592253406211 0.343437254636 -0.00603075951334 -0.00603075951334
-1.54672157836 -1.79463655497 0.00901506873318 0.00901506873318
0.0508094647723 -0.295663101551 -0.0111884543258 -0.0111884543258
-0.350906470924 -1.6664922018 0.01286002633 0.01286002633
0.413953151965 -0.35443196831 -0.014200387383 -0.014200387383
-0.444985343425 -1.6311693576 0.0153115519148 0.0153115519148
-0.437624200467 -0.385331184188 -0.0162584164421 -0.0162584164421
-0.542204397516 -1.55176275164 0.017084382077 0.017084382077
-0.674807847905 0.776115594813 -0.0178197244317 -0.0178197244317
-1.16220303193 -0.946859838929 0.0184863629584 0.0184863629584
0.596801196691 -0.4787880047 -0.0191007227477 -0.0191007227477
-0.54416112841 -1.58502833825 0.0196755312526 0.0196755312526
0.518838034733 -0.374371671311 -0.0202209948535 -0.0202209948535
-0.471315608799 -1.69714308479 0.0207456028068 0.0207456028068
-0.21600384249 0.435896885995 -0.0212567032451 -0.0212567032451
-1.6647543977 -1.40086183642 0.0217609403109 0.0217609403109
-0.340740439495 -0.448404770874 -0.0222646109946 -0.0222646109946
-1.69671783027 -0.558898397339 0.0227739839563 0.0227739839563
-0.131526037589 0.741976513295 -0.0232956152925 -0.0232956152925
-0.767354904723 0.372491989357 0.0238366956316 0.0238366956316
-0.59780207278 0.205730624607 -0.0244054689377 -0.0244054689377
-1.48717136083 0.0876190761934 0.0250117777799 0.0250117777799
-0.464519649499 1.57141272843 -0.0256678171606 -0.0256678171606
-1.60371115346 0.469397128679 0.026389228818 0.026389228818
0.313425608439 1.51908659672 -0.0271967596963 -0.0271967596963
-0.462452295057 0.483955022417 0.0281188830227 0.0281188830227
0.528533291376 1.52169482055 -0.0291961290124 -0.0291961290124
0.514101563318 0.423310513102 0.0304886092009 0.0304886092009
1.50633440962 0.343699969158 -0.0320898912846 -0.0320898912846
0.479522233796 -0.15013558111 0.0341545265232 0.0341545265232
1.53268016563 1.36857788296 -0.0369580053644 -0.0369580053644
0.455040724523 -1.26068350569 0.0410446328003 0.0410446328003
1.55928329505 -0.000828826472797 -0.047662439055 -0.047662439055
0.420365242777 -0.240042228306 0.060446073622 0.060446073622
1.62272042628 -0.442073728048 -0.0963555810701 -0.0963555810701
-0.448604511974 -0.615244759073 0.91857400033 0.91857400033
