8.25439235997 5.37776046495 0.218560768295 0.218560768295
0.995729169247 -0.124738786014 -0.0852006975277 -0.0852006975277
1.05721680896 0.0601968843612 0.0488980614404 0.0488980614404
0.909101855808 0.116681504597 -0.031812598788 -0.031812598788
1.12459389555 0.765785594354 0.0217809824839 0.0217809824839
0.814941875139 -0.219757257911 -0.0151142914981 -0.0151142914981
0.455517608551 0.892644748222 0.0103120071963 0.0103120071963
0.477983030908 0.187389423802 -0.00664840296605 -0.00664840296605
0.586095410305 0.775649194609 0.00372928168742 0.00372928168742
1.23111081529 0.247618353431 -0.00132173685447 -0.00132173685447
0.404431032608 0.723598045159 -0.000721001106101 -0.000721001106101
0.614617455123 0.891829316644 0.00249632730477 0.00249632730477
0.151891975961 1.14535832497 -0.00407172988461 -0.00407172988461
-0.0645158631981 0.861140184467 0.00549577732455 0.00549577732455
-0.0530743488349 1.06507585204 -0.00680465767718 -0.00680465767718
-0.755728067298 0.0584004116829 0.0080262541944 0.0080262541944
-0.282820679293 1.38644078089 -0.00918279554898 -0.00918279554898
-1.40514228114 0.54332989183 0.0102926534404 0.0102926534404
-0.37817807469 0.599940864849 -0.0113716195655 -0.0113716195655
-0.623327557246 0.370562411828 0.0124338644718 0.0124338644718
-0.385774601097 0.636604098847 -0.0134927097808 -0.0134927097808
-0.597092666877 0.368534034242 0.0145613069723 0.0145613069723
-0.440968978179 0.605008203429 -0.0156532978063 -0.0156532978063
-1.26720230169 -0.327681759268 0.0167835279901 0.0167835279901
-0.795216776166 0.287860901142 -0.0179688958407 -0.0179688958407
-1.16572650184 -0.292475194619 0.0192294444922 0.0192294444922
-0.896421654114 0.345773455917 -0.0205898580808 -0.0205898580808
-0.731043126643 -0.728680992858 0.0220816170885 0.0220816170885
-0.265908364881 -0.230886226038 -0.0237462419042 -0.0237462419042
-0.732783176164 -0.978014789619 0.0256403825268 0.0256403825268
-0.277402214195 -0.940423616761 -0.0278441627246 -0.0278441627246
-0.127829422046 -1.08446983184 0.0304755474672 0.0304755474672
0.194082311714 -0.90544169207 -0.0337165508304 -0.0337165508304
-0.241983881149 -1.09783602296 0.0378645340365 0.0378645340365
0.345492224959 -0.903383114643 -0.0434419954595 -0.0434419954595
0.496989643438 -1.09116077887 0.0514609896811 0.0514609896811
0.11212761047 -0.920035684157 -0.0641742834283 -0.0641742834283
0.482864375937 -1.05753910515 0.0878213422685 0.0878213422685
0.611642106533 -1.00054764628 -0.148458070257 -0.148458070257
0.315467118421 -0.484184521297 0.674131667908 0.674131667908
