6.12366945595 10.995062113 0.156307312843 0.156307312843
-0.60267373169 0.766495416314 -0.0604105981461 -0.0604105981461
-0.429337113181 1.23020853118 0.0324056816837 0.0324056816837
-0.0523433019511 0.778458431926 -0.0189212972355 -0.0189212972355
0.178069149228 1.20691035437 0.0109108254706 0.0109108254706
0.655244168171 0.830072621629 -0.00554861910269 -0.00554861910269
0.328384218745 0.928077464784 0.00166667900169 0.00166667900169
1.16435529751 -0.469399645381 0.00130576214797 0.00130576214797
0.237545907997 1.1009429598 -0.00368099376193 -0.00368099376193
0.79863026397 -0.193316384261 0.00564453632532 0.00564453632532
1.13579172063 0.497796204576 -0.00731380062431 -0.00731380062431
0.876846912967 0.532336328865 0.00876697431048 0.00876697431048
1.12061773344 -0.104890625255 -0.0100583998287 -0.0100583998287
0.878213895928 0.091765503375 0.0112272912889 0.0112272912889
1.12525752172 -0.271690824714 -0.0123029415953 -0.0123029415953
0.868822308278 -0.674913436867 0.0133079785363 0.0133079785363
1.14098070889 -0.362827602465 -0.0142604887728 -0.0142604887728
0.840988785876 -0.583058165532 0.0151754632604 0.0151754632604
1.20192774439 -0.568666438934 -0.0160658279455 -0.0160658279455
0.582654623352 -1.32996445084 0.0169432213619 0.0169432213619
0.0162414461414 -0.707640077543 -0.0178186246452 -0.0178186246452
-0.095662773258 -1.2725030344 0.0187029193609 0.0187029193609
0.925497575315 -0.739014316633 -0.0196074345917 -0.0196074345917
-0.233175134853 -1.25494821132 0.0205445426997 0.0205445426997
-1.051273408 -0.745738053488 -0.0215283724717 -0.0215283724717
-1.02276933422 -1.26220780352 0.0225757317582 0.0225757317582
-0.288240340126 -0.703414223156 -0.0237073766361 -0.0237073766361
-0.673862004972 -0.463773601958 0.0249498460653 0.0249498460653
-0.289811828818 -0.557059276225 -0.0263382316246 -0.0263382316246
-1.12902946427 -0.0139770667181 0.0279205376272 0.0279205376272
-0.941280616346 0.0542953129666 -0.0297648541249 -0.0297648541249
-1.00911326603 -0.0415849470996 0.0319717574586 0.0319717574586
-1.07470346432 -0.0253807780948 -0.0346970396354 -0.0346970396354
-0.535235775242 0.405941839286 0.0381964654162 0.0381964654162
-0.462595924534 0.604298645378 -0.0429223091236 -0.0429223091236
-0.490245492512 0.426899901229 0.0497583130966 0.0497583130966
-0.684606670647 0.488911774092 -0.0606974235981 -0.0606974235981
-1.23149975573 0.871661299047 0.081381681132 0.081381681132
-0.83263710149 0.712678550082 -0.136516669727 -0.136516669727
-0.53903069141 -0.380925920138 0.788824312958 0.788824312958
