20.0 6.0 -7.01193489237e-17 0.0
0.0438826836327 0.439339328328 -0.0158225174591 -0.0253141048256
-1.99687393001 -0.510257616174 0.0179378674366 0.0332659354587
-0.0522885246732 0.558321609131 -0.0174674827329 -0.0362587720026
-1.88689707802 -0.62441802474 0.0163447860204 0.0369108382567
-0.214659446972 1.2857608695 -0.0150786268333 -0.0361501990165
-1.15632589095 0.618027622713 0.0138245264219 0.0344217922128
1.02108026899 1.37680738643 -0.0126289519836 -0.0319938149118
-1.45209584752 0.652161016001 0.0115007470632 0.0290596878669
0.0230061462882 1.30995082679 -0.0104352815526 -0.0257777985526
-0.278530449262 0.727142056249 0.00942333119821 0.0222883367499
0.232309818095 1.25809409092 -0.00845444902227 -0.0187204813349
0.0537262701953 0.568196610305 0.00751819512687 0.0151951088208
1.42743157251 -0.19856713181 -0.00660449017488 -0.0118252866554
0.681134177684 0.3780178001 0.00570359573696 0.00871564465372
1.26841550735 0.85615282957 -0.00480592602591 -0.00596120272135
0.70075767013 -0.00771900572197 0.00390177021979 0.00364598765306
-0.000371111708995 1.15918174315 -0.0029809474629 -0.00184164613246
-0.0201072707007 0.941131638436 0.00203238636733 0.000606191786493
0.0118679837466 1.01821987799 -0.00104359937057 1.70171802408e-05
-3.73969860926e-16 1.0 -1.16865581539e-17 1.31473779232e-17
-0.0168694632794 0.99018141596 0.0011160196702 -0.000669476158262
0.067635081391 1.04179139897 -0.00232638283889 0.00198791492502
-0.924888826279 0.138238941639 0.00365920709671 -0.00393652709454
-0.264574162006 0.580567431793 -0.00515162893566 0.00648210809613
-0.435160084354 1.46736397645 0.0068542031424 -0.00957838123253
-1.55236390882 -0.188819921135 -0.0088380266526 0.0131678423169
0.166504126306 0.997093875258 0.0112067951028 -0.0171841694633
-0.880043646076 0.247706310159 -0.0141182949306 0.0215553218912
-0.779424405091 0.0640883203246 0.0178251992649 -0.0262075748865
-1.33861695511 0.176758210639 -0.0227588138364 0.0310709939191
-0.583396021382 1.30606433315 0.0297192833639 -0.0360874046928
-1.47581296416 -0.971155577109 -0.0403709136503 0.0412231944778
-0.481256144138 1.04220706246 0.0588146385599 -0.0464924997795
-1.54304107061 -1.21788457788 -0.0984771101832 0.0520054167113
-0.424139243143 1.561239637 0.24163508263 -0.0580856588842
0.199172400861 -2.62726552138 1.00102686342 0.0656228342677
5.95931269404 -9.33326107318 -0.202785019371 -0.0775032922379
-0.488721374392 0.584441201402 0.155458680967 0.109090639409
1.1270635227 0.0719431335475 0.979908442105 0.995887062876
