7.52013343401 6.69725570419 0.228394319123 0.228394319123
-0.297723692248 0.979451039868 -0.0887608147718 -0.0887608147718
0.871709767462 1.05265579788 0.0512593452856 0.0512593452856
0.962177379037 0.938093756195 -0.0336839201125 -0.0336839201125
0.693330932936 1.06953662978 0.0233866599225 0.0233866599225
-0.918939063179 0.331536241824 -0.0165524236952 -0.0165524236952
-0.192844458767 0.603490784956 0.0116338917405 0.0116338917405
-0.732042191477 0.442020924016 -0.00788410197502 -0.00788410197502
0.276843254431 1.21177353276 0.00489785545886 0.00489785545886
-1.15756397801 0.864435866289 -0.00243598046027 -0.00243598046027
1.23347154933 1.08117522043 0.000347875480408 0.000347875480408
-0.377687755284 1.00140190978 0.00146633425725 0.00146633425725
0.842964301968 0.564107161487 -0.00307581770902 -0.00307581770902
0.109148795776 0.501773897905 0.00453032886127 0.00453032886127
1.14949685655 0.206459945554 -0.00586692218603 -0.00586692218603
0.799802098593 -0.0972102574936 0.00711413563019 0.00711413563019
1.2133986375 -0.0873769959839 -0.00829470912487 -0.00829470912487
0.787866828326 -0.728132904088 0.00942742743286 0.00942742743286
1.1886938956 -0.380938488529 -0.010528428379 -0.010528428379
-0.0785786054809 -1.32665158951 0.0116121843579 0.0116121843579
-0.262691646828 -0.748779079675 -0.0126922919665 -0.0126922919665
-1.35860101303 -1.20840072397 0.0137821651972 0.0137821651972
-0.691019845742 -0.82684255579 -0.014895708922 -0.014895708922
-1.29215864884 -1.13302505205 0.0160480456724 0.0160480456724
0.0558870112863 -0.936720496906 -0.0172563788722 -0.0172563788722
0.155684866244 -0.734180919988 0.0185411027431 0.0185411027431
1.37417730918 0.184151645396 -0.0199273215981 -0.0199273215981
0.672678393179 -0.86151321357 0.0214470371144 0.0214470371144
1.32136836227 -0.209795261784 -0.0231424380784 -0.0231424380784
0.0720983888332 -1.35665320801 0.0250710596276 0.0250710596276
0.907424308689 -0.721510962967 -0.0273142361881 -0.0273142361881
-0.332712907366 -1.23272081308 0.0299916458781 0.0299916458781
-0.5247652295 -0.0986871064371 -0.0332878186546 -0.0332878186546
-1.37157780834 -0.876595998943 0.0375039671711 0.0375039671711
-0.650285054716 0.422227553396 -0.0431687657929 -0.0431687657929
-1.34501189281 0.424192031139 0.0513046593655 0.0513046593655
-0.647373942361 0.204107024486 -0.0641823695324 -0.0641823695324
-1.38631310431 0.381227391512 0.0880672546544 0.0880672546544
-0.397721412265 0.683101697573 -0.14891272833 -0.14891272833
-0.19274412065 0.267014417815 0.653308608648 0.653308608648
