13.0 7.0 -8.07434927e-17 6.72862439167e-18
3.4786379425 1.52369204424 -0.0654207337649 -0.0915924040904
-1.13337780082 -1.32989330134 0.067602654064 0.108168727803
2.61208125045 0.932904455764 -0.0511683828572 -0.0930047642914
-0.00731575089038 -0.347930926824 0.0299256447599 0.0615938384848
1.40408327037 1.24298043337 -0.0106204527528 -0.02473802562
1.16082383301 0.130643040206 -0.00334477928335 -0.00883371268776
-0.31644022849 0.275002498926 0.0108817884845 0.0327359575025
1.01560710508 1.79548129796 -0.0126057501943 -0.043532895711
0.561698915004 0.299414170357 0.0102186208658 0.040993638597
-0.254815842869 1.4611411792 -0.00585886992793 -0.027787485742
-1.01113927334 0.858279602088 0.00150098732785 0.00864068647186
-0.103213664889 0.821814443115 0.00149359634058 0.0108730445906
-0.535132746002 1.42359233891 -0.00259928671553 -0.0256471788823
-0.952174982533 0.459663273241 0.00209825990162 0.0321783640477
0.527601068579 1.50558320738 -0.000834303809564 -0.0292826634529
-0.259401389744 0.670201784553 -0.000169373390073 0.0182473481505
0.027052783057 1.04707102948 0.000116820914509 -0.00240118236081
0.092075915783 1.32223740695 0.00124388003385 -0.0137836690885
0.437178216663 -0.201350180179 -0.00348378337056 0.0258411668186
1.10127145561 0.791188544465 0.00558041256662 -0.0304408689144
-0.610074322418 0.841124494723 -0.0062168996407 0.0262325057699
0.298166423486 1.12488054562 0.0042264651722 -0.0142069965659
0.0567368337253 1.02372837771 0.000922900692933 -0.00251385840185
-1.11845595684 0.842882078543 -0.00872206203411 0.0194158903943
-0.670755929599 0.808499202358 0.017394149468 -0.0316944674954
-1.39807852177 -0.673789725897 -0.0239013883622 0.0354696980658
-0.672431668092 0.519998741123 0.0241603288267 -0.0288352382472
-1.14069922928 -0.227087181235 -0.0133160544295 0.0124941783925
-1.11257321747 -0.19236134992 -0.0143386056144 0.0101752137761
-0.634897733756 0.682596197574 0.06714973769 -0.033654482335
-1.5560247889 -1.17006735784 -0.16655727791 0.0513138542459
-0.258264781504 1.59737490499 0.44811830083 -0.0567073208219
0.0615574947349 -2.04518686141 0.963672434941 0.0448211313347
2.15532949188 -6.9431664173 -0.0604108422679 -0.0129083110059
1.56630067489 -1.71837628743 -0.104873435674 -0.0395607975914
-0.249817996883 0.0962816274844 0.209299558087 0.112864080394
2.92623591225 0.288256895065 -0.307581092162 -0.215846696917
-1.6157908761 -0.789670286454 0.503711822565 0.43661117861
2.52237750906 1.22206303014 0.916947434872 0.950423728894
