8.0 20.0 0.0 0.0
1.0 -8.32667268469e-17 -6.10622663544e-17 -6.10622663544e-17
1.0 5.3290705182e-16 0.0 0.0
1.0 -1.29416953827e-16 -1.05588484211e-17 -1.05588484211e-17
1.0 -3.99680288865e-16 0.0 0.0
1.0 -3.99680288865e-16 -2.46601099199e-18 -2.46601099199e-18
1.0 -1.0 0.0 0.0
1.0 -1.7763568394e-16 -8.881784197e-17 -8.881784197e-17
1.0 -7.1054273576e-16 0.0 0.0
1.0 1.48477855279e-16 -2.06537868833e-17 -2.06537868833e-17
1.0 -1.0 0.0 0.0
1.0 -1.16573417586e-16 2.46519032882e-33 2.46519032882e-33
-2.6645352591e-16 -1.0 0.0 0.0
-4.4408920985e-16 -1.0 3.45986822688e-19 3.45986822688e-19
-8.881784197e-17 -1.0 0.0 0.0
-1.0 -3.21964677141e-16 0.0 0.0
-1.61324848592e-17 -1.0 0.0 0.0
-1.0 2.63555142085e-16 2.74624656597e-17 2.74624656597e-17
-1.0 -1.0 0.0 0.0
-1.0 2.15805105452e-16 1.05588484211e-17 1.05588484211e-17
-1.0 7.77156117238e-17 0.0 0.0
-1.0 2.44249065418e-16 -1.66533453694e-17 -1.66533453694e-17
1.7763568394e-16 -1.0 0.0 0.0
2.6645352591e-16 -1.0 0.0 0.0
1.61324848592e-17 -1.0 0.0 0.0
1.0 -2.93121701959e-16 6.34476881747e-18 6.34476881747e-18
8.881784197e-17 -1.0 0.0 0.0
1.0 2.98304115418e-16 6.5257272063e-18 6.5257272063e-18
1.0 4.32986979604e-16 0.0 0.0
1.0 6.66133814775e-17 2.95299260945e-17 2.95299260945e-17
1.0 -8.881784197e-17 0.0 0.0
1.0 1.7763568394e-16 0.0 0.0
1.0 -7.1054273576e-16 0.0 0.0
1.0 -9.11557197891e-17 -7.60233247071e-18 -7.60233247071e-18
1.7763568394e-16 -1.0 0.0 0.0
1.0 -3.23630000688e-16 -6.5257272063e-18 -6.5257272063e-18
1.0 -4.4408920985e-16 0.0 0.0
1.0 -1.7763568394e-16 4.47545946754e-17 4.47545946754e-17
1.0 4.4408920985e-16 0.0 0.0
-1.7763568394e-16 -5.55111512313e-17 1.0 1.0
