6.27979368935 17.1983200748 0.0878094067108 0.0878094067108
0.0151334610804 0.834395066927 -0.0299737243302 -0.0299737243302
1.22038157378 0.929224610091 0.0120390973011 0.0120390973011
0.809957843237 0.0243778023211 -0.00322348195754 -0.00322348195754
1.18341705525 1.04872763182 -0.00207029023193 -0.00207029023193
0.81693900918 -0.593248587105 0.00563791865112 0.00563791865112
1.18572140925 0.501273980361 -0.0082327891933 -0.0082327891933
0.809340521992 -0.457286470112 0.0102266236483 0.0102266236483
1.19804409932 0.426019406098 -0.011824197472 -0.011824197472
0.79118907587 -0.387181630204 0.0131477865421 0.0131477865421
1.22531869076 0.229803521047 -0.0142750899139 -0.0142750899139
0.745795515232 -1.65953877404 0.0152580228411 0.0152580228411
1.32323939826 0.0214199615612 -0.0161327714552 -0.0161327714552
0.166721740402 -0.853345438652 0.0169255156343 0.0169255156343
0.117482433946 -0.85960783418 -0.0176558596291 -0.0176558596291
-0.195685060542 -1.16808733451 0.0183389840367 0.0183389840367
0.27161270394 -0.868278401849 -0.0189870538115 -0.0189870538115
-0.448541682743 -0.972904705136 0.0196101795032 0.0196101795032
-0.518898315951 -0.0512236384574 -0.0202171052344 -0.0202171052344
-0.495795235964 -0.937087522381 0.0208157301381 0.0208157301381
-0.507580505535 -0.0602029486175 -0.0214135333118 -0.0214135333118
-0.445035153113 -0.983512745012 0.0220179527486 0.0220179527486
-1.20462838649 0.626532630768 -0.0226367598356 -0.0226367598356
-0.871518029401 -0.540223747689 0.0232784701722 0.0232784701722
-1.11401967623 0.510751288528 -0.0239528384101 -0.0239528384101
-0.805572636642 -0.56849017785 0.0246715016407 0.0246715016407
0.0297224625404 -0.692327924647 -0.0254488679072 -0.0254488679072
0.0291230791765 -1.29867884273 0.0263034048467 0.0263034048467
-0.115959208398 -0.781078810697 -0.0272595910423 -0.0272595910423
0.677377672703 -0.657407208492 0.0283509973236 0.0283509973236
0.391501952568 -0.272982794709 -0.0296253730734 -0.0296253730734
0.600174951987 -0.742387850403 0.0311534737046 0.0311534737046
0.364569183621 -0.266812367585 -0.0330453170173 -0.0330453170173
0.789030047527 -0.699829714949 0.0354823822929 0.0354823822929
1.19223383078 -0.38328596853 -0.0387875907689 -0.0387875907689
0.816417451384 -0.264065374614 0.04359740178 0.04359740178
1.18151867585 0.312427994275 -0.0513657886783 -0.0513657886783
0.812444409337 -0.320485376952 0.0663005423375 0.0663005423375
1.21829691218 0.316290486299 -0.107755572169 -0.107755572169
0.016290596078 -0.306668931457 0.891807092478 0.891807092478
