7.10083645251 4.51955654901 0.196427185606 0.196427185606
0.924749334753 0.163871761059 -0.0767873924899 -0.0767873924899
1.1192754573 -0.686472416799 0.0433110255989 0.0433110255989
0.851084135803 -0.183153276493 -0.027417012882 -0.027417012882
1.17770498243 0.882372545909 0.0180431501637 0.0180431501637
0.78522795011 -0.210780841744 -0.0117963803944 -0.0117963803944
1.27936190787 0.723520390857 0.00728804171908 0.00728804171908
0.517242792384 0.38179325385 -0.00384386360595 -0.00384386360595
0.607095519431 0.549572601012 0.0010965859977 0.0010965859977
0.302368699365 0.532234939476 0.00117123106561 0.00117123106561
0.122924874651 1.04147939892 -0.00309683339551 -0.00309683339551
0.72415374233 0.116779481052 0.00477141765457 0.00477141765457
-0.124223533733 1.27437317474 -0.00625824903496 -0.00625824903496
0.0526404412561 0.810709446943 0.00760290352102 0.00760290352102
-0.0285990015643 1.14413195218 -0.00883937221386 -0.00883937221386
0.0290136712219 0.892251275465 0.00999387063136 0.00999387063136
-0.0703161182147 1.06603482125 -0.0110873186909 -0.0110873186909
-0.705779353851 1.00951504909 0.0121370249293 0.0121370249293
-0.342223803749 0.627415181884 -0.0131578846346 -0.0131578846346
-0.63591712654 0.38867299523 0.0141632810944 0.0141632810944
-0.384905600434 1.34857262815 -0.0151658130615 -0.0151658130615
-0.565006165742 0.489640713352 0.0161779359465 0.0161779359465
-0.900649545737 0.007712785772 -0.0172125875436 -0.0172125875436
-1.14468451271 0.665629230981 0.0182838661723 0.0182838661723
-0.835494603267 0.167775954868 -0.019407839113 -0.019407839113
-1.18240592397 -0.141282085711 0.0206035851193 0.0206035851193
-0.791932288861 0.149976670233 -0.0218946247773 -0.0218946247773
-1.26422251268 -0.260586936908 0.023310983729 0.023310983729
-0.417321426619 -1.00537840629 -0.0248923013194 -0.0248923013194
-0.0698041017549 -1.01575201036 0.0266927144764 0.0266927144764
0.205835937269 -0.987706122454 -0.0287888749297 -0.0287888749297
0.922814311255 -0.996226088985 0.0312937745217 0.0312937745217
1.10943455812 -1.04391591309 -0.0343820098619 -0.0343820098619
0.87111335501 -0.222399434392 0.0383393454376 0.0383393454376
1.14470029627 -1.01695379199 -0.0436690990451 -0.0436690990451
0.839447936905 -0.532598622873 0.0513493710978 0.0513493710978
1.17980139513 -0.468298223844 -0.0635679526583 -0.0635679526583
0.790803234745 -0.50754949953 0.0864338421908 0.0864338421908
1.27513017391 -0.550408598133 -0.145907342784 -0.145907342784
0.146109074778 0.106638699086 0.717912384993 0.717912384993
