9.0 7.0 -5.69345140833e-18 -5.69345140833e-18
1.20815285961 -0.802900285137 -0.0126987193734 -0.0126987193734
0.799606829734 -1.21565636606 0.0170394541689 0.0170394541689
1.18662792916 0.124419406761 -0.0192511077136 -0.0192511077136
0.834935366596 -0.151412619693 0.0206049999974 0.0206049999974
1.12803703342 0.17056153286 -0.021528612988 -0.021528612988
0.95732067234 -0.219942099905 0.0222061391504 0.0222061391504
0.188804706762 0.988552862441 -0.0227300593561 -0.0227300593561
0.697519662031 0.933587314753 0.0231519577695 0.0231519577695
0.465891664876 1.08538147926 -0.0235029277516 -0.0235029277516
-0.291232983176 0.907351115808 0.023802875328 0.023802875328
0.198984108288 1.09569267773 -0.0240651832856 -0.0240651832856
-0.0685528018846 0.903302011693 0.0242992296542 0.0242992296542
-0.612375573669 1.09649396524 -0.0245118320896 -0.0245118320896
-0.573830786951 0.904576991485 0.0247081193806 0.0247081193806
-0.209391384334 1.09359800092 -0.0248920813543 -0.0248920813543
-1.45620042377 0.909019726846 0.0250669307312 0.0250669307312
-0.705382760026 1.0873762867 -0.0252353516641 -0.0252353516641
-0.790623558429 0.917643746872 0.0253996788933 0.0253996788933
0.100385122477 1.07501740948 -0.0255620347504 -0.0255620347504
-1.76316846869 0.9367072615 0.0257244420801 0.0257244420801
0.022780253138 1.04149342472 -0.0258889263018 -0.0258889263018
-0.419115916539 1.01237112773 0.026057617748 0.026057617748
0.736461159349 0.707024800125 -0.0262328654719 -0.0262328654719
0.813397925627 -0.264894032307 0.0264173759163 0.0264173759163
1.25043963988 0.205696177855 -0.026614394861 -0.026614394861
0.728920439399 -0.19615622084 0.0268279605161 0.0268279605161
1.27903771338 0.224489239376 -0.0270632728502 -0.0270632728502
0.718179432438 -0.402985829132 0.0273272560562 0.0273272560562
1.2820869486 -0.881139589336 -0.0276294519257 -0.0276294519257
0.719017555876 0.243510109056 0.0279835040757 0.0279835040757
1.27906632476 -0.33499804675 -0.0284097532263 -0.0284097532263
0.72335983864 -0.777182456463 0.0289400600007 0.0289400600007
1.27388907111 1.1757674101 -0.0296274663537 -0.0296274663537
0.729038367227 -0.268853703162 0.0305675057107 0.0305675057107
1.26805019721 0.119217933074 -0.0319516796148 -0.0319516796148
0.734436901938 -1.20761138106 0.0342288041485 0.0342288041485
1.26477727311 0.275225880115 -0.0387566747277 -0.0387566747277
0.727504768108 -0.219784953538 0.0524666014946 0.0524666014946
0.214190533412 0.196619178034 0.99897290848 0.99897290848
