21.0 7.0 3.86164530304e-17 3.86164530304e-17
10.4500431924 4.26449864857 -0.198041504799 -0.198041504799
-3.59656765674 0.25733541636 0.0681897207511 0.0681897207511
-3.81039316965 0.209294065109 0.0909083468511 0.0909083468511
1.15207695705 1.58610578742 -0.0807422950613 -0.0807422950613
-0.243182410087 1.19657455168 -0.0329525226768 -0.0329525226768
-2.27999106548 0.667024788229 0.0751950976339 0.0751950976339
0.124852128737 1.01001655059 -0.00538280992735 -0.00538280992735
0.844375307416 0.609659210009 -0.0597140388673 -0.0597140388673
-1.8047441114 -0.121911146925 0.0304138202519 0.0304138202519
-1.96937965041 0.503753864531 0.0385838050668 0.0385838050668
0.17913815403 1.39874197582 -0.04404041323 -0.04404041323
0.195597681007 1.10472523932 -0.0152413378411 -0.0152413378411
-0.58782047479 0.777193773512 0.0473270126792 0.0473270126792
0.0658419842852 1.00888147934 -0.00720096475253 -0.00720096475253
-0.142720080913 0.549853793669 -0.0415230239364 -0.0415230239364
-1.29620628123 -0.133986686403 0.0259641371684 0.0259641371684
-0.585914647705 0.526759094347 0.0283758940409 0.0283758940409
0.404967954174 1.47810963092 -0.038747546624 -0.038747546624
-0.799033283794 1.10511496037 -0.0101669245718 -0.0101669245718
-1.34309178027 0.603865953898 0.0438870270074 0.0438870270074
0.193250352271 1.08260906875 -0.0103892872952 -0.0103892872952
0.105952116232 1.27882983632 -0.040472114299 -0.040472114299
-1.52179260007 0.829993255454 0.0303124974515 0.0303124974515
-0.711206553363 0.897681299672 0.0283916209906 0.0283916209906
0.721686862743 0.938183667485 -0.0465364565471 -0.0465364565471
-0.80721973349 0.0745093054216 -0.00828552482854 -0.00828552482854
-1.74011090845 -0.0654522504798 0.0560327501681 0.0560327501681
0.404948310928 1.23777038722 -0.0186230705804 -0.0186230705804
0.532193144438 1.59158199588 -0.0557555273777 -0.0557555273777
-2.03651059425 0.521673395647 0.0508803733576 0.0508803733576
-1.05080774175 0.64026577789 0.0420802615734 0.0420802615734
1.68233412651 1.68789074789 -0.0875788012277 -0.0875788012277
-0.800975174211 1.06137323371 -0.00849564907544 -0.00849564907544
-3.67201309007 0.13768975422 0.130749638601 0.130749638601
0.197859918643 1.38794769776 -0.0656820350471 -0.0656820350471
2.48291848432 2.00925571772 -0.19913567768 -0.19913567768
-3.18002763221 -0.302718129989 0.334401099194 0.334401099194
-2.8007395601 -0.791644692958 0.963465168577 0.963465168577
11.6945854383 3.65920985157 0.728679689665 0.728679689665
