4.93611563834 7.47841013936 0.0248588131015 0.0677191564491
0.267667720583 0.789145835134 0.0112322461719 -0.0205767714385
-0.00480582361117 1.35781652458 -0.0193856109344 0.00572843925721
1.22365805767 0.125900519668 0.0222719206748 0.00161068756522
0.887522182827 -0.568601959271 -0.0235249646633 -0.00603075951334
1.04880345454 -0.505379757562 0.0241388153967 0.00901506873318
0.996520143033 -0.439604287827 -0.0244646534445 -0.0111884543258
0.968253833637 -0.643966260496 0.0246476567742 0.01286002633
1.06083912557 0.376721763216 -0.0247547138709 -0.014200387383
0.913048337053 0.439719938182 0.0248192007071 0.0153115519148
1.11647514015 0.685923778142 -0.0248588131015 -0.0162584164421
0.806985573653 1.20307376623 0.0248833768776 0.017084382077
-0.0171554752118 0.871587780834 -0.0248985288088 -0.0178197244317
0.172805790477 0.927399656188 0.0249075515976 0.0184863629584
1.26976011576 -0.407560317546 -0.024912323777 -0.0191007227477
0.773162100619 0.777950410201 0.0249138147224 0.0196755312526
1.21726804391 0.361741640161 -0.024912323777 -0.0202209948535
0.785875239695 0.527767271234 0.0249075515976 0.0207456028068
1.21005196802 1.2224765844 -0.0248985288088 -0.0212567032451
0.801664169656 0.827849558229 0.0248833768776 0.0217609403109
0.24570254348 1.157953497 -0.0248588131015 -0.0222646109946
-0.174421103563 0.844231096804 0.0248192007071 0.0227739839563
-0.0106427974444 1.15526175758 -0.0247547138709 -0.0232956152925
-1.05610490894 0.863497921937 0.0246476567742 0.0238366956316
0.162085351067 0.906673967036 -0.0244646534445 -0.0244054689377
-1.63548609266 -0.541329353492 0.0241388153967 0.0250117777799
-0.429587082114 1.04505658854 -0.0235249646633 -0.0256678171606
-1.56246827122 0.0683124696911 0.0222719206748 0.026389228818
-0.420837116565 0.242378268311 -0.0193856109344 -0.0271967596963
-1.61760222654 -0.412920953849 0.0112322461719 0.0281188830227
-0.298293321968 0.677712585495 0.0248588131015 -0.0291961290124
-0.767934629764 -1.52396289871 0.982454684389 0.0304886092009
-0.340428139254 -6.90132973536 -0.211593187528 -0.0320898912846
-1.70278219552 1.12939724114 0.412582793485 0.0341545265232
1.89243233913 -0.960182111013 0.768008564289 -0.0369580053644
0.606764995482 -0.409072511578 -0.321375833029 0.0410446328003
2.15753293472 0.140922315177 0.768008564289 -0.047662439055
-8.27534625656 -0.708979692409 0.412582793485 0.060446073622
-2.75392646086 -1.0897020901 -0.211593187528 -0.0963555810701
1.00137255727 -0.183200036178 0.982454684389 0.91857400033
