16.0 9.0 0.0 0.0
12.2534849882 7.25292140834 -0.210762002478 -0.210762002478
3.87169959745 2.95514386618 -0.0995788526973 -0.0995788526973
-2.70318532725 -0.303838686568 0.07968779845 0.07968779845
-3.7461481013 -0.569665091944 0.106139600382 0.106139600382
-1.0 1.0 -1.11022302463e-16 -1.11022302463e-16
1.25049214313 2.00867734508 -0.0754005899775 -0.0754005899775
0.855004287598 1.51933058428 -0.0397414064725 -0.0397414064725
-0.863988171838 0.561532559165 0.0339589436473 0.0339589436473
-1.64855132027 0.396368413827 0.0468595314466 0.0468595314466
-1.0 1.0 1.38777878078e-17 1.38777878078e-17
-0.0957281858108 1.43942807821 -0.0332885775378 -0.0332885775378
0.112784197844 1.23046128611 -0.0169357945521 -0.0169357945521
-0.133858545758 0.806349527824 0.0135528392455 0.0135528392455
-0.194083617441 0.740942145626 0.0167641048937 0.0167641048937
-8.881784197e-16 1.0 0.0 0.0
0.0994085416507 1.16154380698 -0.00703530978767 -0.00703530978767
0.0263349790454 1.07200076108 -0.00144338409126 -0.00144338409126
0.0109014623984 0.954895364984 -0.00144338409126 -0.00144338409126
0.0811204822357 0.969610424228 -0.00703530978767 -0.00703530978767
4.99600361081e-16 1.0 -1.38777878078e-17 -1.38777878078e-17
-0.220783652549 0.945811009547 0.0167641048937 0.0167641048937
-0.185781991118 0.939899141647 0.0135528392455 0.0135528392455
0.242333626733 1.08749317154 -0.0169357945521 -0.0169357945521
0.503976388648 1.18779707473 -0.0332885775378 -0.0332885775378
1.33226762955e-15 1.0 2.42861286637e-17 2.42861286637e-17
-0.931841189444 0.710846719073 0.0468595314466 0.0468595314466
-1.24764122711 0.785943423422 0.0339589436473 0.0339589436473
-0.570907187494 1.25326689803 -0.0397414064725 -0.0397414064725
0.178769209639 1.48154009065 -0.0754005899775 -0.0754005899775
-5.55111512313e-17 1.0 2.77555756156e-17 2.77555756156e-17
-0.68487659115 0.337088344892 0.106139600382 0.106139600382
-0.528088574158 0.515803704362 0.07968779845 0.07968779845
0.612034571919 1.57916803051 -0.0995788526973 -0.0995788526973
0.935062984363 2.14403875758 -0.210762002478 -0.210762002478
-1.0 1.0 2.42861286637e-17 2.42861286637e-17
-3.50703709335 -0.965740237433 0.502214745871 0.502214745871
-2.56743023018 -1.15915924178 0.935008353658 0.935008353658
3.74355061066 1.92055665982 0.935008353658 0.935008353658
12.0529729347 6.53994465999 0.502214745871 0.502214745871
