14.1533223288 21.4424321655 -0.0263842865939 0.0677191564491
-0.524878979066 -1.56035158706 0.0606551454436 -0.0205767714385
0.678146408074 -0.470203983176 -0.0655779308047 0.00572843925721
0.437946142626 -1.50883449507 0.0649303963682 0.00161068756522
0.182305076011 -0.507926265607 -0.0627041802735 -0.00603075951334
-0.249957835773 -1.47701595982 0.0600027571055 0.00901506873318
0.271514550534 -0.5384620284 -0.0571969942746 -0.0111884543258
-0.275856711137 -1.44170496042 0.0544185848408 0.01286002633
0.254565802516 -0.599205249012 -0.0517093317462 -0.014200387383
0.550827583196 -0.576800117186 0.049074347761 0.0153115519148
0.460685608876 -0.431714375919 -0.0465030332471 -0.0162584164421
-0.46414497808 -1.5474444123 0.0439778144819 0.017084382077
0.629895308252 -0.320498098075 -0.0414777861611 -0.0178197244317
0.46615044114 -0.527334599664 0.0389800618554 0.0184863629584
0.202926610379 -0.933201899186 -0.0364600002532 -0.0191007227477
-0.620168765257 -0.71986251264 0.033890799085 0.0196755312526
-1.05384553645 0.269954868304 -0.0312426405308 -0.0202209948535
-0.390244330178 0.472071451357 0.0284814084387 0.0207456028068
-0.473224174893 -0.12090192421 -0.0255668837551 -0.0212567032451
-1.3746691441 -0.737059091306 0.0224502094855 0.0217609403109
-0.653322328817 1.46665874361 -0.0190702588606 -0.0222646109946
-1.34523202953 -0.420078179593 0.0153482851556 0.0227739839563
-0.63792464262 1.56639194181 -0.011179781231 -0.0232956152925
-1.41622914728 0.498873378271 0.00642163382 0.0238366956316
-0.286682785943 1.45219317349 -0.000870989067198 -0.0244054689377
-0.238273974096 0.626173261935 -0.00577126841545 0.0250117777799
0.761680330946 0.888294526654 0.0139674934967 -0.0256678171606
0.946254611353 -0.595773663057 -0.0244756188695 0.026389228818
1.09792233268 0.537366043938 0.0386372836341 -0.0271967596963
0.904917231835 -0.514189635943 -0.0590943845716 0.0281188830227
1.03931439112 0.522623466828 0.0919575787016 -0.0291961290124
0.0111127110104 0.558717062917 -0.155916205277 0.0304886092009
1.01276810182 1.3761490701 0.361190426021 -0.0320898912846
-0.234515726788 -1.08805892321 0.669600529392 0.0341545265232
0.044300229447 -1.46549421474 0.29846195965 -0.0369580053644
0.769260661121 1.67409355668 0.784235306445 0.0410446328003
2.04402596033 2.39578517555 -0.327186158469 -0.047662439055
-0.166557969266 0.336349798066 0.243054720087 0.060446073622
-0.449546151986 0.825441097519 -0.234419527902 -0.0963555810701
-0.610021756287 -0.625634425102 1.03034324631 0.91857400033
