19.0 9.0 6.53072367427e-18 0.0
2.54458155079 0.401497695264 -0.0995994357131 -0.0773510129099
-4.23764881314 -1.5970355317 0.126785132773 0.0933900615642
1.66060417077 1.68822160424 -0.120017679565 -0.0853615328236
-2.91501589049 0.0508039749499 0.0934632110565 0.0649691986795
0.120857697164 0.354452721191 -0.0575528607513 -0.0394553283386
-1.39548183091 1.0035049265 0.0211127588816 0.0143802258003
-1.16189222589 0.991804191717 0.00902993607092 0.00615161852257
-0.53733441957 1.0301883889 -0.0286931086845 -0.0196823665576
-1.0718155287 0.971266510481 0.036629227243 0.0254895289727
0.873419694553 1.00001715944 -0.0342810488162 -0.0244232188356
-0.677333627367 1.05256161931 0.0250385800944 0.018490381429
0.475249867496 0.860106752537 -0.0131692556385 -0.010267146141
0.966400441549 -0.0378090348586 0.00266948274459 0.00226456617359
0.92834684754 -0.0357819509061 0.0037019100147 0.00361792790843
1.13162404952 0.0321596047474 -0.00499660845421 -0.00644016670282
0.881812231574 0.0458375639548 0.00214103443505 0.00630683663085
1.05081031359 -0.384767489298 0.00250177276781 -0.00418916393371
1.03545568474 -1.04357226907 -0.00594780538685 0.00154118202894
0.890568259872 0.298215518633 0.00557193326242 0.000185079310501
0.0 1.0 5.55111512313e-17 1.63268091857e-18
-0.0318896301109 0.929578830353 -0.0103187559071 -0.00230499342272
0.0515663525637 1.19962807653 0.0230166836857 0.00606257038076
-0.438795382329 0.319996836299 -0.034236137897 -0.0098859819914
-1.06307313211 0.191191312366 0.0395033926795 0.0120433499686
0.365407523508 1.2666398243 -0.034862141481 -0.0109624218013
-1.33374649047 0.857952396092 0.0180138972174 0.0057443539056
-1.18786263334 -0.0102226346775 0.0107960185694 0.00344126131754
0.521886124807 0.856442567418 -0.0483525366875 -0.015184560309
-1.63032714243 0.50602603633 0.0885923970973 0.0269427625693
0.542910836013 0.00985260432691 -0.12317201383 -0.0354192421948
-1.27310838892 1.5787179873 0.142018824597 0.0371413823859
-0.165593519782 0.595787633865 -0.132092216128 -0.0291091680116
-0.232614741071 1.13875906798 0.0616287842234 0.00934807165666
-0.795793814126 0.733087492186 1.00643580896 0.0228321592718
6.18275857395 -7.70098407852 0.232464192946 -0.0671606763483
2.00948515967 -5.73336653661 -0.0637629267716 0.124063273345
2.22862374758 1.67460698294 -0.0753209178644 -0.201444152009
-1.52350371189 -2.96582103137 0.291767670478 0.367369856683
2.91634414834 1.98810173566 0.996433976253 0.963336072061
