19.0 7.0 0.0 0.0
12.4476260924 5.00428796532 -0.208264988505 -0.208264988505
0.0 1.0 0.0 0.0
-4.8284849388 -0.386139053178 0.120710678119 0.120710678119
-1.0 1.0 0.0 0.0
2.03129851898 1.85680919802 -0.0815925843564 -0.0815925843564
0.0 1.0 -8.881784197e-17 -8.881784197e-17
-2.21725975568 0.351902015556 0.0585424783056 0.0585424783056
-1.0 1.0 0.0 0.0
0.732129644927 1.59021995466 -0.0427040342732 -0.0427040342732
0.0 1.0 0.0 0.0
-1.3955020417 0.0817606034865 0.030640039407 0.030640039407
-1.0 0.0 0.0 0.0
0.136808664048 0.573175763093 -0.0207106781187 -0.0207106781187
0.0 1.0 0.0 0.0
-0.922083733056 1.05999304388 0.012003937954 0.012003937954
-1.0 1.0 0.0 0.0
-0.267791411602 0.975958713065 -0.00393508534123 -0.00393508534123
0.0 1.0 0.0 0.0
-0.554693830917 1.03127711824 -0.00393508534123 -0.00393508534123
-1.0 1.0 0.0 0.0
-0.620123063062 0.948547105966 0.012003937954 0.012003937954
0.0 1.0 0.0 0.0
-0.198641162106 1.07689586181 -0.0207106781187 -0.0207106781187
-1.0 1.0 0.0 0.0
-0.999621630919 0.896048436831 0.030640039407 0.030640039407
0.0 1.0 0.0 0.0
0.229885744751 1.12654427072 -0.0427040342732 -0.0427040342732
-1.0 1.0 0.0 0.0
-1.51726585418 0.881494366606 0.0585424783056 0.0585424783056
0.0 1.0 0.0 0.0
0.91227092235 0.801472302723 -0.0815925843564 -0.0815925843564
-1.0 -3.5527136788e-16 0.0 0.0
-2.54838166414 -0.241641335725 0.120710678119 0.120710678119
0.0 1.0 0.0 0.0
3.18483403599 2.12879010777 -0.208264988505 -0.208264988505
1.0 1.0 0.0 0.0
-3.39467929647 -0.984900167836 0.635310236809 0.635310236809
0.0 -1.7763568394e-16 1.0 1.0
11.7896747592 4.22750372899 0.635310236809 0.635310236809
