8.80952380952 13.7857142857 0.0714285714286 0.0238095238095
-0.238420338766 -1.43508457251 -0.0395846496244 0.000583000741789
0.248660781743 -0.611134920375 0.0254781080785 -0.00851511321389
-0.276334734108 -1.34488917863 -0.0162169432817 0.0124814417139
0.396222508844 -0.713680384433 0.00914283001568 -0.0148849997004
0.892700166904 -1.11192189235 -0.00329349475816 0.016514152402
1.16009935376 0.444564409261 -0.0017908464056 -0.0177038481231
0.82003063832 -0.36960426339 0.00637108000365 0.0186207139904
1.19235374703 0.331927321756 -0.0106145167514 -0.0193570800385
0.796495629748 -0.302931383989 0.0146396264773 0.0199683222892
1.21745347175 0.274138169781 -0.0185381819893 -0.0204897520254
0.758483586148 -0.23674415719 0.0223878361006 0.020945030949
1.30474271214 0.161011547512 -0.0262604243832 -0.0213506929179
0.165440941665 0.380892336028 0.0302285524449 0.0217187267508
0.0643952855699 1.37731034106 -0.0343720493034 -0.0220581292269
-0.10938059085 0.679758787936 0.0387856899001 0.0223758819255
0.126780709207 1.29038983507 -0.0435900015997 -0.0226775920543
-0.135062060879 0.730980185362 0.0489481899518 0.0229679311678
0.139161117152 1.25086740043 -0.0550950684322 -0.0232509501987
-0.141147814074 0.766565928628 0.0623906532592 0.0235303192108
-0.809523809524 1.21428571429 -0.0714285714286 -0.0238095238095
-0.149327532318 0.81250124526 0.0832802597052 0.0240920413768
0.195939976199 1.11633782871 -0.100129732219 -0.0243815164194
0.989800659272 -0.271345633195 0.127303177906 0.0246819541514
1.00715743547 0.236984448194 -0.182379874631 -0.0249979549275
0.991668891757 -0.245647211183 0.380738254785 0.0253350203546
-1.02562431509 0.406396031311 0.774898498025 -0.0256999774643
-2.61530724652 1.03775238761 -0.12257917009 0.0261015956663
0.946600412995 0.984486037938 0.0326535113926 -0.0265515234665
-1.08709203371 1.04314805694 0.0118273637435 0.0270657716102
-0.214542439115 0.900211519074 -0.0484818114253 -0.0276671686087
-0.172252034623 1.19394004459 0.0944686408591 0.0283896371375
0.234740161413 0.646646424678 -0.187936225259 -0.0292861021864
-0.26936025644 1.39048593544 0.786036059091 0.0304442366887
0.331025711679 -5.6798594703 0.388814095051 -0.0320209154583
-0.980114212702 -2.49165628006 -0.146064543964 0.0343277335849
-0.868195943359 1.15079163589 0.079660987558 -0.0380848797746
-1.16093686073 -0.798721979544 -0.0423218903465 0.0454189056865
-0.842460783915 0.633472335299 0.00297782192932 -0.0665749720287
-0.265823273004 -0.533100771375 0.915361045328 0.972371702816
