15.1096339846 6.71868488566 0.00184798529094 0.0463875480774
0.753929819013 -0.297868942735 0.0570948760062 -0.0103989467788
0.181355274756 -0.716328531865 -0.117687737744 -0.00111723372709
1.01248283848 -0.158332296558 0.307329003389 0.00684194917684
-0.801075987682 0.621530341892 0.820005264161 -0.0103001946599
-1.52412035251 2.00601669354 -0.179577912414 0.0126395740335
0.0676316405592 0.252974938857 0.0993262074502 -0.0143455484586
-1.13138151067 0.425754563325 -0.0670851714782 0.0156589352274
0.744267102147 1.28997239592 0.0493341434874 -0.0167129040466
-1.24053443138 0.157527459069 -0.0379029317575 0.0175872028437
0.034360282391 0.676638066165 0.0298033504576 -0.0183326223359
-0.170051516552 1.13563433391 -0.0236773574773 0.0189831627012
-0.637317668514 0.903892166367 0.0188161007023 -0.0195625613459
-0.374886866887 1.07827187026 -0.0148118317831 0.0200880169573
1.35154609434 -0.105430173065 0.0114122974277 -0.0205724263475
0.644757055696 0.138661084925 -0.00845221046459 0.0210257900952
1.38952628389 -0.208234046508 0.00581798225073 -0.0214561338237
0.413666613912 0.459053200054 -0.00342824000783 0.021870138302
0.394453300196 0.627551879056 0.00122241446659 -0.0222735913815
1.103783995 0.278370251289 0.00084629520803 0.0226717314462
0.565336366815 1.15467782517 -0.00281547026245 -0.0230695282615
-0.131465650914 1.03266492956 0.00471656225184 0.023471934424
-0.520257173712 0.317820516744 -0.00657711481974 -0.0238841349603
-0.554057066491 0.618132864927 0.00842247991018 0.0243118222717
-0.418643667991 0.398714305973 -0.0102772715615 -0.0247615284766
-0.587093397703 0.605364807506 0.0121667439317 0.0252410587255
-0.424769418757 0.372880996739 -0.0141182670289 -0.0257600909297
-0.537486129628 0.676053146828 0.0161631003835 0.0263310471927
-0.582691059919 0.189254857569 -0.0183387432998 -0.0269704156766
-1.41968677075 -0.169660253752 0.0206923047539 0.0277008415873
-0.567185759057 0.142453712682 -0.0232856669772 -0.0285545854569
-1.48035752057 -0.0892343985822 0.0262039038613 0.0295795386052
-0.240313412517 -0.185663568878 -0.0295699345665 -0.030850331031
-0.241298341472 -1.35217818483 0.0335720569071 0.0324904075322
0.326738862697 -0.683316362118 -0.038520902214 -0.0347202189329
-0.421473550108 -1.36859163584 0.0449834012937 0.0379764489439
1.06509319392 -0.00854064698132 -0.0541611771912 -0.0432642620011
0.0641005243281 -0.848254237781 0.069313340429 0.0535306571714
0.120690013574 -0.991761197153 -0.104933791189 -0.0827405176714
-0.174415294855 -0.211436687103 0.976597034496 0.945492529128
