12.7965587918 22.1458263183 0.0677191564491 0.0677191564491
0.0361749654739 -1.43520796663 -0.0205767714385 -0.0205767714385
0.972222657679 -0.546109192078 0.00572843925721 0.00572843925721
-0.00592796349175 -1.4679028347 0.00161068756522 0.00161068756522
1.09838014541 -0.522593861303 -0.00603075951334 -0.00603075951334
-0.568788287312 -1.47954342206 0.00901506873318 0.00901506873318
0.53503243234 -0.546045406544 -0.0111884543258 -0.0111884543258
-1.07457403431 -0.944342672969 0.01286002633 0.01286002633
-0.748531370121 1.48068151444 -0.014200387383 -0.014200387383
-1.2724932884 -0.399696214638 0.0153115519148 0.0153115519148
-0.73053043167 0.502386304946 -0.0162584164421 -0.0162584164421
-1.25241333348 -0.545115311585 0.017084382077 0.017084382077
-0.792180703244 0.598118212317 -0.0178197244317 -0.0178197244317
-0.998363226296 -0.805949000779 0.0184863629584 0.0184863629584
0.404676467735 -0.614499862787 -0.0191007227477 -0.0191007227477
-0.319107233688 -1.43030404417 0.0196755312526 0.0196755312526
0.224527203115 -0.606540662524 -0.0202209948535 -0.0202209948535
0.416930633705 -0.795810384462 0.0207456028068 0.0207456028068
0.661419067858 -0.0662993693382 -0.0212567032451 -0.0212567032451
0.308017157459 -1.80758080719 0.0217609403109 0.0217609403109
0.703441208187 -0.145826318334 -0.0222646109946 -0.0222646109946
0.29733138277 -0.92507530596 0.0227739839563 0.0227739839563
0.689384538139 -0.0413964712328 -0.0232956152925 -0.0232956152925
0.344291149576 -0.981530912587 0.0238366956316 0.0238366956316
0.56845883942 -0.000564082993566 -0.0244054689377 -0.0244054689377
0.886306658308 -1.01402968147 0.0250117777799 0.0250117777799
1.20023276564 0.0249189538761 -0.0256678171606 -0.0256678171606
0.765910138952 -1.02730592133 0.026389228818 0.026389228818
1.2497065344 -0.00848138463566 -0.0271967596963 -0.0271967596963
0.746514571339 0.598189933468 0.0281188830227 0.0281188830227
1.23053043167 0.497613695054 -0.0291961290124 -0.0291961290124
-0.294196154927 0.5634973884 0.0304886092009 0.0304886092009
0.281678170406 1.4644071835 -0.0320898912846 -0.0320898912846
-0.24875824156 0.508330438407 0.0341545265232 0.0341545265232
0.00105814796574 1.52240747293 -0.0369580053644 -0.0369580053644
-1.61406980811 0.434297961872 0.0410446328003 0.0410446328003
0.0945364506041 1.65556170176 -0.047662439055 -0.047662439055
-0.974672361224 -0.303688217721 0.060446073622 0.060446073622
-0.103022208804 1.23876271803 -0.0963555810701 -0.0963555810701
-0.0611464087769 -0.228105941858 0.91857400033 0.91857400033
