8.0 7.0 0.0 -9.51619735393e-18
2.1118354024 0.95723286657 -0.049981931958 -0.065274066465
-0.12453873804 -0.781111519518 0.0563658057375 0.0826840358104
2.05563884551 0.0677761967124 -0.0502087359389 -0.0825748769302
0.0839567803378 -1.3356381686 0.0394135815882 0.0726962057638
1.7209749234 0.73070571305 -0.0274351930527 -0.0568941875269
0.510450663389 -0.422723459123 0.0162055382711 0.0379733699956
1.24268650273 0.176522411047 -0.00686450646173 -0.0183199571557
1.0 0.0 1.20103552257e-16 1.23777592385e-17
0.774032623028 0.727183173415 0.00424097347799 0.015292134507
1.45184019907 1.37773046893 -0.00606931285425 -0.026318230073
-0.0567196472589 0.569434343871 0.00596792132997 0.0323661409913
0.291443747924 1.4272102713 -0.0045957105236 -0.0332826241756
-0.308349988507 0.628542174546 0.00268413490742 0.0294589944742
0.245302225811 1.27249711034 -0.000933275439699 -0.0217678317245
-0.134694641517 0.856523238815 -8.38329019894e-05 0.011455450694
4.06024420434e-16 1.0 -2.2957501075e-17 1.00731185443e-17
0.136240704884 1.14155387639 0.00129148003574 -0.011051161029
-0.252331750825 0.734183860439 -0.00361133256445 0.0202489172187
0.32859046366 1.3602993981 0.00649996460619 -0.0263982196614
-0.347969155965 0.582299879424 -0.00925294977566 0.028686913652
0.292880011309 1.44124958181 0.0109815038855 -0.0267748595667
-0.108654154117 0.517795068226 -0.0106895810832 0.0208345562848
1.26199198757 0.080423373204 0.0073554022567 -0.011539283596
1.0 -2.03012210217e-16 -1.62513883142e-17 2.61514459426e-18
0.754366625118 -0.201754160655 -0.0122850002502 0.0123426410647
1.48715554832 1.09477135697 0.0304061886455 -0.0238602497832
0.291581876185 0.189369274808 -0.0555837952625 0.0328981842676
1.8873001599 0.126094944268 0.0904589710705 -0.0379398634276
0.00313492703813 -0.231344003419 -0.143859232533 0.0377563634522
1.97124018727 0.256856082997 0.26880809896 -0.031524137368
-1.26775538815 -0.222297741896 0.993410490739 0.0188946858527
-8.0 -1.0 -1.74533471753e-17 3.10503900083e-19
-1.84494785442 -0.0612084205877 -0.0899017077799 -0.0246276413149
-0.389905221246 0.575182170026 0.136950474239 0.0542664384286
-1.32973915633 1.53582773709 -0.17105685646 -0.0884819795301
-0.969594809802 0.281806863388 0.201095040262 0.128398834498
-0.745243796607 1.90948243061 -0.238509783512 -0.181615595985
-1.4499813963 -0.135526357633 0.338305606324 0.300332236328
0.999209865672 0.915907107947 0.95619584773 0.974515804886
