11.2642580461 8.87444864189 0.0438687626498 0.124357347884
0.633435970885 -0.592757648446 0.0161396638351 -0.0465496018039
0.382778637575 -0.354196524482 -0.0281248096602 0.0231456066618
1.01620649751 -0.691190089058 0.0314758538016 -0.0117629979388
1.08484819645 -0.258222401904 -0.0322517606845 0.00496572276495
0.859394498596 -0.820002814329 0.0320829632888 -0.000400801248046
1.19722837397 0.0396343482663 -0.031532997509 -0.00291140082762
0.625407897206 1.02190227422 0.0308257891684 0.00545183133335
0.0195312064887 1.04676971784 -0.0300575445103 -0.00748450148936
-0.0294861335662 0.912823877268 0.0292708100129 0.00916663895575
-0.562952639613 1.12254299157 -0.0284837607201 -0.0105979426602
-1.28200473528 0.819962293736 0.0277028453108 0.0118449118346
-0.663510054582 0.274058307314 -0.0269285948483 -0.0129538288559
-0.0865454555715 0.939838938752 0.0261583966475 0.0139581330042
0.0429708528065 1.10162666228 -0.0253878311108 -0.014882832681
0.490357264447 0.878024860969 0.0246112855815 0.0157472685935
0.559564013783 1.13694738956 -0.0238221775416 -0.0165669188244
-0.341710259195 0.849247993679 0.0230129429308 0.0173546290927
0.176052132092 1.16651830831 -0.0221748569844 -0.0181214915743
-1.42904977848 0.809539574929 0.0212977049467 0.0188775093762
-0.619703540669 1.24853395894 -0.0203692848548 -0.0196321364047
-1.3624596957 0.209051305769 0.0193746910125 0.0203947569906
-0.647566880003 0.0181310447174 -0.0182952841153 -0.0211751580107
-1.34128664009 -0.0343822510621 0.0171071891384 0.0219840448252
-0.690013016173 -0.0958681146803 -0.0157790535892 -0.0228336607254
-1.06892637491 -1.24108908158 0.0142686060872 0.0237385902642
0.653866053919 -0.79826970998 -0.0125171961381 -0.0247168663876
-1.25859946839 -1.19077243021 0.0104407924847 0.0257915733995
0.994434736827 -0.814508078324 -0.00791446007969 -0.0269932704425
-0.14028307653 -1.17995214221 0.00474411195743 0.0283638121667
1.45211292821 -0.830745176588 -0.000611613494527 -0.0299626444076
0.23938788158 -1.14229370395 -0.00504106966502 0.0318777083108
0.180064344958 -0.950231581058 0.0132840365357 -0.0342454716833
0.380108755077 0.248207169067 -0.0264396123892 0.0372904836761
1.51670263665 0.608794404925 0.0505786762274 -0.0414109999446
0.44513502535 -0.528184228239 -0.107601243462 0.0473884122849
1.56567367131 0.619246402411 0.370695812349 -0.0569957016241
-2.24493247752 -1.36795005393 0.721432450493 0.0753047087293
-1.03553741614 -1.34653941419 -0.314852161279 -0.125042434478
0.0888778078199 -0.34699289453 0.951939587751 0.839300801651
