8.0 8.0 1.85037170771e-17 -7.40148683083e-18
2.96382302801 2.88686769852 -0.0837626033021 -0.127173559399
-0.30132043825 -1.80676100703 0.0730728614585 0.124401693586
1.58204039343 2.11050258245 -0.0358429484113 -0.0665602650296
1.0 0.0 4.61780904965e-17 3.75770396523e-17
0.6753296172 -0.208736827549 0.0210436467559 0.0434109560969
1.37369092125 2.34711652577 -0.0243360310207 -0.0513288321272
0.777247065131 0.0823345232584 0.0145179490714 0.0307173166183
1.0 -5.92118946467e-17 -8.27511384416e-18 -5.27377144186e-19
1.17050035145 0.423190222852 -0.01112488822 -0.022367309341
0.783623565537 -0.542890771639 0.014197333272 0.0269928011065
1.13800127836 0.345820540676 -0.0092175485147 -0.0161993675469
1.0 -2.84217094304e-15 -4.73280378512e-17 -4.69817879821e-17
0.912244629148 -0.325192108115 0.00813934199422 0.011242421121
0.856409770708 0.730477227634 -0.0110485418584 -0.0127954678345
-0.518827821244 0.99726400429 0.00759902712266 0.00698181903222
-1.0 1.0 8.27511384416e-18 7.07554983084e-18
-0.148731705672 0.99763129708 -0.0074715623098 -0.00310307912681
-0.00294225422636 1.04006968946 0.0106785657238 0.0017469259761
0.0743951643273 0.941575715549 -0.00772944670891 0.00061720809044
-2.36847578587e-16 1.0 4.07081775696e-17 4.4408920985e-17
-0.853711879971 1.12546854441 0.00842910538695 -0.00436848318299
-0.720131000849 0.771288540833 -0.0127152800255 0.0089316397477
0.269662833037 1.19975346596 0.00973941575356 -0.00834665479935
2.96059473233e-16 1.0 8.27511384416e-18 4.90030742874e-18
-0.920189966805 0.719660843609 -0.0120402471789 0.0127975885699
-0.663525865082 1.45286665371 0.0195163187779 -0.0216469197733
0.250299570049 0.648648227709 -0.0162088211425 0.0180860705529
2.36847578587e-16 1.0 8.98582039467e-18 5.81245412343e-18
-0.945365221656 0.761020671901 0.0245781707834 -0.0248378357489
-0.577909991604 -0.748189259585 -0.0456730636053 0.0411632385512
0.128719296432 2.12982037344 0.0452768578718 -0.0342948916954
0.0 1.0 -8.27511384416e-18 -4.04699328455e-18
0.0655295067856 -0.604901878212 -0.129617634846 0.0494160065323
-0.360493206717 3.97872390344 0.549201587434 -0.0868363021565
0.899247337192 -4.72741362644 0.9796823673 0.0795717495672
5.0 -14.0 8.09819689301e-17 7.02056756838e-17
3.16988803898 -4.17372593873 -0.306207200777 -0.179033641378
-2.05406816743 0.443965164086 0.760439583177 0.636037889591
2.64323181914 1.337078334 0.833550352703 0.900110617733
