14.0 6.0 8.40168775392e-17 4.20084387696e-17
2.10197899251 0.536351537557 -0.0324077782375 -0.0387739529946
-0.0981984513263 -0.639110358055 0.0389146880523 0.0512034122389
2.054442773 1.45224607705 -0.0381533942609 -0.0557108302197
0.0558943099981 -0.225128586486 0.0342935427617 0.0562728570465
1.37631368331 0.905935062936 -0.0289409584883 -0.0543227039723
-1.08054819539 0.83330379795 0.0229501163317 0.050565236266
0.944910653331 1.22890791447 -0.0168873114156 -0.0454420084493
-0.831663634053 0.742585881545 0.011184969184 0.0392864535487
0.737049009283 1.28890655405 -0.00620218011515 -0.032384035739
-0.732359381309 0.595479466873 0.00225163856899 0.024997171394
-0.661811466971 0.126638685241 0.000386164262057 -0.0173751995037
-0.0586536214038 1.0431719189 -0.00145259137597 0.00975735611871
0.0123925217731 0.999945339595 0.000699148053279 -0.00237226171898
-0.910600307751 1.01002876876 0.00213055781592 -0.00456436229954
-0.373028078079 0.951982888286 -0.00733274468548 0.0108528231536
0.541885359973 1.14386823922 0.0153044242747 -0.0163128852412
-1.35241037615 0.139968946666 -0.0266689263169 0.0207871453423
0.126233243103 0.521878039286 0.0425613496003 -0.024144110531
-0.482646515975 1.30072162252 -0.0653749696334 0.0262808009946
0.944312423032 0.414081500571 0.101160430803 -0.0271247442289
0.645307413092 -0.0954770007989 -0.170469142347 0.0266352593538
1.36080871007 0.0563710765525 0.411750224461 -0.0248039550539
-1.29189698709 -0.0594476356809 0.901897044691 0.0216543833936
-2.62903682398 0.125990320773 -0.173425782479 -0.0172408038475
0.234054664572 1.12584982371 0.0692814801305 0.0116460144956
-0.0615627371108 0.935697010281 -0.0214882279317 -0.00497819442303
-0.992653441855 -0.00485773057381 -0.00903706992681 -0.00263333900444
-0.139145168279 0.940588972527 0.0317088004927 0.0110436460451
-0.553232757148 0.252673982038 -0.0498496788332 -0.0200993350737
-1.55775494801 -0.146882855613 0.0648911983834 0.0296481758853
0.233267290944 -0.414781563076 -0.0775475751641 -0.0395528311575
-0.526235434363 -1.44112468546 0.0882480929649 0.0497124394316
0.699338228366 -0.555465976308 -0.0973457269644 -0.0601009854277
-0.875941963152 -1.50157601941 0.10527429014 0.0708461268973
1.21196151157 -0.260507034299 -0.112778311378 -0.0824207239241
0.174439491316 -0.26894864603 0.121506997393 0.0962176704529
1.99372061588 0.361494808478 -0.136380719805 -0.116907271432
-0.134305303793 -0.410544112461 0.18331636164 0.170159050841
1.03050983321 0.448643427861 0.984193731516 0.990779592424
