11.6880840589 5.04886389785 0.108705453016 0.170671241135
0.427851634047 -0.505325558456 0.0171179436301 -0.0664195490452
0.588390332249 -0.497329634347 -0.104131047877 0.0364116612637
0.419298282396 0.0502500068018 0.742478036609 -0.0220321765691
-1.88676858508 1.68787586062 0.1841824229 0.0135111817645
-0.638639911159 1.01666599085 -0.0742355887189 -0.00781603967365
-0.393846558105 1.01329841328 0.0401091330374 0.00369747177368
-0.564145505958 0.971541440036 -0.0225785130506 -0.000546336481484
-0.522173945027 1.03735739559 0.0115410482101 -0.0019701335544
-0.151869804318 0.957224502329 -0.00376664634082 0.00404939333283
-0.296587946206 1.0458602775 -0.00211881997906 -0.00581629175274
-0.714911918579 0.952922400342 0.00680757038947 0.00735390687096
0.484639312751 1.0464651834 -0.0106900761636 -0.00871994260917
-0.494923481715 0.956434547849 0.0140054077982 0.00995601446532
0.902360057389 1.03681172602 -0.0169094838 -0.0110931920473
0.111019283749 0.979714984143 0.0195093693074 0.0121554624364
0.994503627705 0.150437602228 -0.0218819304555 -0.0131619878464
0.890918461766 -0.0783499845662 0.0240846553809 0.0141286409156
1.14131437898 0.0544482462235 -0.0261622906328 -0.0150690985855
0.845355435738 -0.0326325185947 0.0281511289518 0.0159956665154
1.16018320819 -0.000534925716918 -0.0300819340052 -0.0169199461588
0.838882344499 0.0758720361306 0.0319820653909 0.0178534244753
1.15804065032 -0.512710301389 -0.0338771498759 -0.0188080512904
0.850412379371 -0.48884391313 0.0357925334977 0.0197968669823
0.330289133475 -0.579616879221 -0.0377546989371 -0.0208347527783
0.923730107114 -0.114344872277 0.0397928248399 0.0219394003646
0.692073995811 -0.283495128383 -0.0419406957615 -0.0231326444712
-0.300082590528 -1.33959666549 0.0442392547552 0.024442387773
-0.614516851738 -0.650848322829 -0.0467402576554 -0.0259055048771
-1.30706812715 -0.198090946501 0.0495118109782 0.0275724106136
-0.70401195118 0.212975255851 -0.0526472143167 -0.0295145698455
-1.31312752087 -0.240562097922 0.0562798567483 0.0318374689753
-0.590702875055 0.34295798355 -0.060609871833 -0.0347043669559
-0.468323554838 0.592926525171 0.0659554137218 0.0383830031083
-0.912370559188 0.0316992902047 -0.0728607412492 -0.0433461714037
-1.14025566879 -0.0909996908279 0.0823534135624 0.0505159445871
-0.0435370841263 0.917042204523 -0.0966701550754 -0.0619657881195
-1.15780736531 -0.136232533331 0.121920495784 0.0835374926753
-0.86978959107 0.156801068545 -0.183888880545 -0.140542709141
-0.56188528846 -0.186932866062 0.815026157765 0.764510213178
