15.0 8.0 1.32026521847e-16 4.20084387696e-17
2.25685725484 -0.367513225755 -0.0518604462353 -0.0387739529946
-0.306652429342 -1.61842123954 0.0735378020401 0.0512034122389
2.31065515611 0.275391797221 -0.0843335225034 -0.0557108302197
-0.275809665728 -0.305947688495 0.0887464424725 0.0562728570465
2.20121776466 0.230195927399 -0.0885625432675 -0.0543227039723
-0.0665115421678 0.202937834779 0.0847581706381 0.050565236266
1.64986387438 1.47500483492 -0.078009503705 -0.0454420084493
-1.16500043908 0.610873513249 0.068870931209 0.0392864535487
1.00318591169 1.33524985112 -0.0578471649204 -0.032384035739
-0.965238920255 0.71040753102 0.0454237601388 0.024997171394
-0.452692623904 1.24615545852 -0.0320788706513 -0.0173751995037
-0.252797194396 0.79240790357 0.0182856268162 0.00975735611871
-0.951735416671 0.0302826862012 -0.00450951718751 -0.00237226171898
0.0635108980551 1.03051582058 -0.00879693523501 -0.00456436229954
-1.04688648864 -0.0111772946614 0.0212008636805 0.0108528231536
-0.792179131495 0.920435978805 -0.0322962433941 -0.0163128852412
-1.37898688803 0.243104755842 0.041710942251 0.0207871453423
-0.0012758921477 0.490692412878 -0.0491131339021 -0.024144110531
-0.249786587292 1.233949137 0.0542166338238 0.0262808009946
0.32318982479 0.864407462567 -0.056784733257 -0.0271247442289
-0.343458317993 1.07301841309 0.0566320699892 0.0266352593538
0.32494150216 0.9757974759 -0.0536239656415 -0.0248039550539
-0.264967356791 0.981599202513 0.0476724230106 0.0216543833936
0.121441185082 1.06042886506 -0.0387274998878 -0.0172408038475
-1.27493891672 0.881132434309 0.0267618104552 0.0116460144956
-0.896966752002 0.00133120943833 -0.0117438884889 -0.00497819442303
-0.947462713381 0.981531285664 -0.0064082981492 -0.00263333900444
-1.21834132845 0.170061663918 0.0279129285972 0.0110436460451
-0.601304850567 -0.193080222397 -0.0532957264317 -0.0200993350737
-1.59483221297 0.229089273821 0.0837750585104 0.0296481758853
-0.191162308726 -0.272978518451 -0.122272508317 -0.0395528311575
-2.04649010821 0.311577720913 0.176727472512 0.0497124394316
0.319398602012 -0.0984343643847 -0.275802480678 -0.0601009854277
-2.55266856588 1.98707733397 0.642673880592 0.0708461268973
3.80046079676 -3.57085845222 0.701925103232 -0.0824207239241
4.30928025425 -7.23114399306 -0.102276004015 0.0962176704529
1.27186382954 1.82410023125 -0.0234418443128 -0.116907271432
0.100508625901 -1.09442097128 0.123731411375 0.170159050841
0.997987386832 0.811434170908 1.009383661 0.990779592424
