12.0 5.0 -1.13943942001e-16 0.0
1.57882136286 0.266742195718 -0.0267083727152 -0.0253141048256
0.434661039749 -0.27073992365 0.0367530949188 0.0332659354587
1.54355140543 0.282694187929 -0.0425339495785 -0.0362587720026
0.488019219719 -0.333191956215 0.0466555476408 0.0369108382567
1.46420441402 0.993671019848 -0.0500255480525 -0.0361501990165
0.629828931233 0.900102662259 0.053066619137 0.0344217922128
0.804949706343 1.11254566786 -0.056030234921 -0.0319938149118
-0.580548543094 0.89383984264 0.059110214505 0.0290596878669
0.546187752053 1.09169231575 -0.0625016360284 -0.0257777985526
-0.818485105851 0.928653952385 0.066451929826 0.0222883367499
-0.938850760058 1.04274117174 -0.0713352226099 -0.0187204813349
-0.789267362668 1.00901058857 0.0778024359871 0.0151951088208
0.101546702965 0.787515595073 -0.0871554123242 -0.0118252866554
-1.48134528374 -0.271095167647 0.10250333349 0.00871564465372
-0.623539837434 0.330284649883 -0.133679167817 -0.00596120272135
-1.30504321516 0.951226347252 0.23717719677 0.00364598765306
0.769854811398 -0.177683180318 0.961506729866 -0.00184164613246
3.95974913658 0.147650295445 -0.088568219558 0.000606191786493
0.857495970285 0.976773565702 0.0240740705212 1.70171802408e-05
1.0 7.47939721853e-16 -8.76491861546e-18 1.31473779232e-17
1.07589114833 0.936101513232 -0.0128243782222 -0.000669476158262
0.0139318535134 1.07296158164 0.0209517307043 0.00198791492502
0.0194882852349 0.915890560793 -0.0266822799716 -0.00393652709454
0.00717472400563 1.10223714303 0.031034922764 0.00648210809613
-0.648503220883 0.861326153334 -0.034533457095 -0.00957838123253
-1.26315577632 1.23489203851 0.0374781099298 0.0131678423169
-0.731973184823 0.143933842533 -0.0400572569285 -0.0171841694633
-1.29151466087 0.590014897095 0.0423999125227 0.0215553218912
-0.678053753119 0.71134343347 -0.0446036258552 -0.0262075748865
-1.35539400576 -0.350925510423 0.0467518008323 0.0310709939191
-0.610215148794 0.273663202228 -0.0489274105467 -0.0360874046928
-1.42365092594 -0.24226247393 0.0512282682349 0.0412231944778
-0.544240440662 0.222382382235 -0.0537908698849 -0.0464924997795
-1.48496022742 -0.19403340753 0.0568382549841 0.0520054167113
-0.48995086718 0.0803656076178 -0.0607967918681 -0.0580856588842
-1.52945095682 -1.4241830217 0.0666473656115 0.0656228342677
-0.46009822965 -0.579844624669 -0.0773551281449 -0.0775032922379
-1.52633831485 -0.217842098252 0.108349060647 0.109090639409
0.647644409999 0.254176529517 0.996591521124 0.995887062876
