17.1181170072 10.1924957012 0.191639191525 0.156307312843
-1.16528030763 -1.03923334096 -0.0924256054056 -0.0604105981461
-0.858444321082 0.978748627513 0.0621470590241 0.0324056816837
-0.622888201741 -1.43556898128 -0.0469891776648 -0.0189212972355
0.376614442212 -0.39556075214 0.0376813233551 0.0109108254706
-1.365800353 -1.49426162553 -0.0312722754229 -0.00554861910269
-0.613217251598 0.751458059542 0.0265180576706 0.00166667900169
-1.43153307817 -0.740179444917 -0.0227991162077 0.00130576214797
0.0929447974475 1.36531832945 0.01977028075 -0.00368099376193
-1.13953213829 -0.337791560757 -0.0172229396245 0.00564453632532
-0.831238485911 1.55206747083 0.015022862172 -0.00731380062431
-0.832895401904 0.458761811131 -0.0130791836826 0.00876697431048
0.447171408832 1.53823412262 0.0113276812069 -0.0100583998287
-1.11866091542 -0.25361373614 -0.00972116872792 0.0112272912889
0.0567557995859 1.20930967061 0.00822367860646 -0.0123029415953
-1.07375146901 -0.249315152668 -0.00680676344387 0.0133079785363
0.514221243558 1.76259184308 0.00544703278454 -0.0142604887728
0.218575927876 -0.371279604676 -0.00412442670307 0.0151754632604
0.768022547385 1.35183903772 0.00282092971652 -0.0160658279455
0.481665434691 -0.610177447454 -0.00151953557944 0.0169432213619
1.53032841723 0.665749525234 0.000203329206488 -0.0178186246452
0.449389821427 -1.29002339711 0.0011454237723 0.0187029193609
1.59965046581 0.364451955627 -0.00254628845313 -0.0196074345917
0.202895077472 -0.680593139353 0.00402190423078 0.0205445426997
0.785029527493 -0.289503984743 -0.0055996456144 -0.0215283724717
0.72127759683 -0.278032201643 0.0073139914886 0.0225757317582
0.678214087079 1.09034092912 -0.00921009751425 -0.0237073766361
-0.718318701624 0.630622789743 0.0113494675493 0.0249498460653
-0.259356760296 0.409004809048 -0.0138194531816 -0.0263382316246
-0.350627384673 1.01083617704 0.0167501671577 0.0279205376272
0.449687370421 1.02233369752 -0.0203469239784 -0.0297648541249
-0.571265195359 1.00379677393 0.0249587204429 0.0319717574586
-0.329847548582 0.93141265396 -0.0312429050966 -0.0346970396354
-0.377989767425 1.18382097756 0.0406436822282 0.0381964654162
0.481121933941 0.606083402643 -0.0572789900247 -0.0429223091236
-0.599425407333 1.84808977714 0.101662663859 0.0497583130966
0.941113196726 -2.60573228067 0.766439842045 -0.0606974235981
0.955477615073 -9.44511577991 0.000851203127692 0.081381681132
0.661168229314 1.05921064955 -0.0853955289771 -0.136516669727
0.240834823043 -1.67467799451 0.748114594608 0.788824312958
