18.0 7.0 -8.22387425648e-18 -8.22387425648e-18
6.90692894613 2.92166454124 -0.163062453609 -0.163062453609
-5.37048867569 -1.68348023437 0.122204863904 0.122204863904
-0.717794853493 0.119940026841 -0.00842893207645 -0.00842893207645
1.95039986811 1.66106421464 -0.0717968643016 -0.0717968643016
-2.27568783762 -0.0653316997977 0.0702116321291 0.0702116321291
-0.716993820044 0.107339968899 -0.0104514497929 -0.0104514497929
0.972479474677 1.21833322089 -0.0455751013551 -0.0455751013551
-1.59150359844 0.26096669544 0.0519738118648 0.0519738118648
-0.717457753098 0.0898249901764 -0.0117901518191 -0.0117901518191
0.574716717853 1.02819431794 -0.0333868141792 -0.0333868141792
-1.26644748718 0.44795417716 0.0433554894708 0.0433554894708
-0.725014254649 0.055861443357 -0.0131283304518 -0.0131283304518
0.349697517565 0.897649675802 -0.0265044064867 -0.0265044064867
-1.05534359084 0.634203845323 0.0390120073249 0.0390120073249
-0.746519253315 -0.023634910838 -0.0147324168314 -0.0147324168314
0.188561726177 0.715369265606 -0.0222027671105 -0.0222027671105
-0.855842441896 1.27597146333 0.0371870238939 0.0371870238939
-0.814097282896 0.912481508816 -0.0168284157582 -0.0168284157582
-0.00794151644843 0.923339896273 -0.0193656435709 -0.0193656435709
-0.185370268218 1.11826040569 0.0372891730855 0.0372891730855
0.141233604904 0.947723637318 -0.0197252370728 -0.0197252370728
0.144558011373 0.959556491367 -0.0174632395482 -0.0174632395482
-0.345465243082 1.08426992919 0.0393343028027 0.0393343028027
0.208004339982 0.948564178808 -0.023955760235 -0.023955760235
0.119666022742 0.960705780539 -0.0162315243349 -0.0162315243349
0.0182611704564 1.14412275429 0.0439529861637 0.0439529861637
1.49770417482 0.807795879073 -0.030594156102 -0.030594156102
1.23147416978 0.0794255909624 -0.0155649852515 -0.0155649852515
0.241542638827 -0.133717067636 0.052971603002 0.052971603002
1.59187031488 0.0634904656934 -0.042224510549 -0.042224510549
1.21417218572 0.0120741387747 -0.0155288275536 -0.0155288275536
0.0248275197604 0.00970247773122 0.071902540729 0.071902540729
1.89003786889 -0.153077470591 -0.0670583714959 -0.0670583714959
1.21442652171 -0.95464274803 -0.0166739049491 -0.0166739049491
-0.533555868995 -0.732034625496 0.12541328574 0.12541328574
2.70636324919 0.367329985913 -0.152473587121 -0.152473587121
1.2276307732 -0.914058511839 -0.0244230338902 -0.0244230338902
-3.3205780444 -1.83521803549 0.810555986917 0.810555986917
6.97969312173 2.90719952218 0.8352876599 0.8352876599
