10.0 10.0 2.00556417352e-16 1.86230958969e-16
2.9921014822 3.15657960261 -0.142144513211 -0.117095666001
-2.91929634485 -0.452271126245 0.161011549414 0.124673597788
0.4680010015 1.73250178668 -0.113354994857 -0.0831905697179
-0.266735471345 0.828805943876 0.0352862610907 0.0246954827946
-0.281836748348 0.85990095964 0.0388279153845 0.0260332268769
0.512473045164 1.2031692244 -0.0823038733852 -0.05304908531
-0.220186367021 0.905710075008 0.0833075243078 0.0517536905637
1.45016657044 0.925965893607 -0.0474129469984 -0.0284433661724
1.04991112818 0.0262704313692 -0.00603426279499 -0.00350038904346
0.602466145898 -0.121077828145 0.0524256738769 0.0294315297035
1.50703471503 0.0772484240157 -0.0719603868401 -0.0391125095844
0.624507952316 0.0140825885042 0.0573780664107 0.0301936517265
1.09849388513 -0.0453964739627 -0.016410034542 -0.00835676352864
1.1693228663 -0.896648923556 -0.0319002037548 -0.0157072202943
0.729634014827 -0.63893759754 0.0654435166185 0.0311138641579
1.0221549727 0.606045490986 -0.068506348961 -0.0313873510294
-0.309644727196 1.02861568449 0.0386222434952 0.017007892689
-0.0768142054531 1.00588048993 0.0119832027818 0.00505412189747
0.325962679747 0.957075610513 -0.0610231661249 -0.0245356027672
-0.349127136554 1.0867992885 0.0851245531965 0.0324244237486
0.0961326275695 0.904635329368 -0.0696785241807 -0.0249314969372
-1.0864297137 1.02718830757 0.0157137412176 0.00521959159441
-0.515761666129 1.123376252 0.0589092488802 0.0178591228835
0.792975162599 0.695709517718 -0.124357336786 -0.0335323702709
-0.755323044385 1.40555195646 0.147213062976 0.0338502434734
0.389097541132 0.718776474388 -0.0959966871768 -0.0174238634655
0.222764307642 0.787513512541 -0.0787281071917 -0.00946749559345
-0.946674213553 1.8763538186 0.893537063703 0.0350111207589
1.94391417424 -5.64217586009 0.62176571636 -0.0465526594556
1.2102568782 -9.47384065848 -0.14445083019 0.0360949181722
0.0329370519562 -0.740282003349 0.00797339722209 -0.00444658577425
1.20197153934 0.258057870144 0.0300246126287 -0.0377012559539
-0.157575017072 -2.67055062504 -0.0161536221496 0.0723474118799
0.815343407749 0.373648498601 -0.0121439360547 -0.0795037033267
0.698987914972 -1.57254326116 0.0181034266436 0.0429748034991
-0.228941131757 -1.4809070217 0.0294869077477 0.0471950504899
1.67180604726 0.485666529539 -0.16151528745 -0.205449889999
-1.01349205817 -3.03444752612 0.525423111885 0.571916017471
2.30587234634 3.02052998949 0.947159428101 0.918860662701
