14.7028111134 3.69943152302 0.124357347884 0.124357347884
-1.11635271417 0.800758986849 -0.0465496018039 -0.0465496018039
0.116341505743 1.20707751279 0.0231456066618 0.0231456066618
-1.51488716474 0.788737700211 -0.0117629979388 -0.0117629979388
-0.600967628606 1.23244138834 0.00496572276495 0.00496572276495
-1.30315756051 0.0454713781908 -0.000400801248046 -0.000400801248046
0.0918252907597 0.912631051879 -0.00291140082762 -0.00291140082762
-1.00924563889 0.0461719252454 0.00545183133335 0.00545183133335
-0.0442132059704 1.29743060667 -0.00748450148936 -0.00748450148936
-0.911498084543 0.752706060186 0.00916663895575 0.00916663895575
-0.13341312568 1.23272323033 -0.0105979426602 -0.0105979426602
-0.809985299958 0.769674958474 0.0118449118346 0.0118449118346
-0.285923400699 1.23765050835 -0.0129538288559 -0.0129538288559
-0.404098470116 0.739166007399 0.0139581330042 0.0139581330042
0.339697150103 1.33087308979 -0.014882832681 -0.014882832681
0.170842512545 0.128193300052 0.0157472685935 0.0157472685935
1.53996877518 0.830028835463 -0.0165669188244 -0.0165669188244
0.522670013896 0.108621523487 0.0173546290927 0.0173546290927
1.4444035398 -0.00919271039258 -0.0181214915743 -0.0181214915743
0.579285341265 -0.0148767108907 0.0188775093762 0.0188775093762
1.40064254648 0.0176265917512 -0.0196321364047 -0.0196321364047
0.618387355418 -0.00686783890785 0.0203947569906 0.0203947569906
1.36162763594 -0.0201645130562 -0.0211751580107 -0.0211751580107
0.662100302416 0.0819071159595 0.0219840448252 0.0219840448252
1.30390015826 -0.305236401293 -0.0228336607254 -0.0228336607254
0.766241732064 -0.683601915463 0.0237385902642 0.0237385902642
0.797049576383 -0.289503940864 -0.0247168663876 -0.0247168663876
-0.446446843316 -1.28834792867 0.0257915733995 0.0257915733995
0.365466866471 -0.820872607538 -0.0269932704425 -0.0269932704425
-1.31014792837 -1.04868193678 0.0283638121667 0.0283638121667
-0.707868237614 0.196207418944 -0.0299626444076 -0.0299626444076
-1.24892736931 -0.123582607621 0.0318777083108 0.0318777083108
-0.836967270691 0.0319307176647 -0.0342454716833 -0.0342454716833
-0.453494441211 0.675198897242 0.0372904836761 0.0372904836761
-0.620323278225 0.258558396978 -0.0414109999446 -0.0414109999446
-1.09033528915 0.018130947327 0.0473884122849 0.0473884122849
0.0141146887825 0.925347510833 -0.0569957016241 -0.0569957016241
-1.0171038472 0.0386359177987 0.0753047087293 0.0753047087293
0.513419349471 1.52993789399 -0.125042434478 -0.125042434478
-0.381608868226 -0.152129117778 0.839300801651 0.839300801651
