10.0 6.0 -2.40048221541e-17 4.20084387696e-17
1.71405167523 -0.472091412588 -0.0319915064417 -0.0387739529946
0.3309250114 -0.775521597039 0.0375486283453 0.0512034122389
1.60707647236 1.51716714223 -0.0353336990498 -0.0557108302197
0.471204684464 -0.247937891304 0.029571402586 0.0562728570465
1.42974752051 0.889844193771 -0.0219501829051 -0.0543227039723
0.713262017685 0.89040695131 0.0134389047249 0.050565236266
0.87465373642 1.12577971018 -0.00475792699489 -0.0454420084493
-0.401509135799 0.901331373427 -0.00345148499512 0.0392864535487
0.24334385836 1.05108710088 0.0105369091116 -0.032384035739
-0.120537856519 1.01494511536 -0.0157464375264 0.024997171394
-0.0255616908334 0.869108151544 0.0180779766564 -0.0173751995037
-1.11530718673 -0.0115524986865 -0.0159308714 0.00975735611871
-0.982935646675 1.02117459244 0.00611240609566 -0.00237226171898
-0.981162644065 0.0899053148876 0.0198487932785 -0.00456436229954
-1.0154845494 -0.142938454927 -0.0975892740556 0.0108528231536
-0.484686373821 0.142036706649 0.919221361877 -0.0163128852412
2.57182020001 0.43143029932 0.354852899846 0.0207871453423
1.33531075246 1.55401759332 -0.196596287462 -0.024144110531
-0.125250848828 -0.0433324138396 0.147443796373 0.0262808009946
1.26245330114 0.658524147032 -0.119422986299 -0.0271247442289
-0.486878450672 0.944934718213 0.0982553139552 0.0266352593538
1.90001961309 1.12257758347 -0.0796843744771 -0.0248039550539
0.158409968784 0.866707354772 0.0621145175751 0.0216543833936
0.357820104679 1.11929798765 -0.0449187101252 -0.0172408038475
-0.329828055243 0.910905771356 0.0278969742185 0.0116460144956
-0.910846389973 1.0437444392 -0.0110616088596 -0.00497819442303
0.0263972119221 1.03167476339 -0.00546345523529 -0.00263333900444
-1.01230435306 0.0153910998668 0.0214975312122 0.0110436460451
-0.868939110505 0.0537660246488 -0.0368381128134 -0.0200993350737
-1.24282780418 -0.109364804637 0.051287290463 0.0296481758853
-0.642410538973 0.153180261341 -0.0646761643184 -0.0395528311575
-1.49947191752 -0.16029424143 0.0768933530725 0.0497124394316
-0.0631258547069 -0.140332563103 -0.0879277621112 -0.0601009854277
-0.270299170412 -1.64777657935 0.097949957308 0.0708461268973
0.134244901072 -0.113019964959 -0.107504791782 -0.0824207239241
-1.54413564081 -0.558238785113 0.118086147701 0.0962176704529
0.909033387728 -0.75374721174 -0.134493231127 -0.116907271432
-0.841961066076 -1.31176218486 0.182550471657 0.170159050841
0.817581759383 0.528431666806 0.984316394084 0.990779592424
