9.64024651635 6.91587502744 0.291066145424 0.245833145095
0.28784497568 -0.938260845208 -0.133434828263 -0.0947455468692
0.856340679694 0.0833768931102 0.0893816045077 0.0552259738017
0.904139726856 -0.58135174981 -0.0676478365198 -0.0368545286122
1.15885789071 -0.273146765358 0.0543065935562 0.0261348737634
0.806091169752 -0.0419808311938 -0.0450849561483 -0.0190381481304
1.22856749763 0.0941121620245 0.0382091427524 0.0139394906291
0.667847772487 -0.0378487251188 -0.0328012832914 -0.0100573056201
0.179049089981 1.24772987333 0.0283731985326 0.00696866760932
-0.755214865113 0.192012931369 -0.0246296685591 -0.0044244082462
-0.288261979409 0.774180415914 0.0213803317842 0.00226786147141
-0.669022953665 0.227314637032 -0.0184959103253 -0.000395255485397
-0.513893618561 0.784080904027 0.0158846436753 -0.00126520376413
-1.39493914486 0.189308580285 -0.0134787530146 0.00276511106945
0.058670166848 0.877685319812 0.011226227445 -0.00414285865431
-1.36597129791 -0.245962366944 -0.0090855846203 0.00542798947056
0.000990948928433 0.904660072084 0.00702235840659 -0.00664402338207
-0.202379961455 0.881978356979 -0.00500661060713 0.00781037088693
0.241671878937 1.16396914912 0.0030110450866 -0.00894368994093
-0.26123397625 0.812970425622 -0.00100945043194 0.0100589023247
0.277625370016 1.2042960122 -0.00102472865891 -0.0111700096904
-0.299397082623 0.776596491923 0.00311986369771 0.0122908082015
0.349280825979 1.26228837288 -0.00530784085906 -0.0134355809901
-0.957468830022 0.179812933261 0.00762621898015 0.0146198434597
-0.828221657246 0.839651286588 -0.0101211911345 -0.0158612265242
-1.21148437535 -0.316182994321 0.0128519078853 0.0171806101899
-0.769785883429 -0.380892473614 -0.0158971336555 -0.018603673053
-1.25411951217 -0.66355749442 0.0193660350609 0.0201631204213
-0.0764576915717 -0.913555821848 -0.0234166532118 -0.0219020318993
0.212822429672 -1.16651646648 0.028289612078 0.0238791056921
1.23816554828 -0.294064029984 -0.0343746387043 -0.0261772408813
0.0515965598107 -0.679081473602 0.0423558049746 0.028918284583
0.899615750319 -0.329715607249 -0.0535754471061 -0.0322898664798
0.109181251497 -0.660589959794 0.0711486358687 0.0365977632658
0.897137670988 -0.358283356298 -0.104698052463 -0.0423775305172
0.617132146349 -0.592754302057 0.21038123525 0.0506619303805
0.39977413843 -0.680999159212 0.601750293409 -0.0637348139745
-0.973814901761 -1.7152738856 -0.0389888747109 0.0878531107986
0.185830243774 -0.637609146102 -0.0732623852907 -0.148548755717
-0.324005500043 -0.886728531141 0.55809970113 0.613769121283
