10.5279325305 4.04997587764 0.18402748378 0.18402748378
-0.293022750165 0.970499369694 -0.0718658719778 -0.0718658719778
0.296486910967 1.10448301016 0.0400379628756 0.0400379628756
-0.909749750514 0.210133242114 -0.0248575745586 -0.0248575745586
-0.145043776659 0.919262023145 0.0158836368426 0.0158836368426
-0.875373147506 1.00865782703 -0.00989472163643 -0.00989472163643
0.379980281159 1.01592325671 0.00556816886198 0.00556816886198
-1.04272918311 0.971090743104 -0.00226042978669 -0.00226042978669
0.167822244931 1.03694969049 -0.0003795313902 -0.0003795313902
-0.12299155019 0.957695707347 0.00255977509992 0.00255977509992
-0.494300376558 1.0460496414 -0.00441173932052 -0.00441173932052
-0.417712825436 0.951054268205 0.0060228229432 0.0060228229432
0.318494505853 1.05199126018 -0.00745369309225 -0.00745369309225
-0.30845984832 0.942352624444 0.00874807774278 0.00874807774278
0.943751136695 1.07581559979 -0.00993860635755 -0.00993860635755
0.0764350295333 0.807209521347 0.0110504570345 0.0110504570345
1.22807301735 -0.102434336665 -0.0121037324152 -0.0121037324152
0.820279161722 0.109085929017 0.0131150742864 0.0131150742864
1.13236233269 -0.217718887639 -0.014098813056 -0.014098813056
0.957182831773 -0.612810208468 0.015067833218 0.015067833218
0.585129807357 -0.46638141118 -0.016034272771 -0.016034272771
0.476383209256 -0.43023268081 0.0170101405852 0.0170101405852
1.12374980797 0.0196641857358 -0.0180079198383 -0.0180079198383
0.0453275978293 -0.848326523694 0.019041223005 0.019041223005
0.889246803356 -0.21591673789 -0.0201255737216 -0.0201255737216
0.149294849641 -0.748467990904 0.0212794160923 0.0212794160923
0.81819462882 -0.280109587312 -0.0225255006388 -0.0225255006388
0.236767840655 -0.669589775505 0.0238928848492 0.0238928848492
0.213271486854 -0.873308900474 -0.0254199493029 -0.0254199493029
0.489260255985 -1.18402937464 0.0271591392176 0.0271591392176
0.380266167559 -0.789287645084 -0.0291847534313 -0.0291847534313
-0.806458415537 -1.23561669415 0.0316063868883 0.0316063868883
-0.211489628983 -0.727976260579 -0.0345935193438 -0.0345935193438
0.0594757573731 -1.34818777129 0.0384238101889 0.0384238101889
-0.340398644232 -0.310618932634 -0.0435869220644 -0.0435869220644
-0.658140396522 -0.72997659842 0.0510360830892 0.0510360830892
-0.371734308799 -0.186088744234 -0.0629089956628 -0.0629089956628
-0.547905117618 -1.09465835761 0.085200901599 0.085200901599
-0.886544067315 -0.490658225639 -0.143630455072 -0.143630455072
-0.549781075039 0.0203842202107 0.740865022728 0.740865022728
