9.06180290769 3.90645091626 0.196427185606 0.196427185606
-0.549682892942 1.04661016982 -0.0767873924899 -0.0767873924899
0.562990664441 0.990029907473 0.0433110255989 0.0433110255989
-1.28643869087 0.991824239071 -0.027417012882 -0.027417012882
0.527451534443 1.01892163903 0.0180431501637 0.0180431501637
-0.99461808511 0.974420101072 -0.0117963803944 -0.0117963803944
0.0504085559403 1.02930953183 0.00728804171908 0.00728804171908
-0.312777205094 0.969695413028 -0.00384386360595 -0.00384386360595
0.437890407067 1.02794264444 0.0010965859977 0.0010965859977
-1.05100294131 0.979798720485 0.00117123106561 0.00117123106561
0.948661226396 1.0010288066 -0.00309683339551 -0.00309683339551
-0.375181518956 1.05509458606 0.00477141765457 0.00477141765457
0.901084258968 0.471733928312 -0.00625824903496 -0.00625824903496
0.736581091054 -0.145805727178 0.00760290352102 0.00760290352102
1.4020536608 0.0403964058446 -0.00883937221386 -0.00883937221386
0.128850006618 0.392186298625 0.00999387063136 0.00999387063136
0.938122059927 0.587948169725 -0.0110873186909 -0.0110873186909
0.789085153193 -0.38836501105 0.0121370249293 0.0121370249293
1.34653317328 0.409681706132 -0.0131578846346 -0.0131578846346
0.0254997444396 -0.987879892247 0.0141632810944 0.0141632810944
1.13911446766 0.128679540648 -0.0151658130615 -0.0151658130615
0.437637175958 -0.5461110924 0.0161779359465 0.0161779359465
0.623279488266 -0.369081831115 -0.0172125875436 -0.0172125875436
0.999922366617 -0.750565326383 0.0182838661723 0.0182838661723
1.06891807039 -1.05047931607 -0.019407839113 -0.019407839113
0.933444242209 -1.00900964965 0.0206035851193 0.0206035851193
0.449359528428 -0.961427451959 -0.0218946247773 -0.0218946247773
-0.304655471079 -1.05245499085 0.023310983729 0.023310983729
0.331280435868 -0.963393299471 -0.0248923013194 -0.0248923013194
-0.876760295043 -0.537609025561 0.0266927144764 0.0266927144764
-0.891938279605 -0.318162243196 -0.0287888749297 -0.0287888749297
-1.14008923049 0.434691353017 0.0312937745217 0.0312937745217
-0.860004703498 0.620131814349 -0.0343820098619 -0.0343820098619
-1.11670618096 0.307200591226 0.0383393454376 0.0383393454376
-0.955649796185 0.941197329305 -0.0436690990451 -0.0436690990451
-0.599673418936 0.988858201389 0.0513493710978 0.0513493710978
-0.475863761203 1.05022614322 -0.0635679526583 -0.0635679526583
-1.11439057024 0.911175451808 0.0864338421908 0.0864338421908
-0.0335974004846 1.15878175782 -0.145907342784 -0.145907342784
-0.900939777639 0.261714105912 0.717912384993 0.717912384993
