15.1484986716 5.34652897869 0.0277877735264 0.106678401451
-1.45460462864 -1.16228510739 0.0219633710993 -0.0386198285181
-0.554735920921 0.699818266694 -0.0309049251377 0.0178365494932
-1.44441658124 0.383286372486 0.0326910877491 -0.00767553570551
-0.551294466111 0.547940258526 -0.0324717642577 0.00159110820153
-1.45849558585 1.09790325917 0.0315941139694 0.00250208821776
-0.518784278133 0.965813515859 -0.0305020322293 -0.00547555138759
-0.548367879564 1.03777427368 0.0293590999763 0.00775818913588
0.68055649007 0.806559565682 -0.0282273069943 -0.00958585460569
0.630428670913 0.0849312456402 0.027128105165 0.0110991898635
1.4326320707 1.42021298414 -0.0260658070736 -0.0123874688029
0.52654621948 0.119591205966 0.025037267577 0.0135102877648
1.52839526446 0.105947929953 -0.024036075133 -0.0145091551538
-0.425607636199 0.676278657722 0.0230543827611 0.0154140807819
0.569960862576 1.34518757506 -0.0220836630578 -0.0162475222392
-0.851271495666 0.403643838066 0.0211149434002 0.0170268583187
-0.141280863707 0.588294158949 -0.0201387686257 -0.0177660060442
-0.871697744208 0.410180511545 0.0191449981117 0.0184765236671
-0.137552056014 0.570702466523 -0.0181224744298 -0.0191683993197
-0.163688006604 1.13435738794 0.0170585602239 0.0198506480202
-0.656568206387 0.0704674466547 -0.015938509049 -0.0205317974483
-1.30039572267 1.0305191732 0.0147446028969 0.0212203202937
0.867239684891 0.973205174639 -0.0134549436151 -0.0219250606741
0.19523258996 1.06747602436 0.012041713352 0.0226557009985
0.754124131663 0.475723963575 -0.0104685965046 -0.0234233233872
0.871466307745 -0.197280081128 0.0086868363555 0.0242411386667
1.22196339718 0.152000033555 -0.00662898942955 -0.0251254920612
0.721018788614 -1.11193374809 0.00419863516063 0.026097320507
1.34713773743 -0.867173168463 -0.0012526257296 -0.027184357638
0.389101657067 -1.14033680105 -0.00243125095923 0.0284246127249
0.140195157239 -0.852105242405 0.00721724768937 -0.0298721081928
-0.201601789539 -1.15783032925 -0.0137450397027 0.0316068269117
0.2192333519 -0.827104180507 0.0232448944021 -0.0337530077361
-0.212268205456 -1.20175123463 -0.0384030274361 0.0365153267304
0.130643914563 -0.696833874225 0.066329638507 -0.0402573720228
-1.34621105035 -0.120460567818 -0.133424837865 0.0456940932212
-0.518084481783 0.209369800594 0.473046822453 -0.0544530895758
0.939068640072 -0.634007681016 0.649824646935 0.0712166405387
1.92327653205 -1.06544401334 -0.30468095172 -0.117232928949
-0.358054410701 -0.254385430851 0.976843282422 0.865343171344
