10.0 26.0 4.20084387696e-17 4.20084387696e-17
0.740436407027 1.11219212877 -0.0387739529946 -0.0387739529946
0.213990843564 -2.99100952789 0.0512034122389 0.0512034122389
0.859520555229 0.776268303987 -0.0557108302197 -0.0557108302197
0.0464253813429 -1.93851941321 0.0562728570465 0.0562728570465
1.05963807987 1.08493403767 -0.0543227039723 -0.0543227039723
-0.16816094324 -2.59734998746 0.050565236266 0.050565236266
1.2689929243 0.245470525478 -0.0454420084493 -0.0454420084493
-0.351930116163 -1.69866772734 0.0392864535487 0.0392864535487
1.40731578211 0.792731748142 -0.032384035739 -0.032384035739
-0.426677423364 -1.89625996804 0.024997171394 0.024997171394
1.40362222004 -0.44099143205 -0.0173751995037 -0.0173751995037
-0.338130186488 -1.29376732748 0.00975735611871 0.00975735611871
0.0790698766815 -0.932584569119 -0.00237226171898 -0.00237226171898
1.06464585588 -0.878417324538 -0.00456436229954 -0.00456436229954
0.860732691582 -1.26265335625 0.0108528231536 0.0108528231536
0.444287222698 -0.685987489139 -0.0163128852412 -0.0163128852412
0.21002727166 -0.704760223746 0.0207871453423 0.0207871453423
1.23294589771 0.0986634938204 -0.024144110531 -0.024144110531
-1.17160925285 -1.89633381042 0.0262808009946 0.0262808009946
1.62621260835 -0.177645034398 -0.0271247442289 -0.0271247442289
-0.552151334886 -1.73459670721 0.0266352593538 0.0266352593538
-0.308496554537 -0.399114378082 -0.0248039550539 -0.0248039550539
-0.465137379 -1.33539868077 0.0216543833936 0.0216543833936
-0.840937994652 0.521251613473 -0.0172408038475 -0.0172408038475
-1.17266403094 -0.23812695707 0.0116460144956 0.0116460144956
-0.911104035396 1.14590562064 -0.00497819442303 -0.00497819442303
-0.945585653402 0.0952889184499 -0.00263333900444 -0.00263333900444
-1.28040942157 0.505287335123 0.0110436460451 0.0110436460451
0.329955409342 1.82250995554 -0.0200993350737 -0.0200993350737
-1.34823238758 -0.820920213185 0.0296481758853 0.0296481758853
0.340355411373 1.75252813514 -0.0395528311575 -0.0395528311575
-1.33902698622 -0.186298664102 0.0497124394316 0.0497124394316
0.627000095976 2.44885713785 -0.0601009854277 -0.0601009854277
0.166628789188 -0.641576084581 0.0708461268973 0.0708461268973
0.745104665049 2.65053295915 -0.0824207239241 -0.0824207239241
0.504985135668 -2.46486990755 0.0962176704529 0.0962176704529
1.71951929304 1.20676777737 -0.116907271432 -0.116907271432
0.121092422917 -2.03313744849 0.170159050841 0.170159050841
0.763965075907 2.12493167665 0.990779592424 0.990779592424
