10.0 6.0 3.08395284618e-18 3.08395284618e-18
2.01214828524 0.57347397176 -0.0512947984164 -0.0512947984164
0.0179157505361 0.28843029471 0.0654854967475 0.0654854967475
1.92390570028 0.987888014068 -0.0671638034914 -0.0671638034914
0.157450781514 -0.772972109259 0.0622374651096 0.0622374651096
1.74331139281 0.670323043808 -0.0533606146381 -0.0533606146381
0.366870504952 -0.600939784703 0.0422780161694 0.0422780161694
1.52350004028 0.638691647257 -0.0303701033022 -0.0303701033022
0.543844042541 0.85531072573 0.0187824884574 0.0187824884574
0.0837725973801 1.09948405293 -0.00843528207301 -0.00843528207301
9.86864910778e-17 1.0 -6.16790569236e-18 -6.16790569236e-18
-0.13624804354 0.869449711368 0.0061227688875 0.0061227688875
0.338858750354 1.327229353 -0.00981047251521 -0.00981047251521
-1.14312801675 -0.126452559364 0.0112044720555 0.0112044720555
-0.0757072976186 0.899804435084 -0.0106736604121 -0.0106736604121
-0.676206527133 0.367094296029 0.00875829969108 0.00875829969108
-0.571878491949 0.334220672807 -0.0060991304882 -0.0060991304882
-0.218816797902 1.06201885136 0.00335856666438 0.00335856666438
-0.883096689913 1.06885832521 -0.00114172080001 -0.00114172080001
1.19991129771 0.883737706587 -7.49097348613e-05 -7.49097348613e-05
1.0 3.94745964311e-16 -6.16790569236e-18 -6.16790569236e-18
0.901171451342 0.975812103439 0.00143643639137 0.00143643639137
1.16899943053 0.148578082295 -0.00407087008485 -0.00407087008485
0.767639511771 0.646257486196 0.00751925832543 0.00751925832543
1.31913614971 0.622609646285 -0.01121387611 -0.01121387611
0.325679487887 0.0481811116402 0.0144601958487 0.0144601958487
0.00943787252179 1.4821260735 -0.0165079463602 -0.0165079463602
-0.0311543776837 0.670445412391 0.0166289190243 0.0166289190243
-0.0535400157943 1.22696477784 -0.0141931645695 -0.0141931645695
-1.13167246213 0.852061109723 0.00873494383417 0.00873494383417
-1.0 -6.16790569236e-17 -1.23358113847e-17 -1.23358113847e-17
-0.887832951724 -0.0172180636035 -0.0120340513397 -0.0120340513397
-1.22970661432 0.767141167602 0.0271733037616 0.0271733037616
-0.646617089358 0.63615783623 -0.0450732516507 -0.0450732516507
-1.47895061577 -0.555106529456 0.0653874300094 0.0653874300094
-0.399915217176 0.58430108629 -0.0880998556212 -0.0880998556212
-1.70874287336 -0.626646160114 0.114429954317 0.114429954317
-0.207370999374 0.663819561384 -0.150368308578 -0.150368308578
-1.80977957284 -0.687831192753 0.233492242324 0.233492242324
1.10903382918 0.692251398291 0.983606673679 0.983606673679
