14.0 4.0 1.26882631386e-17 -9.51619735393e-18
2.94881092553 0.59965691316 -0.0793860921709 -0.065274066465
-0.792270855022 -0.684752569139 0.107261894546 0.0826840358104
2.00016775542 1.25037836746 -0.113121168374 -0.0825748769302
-1.08406248348 0.188609635217 0.104408099026 0.0726962057638
2.07640238297 0.369039417331 -0.0852095774276 -0.0568941875269
-1.01763502414 1.07529392896 0.0590676364155 0.0379733699956
0.442550976702 0.993618219235 -0.029507008855 -0.0183199571557
1.42108547152e-15 1.0 -6.97878725381e-18 1.23777592385e-17
0.546307382882 0.987888849902 0.0262431748725 0.015292134507
1.05943992839 1.02955499803 -0.0465263686672 -0.026318230073
-1.1630007874 0.953706243365 0.0588978549424 0.0323661409913
1.23604825449 1.05870564026 -0.0623207066791 -0.0332826241756
-1.36764668696 0.935919599581 0.0567595546422 0.0294589944742
-0.232645118811 1.05973138168 -0.0431720140448 -0.0217678317245
-0.251035220484 0.958373562125 0.0234041855189 0.011455450694
-1.31957936641e-15 1.0 -8.37967709224e-19 1.00731185443e-17
0.361752063886 1.10530459127 -0.0240567408858 -0.011051161029
-1.33899751339 0.109633467201 0.045641611448 0.0202489172187
-0.349758526172 0.503898021538 -0.0617993266735 -0.0263982196614
-1.80124598624 1.27955755545 0.070031108152 0.028686913652
-0.176111695948 0.612206780798 -0.0685268661559 -0.0267748595667
-1.71814165274 -0.164935780213 0.0563105896683 0.0208345562848
-0.51157004446 0.13988802094 -0.0332663160215 -0.011539283596
1.01506105109e-16 1.0 -1.85783594082e-16 2.61514459426e-18
-1.3327888356 0.10230940989 0.042558477206 0.0123426410647
0.524329329206 0.605452543111 -0.0941074616645 -0.0238602497832
-1.55258355419 0.867024229883 0.157664201468 0.0328981842676
0.180535551902 -0.73646347143 -0.250788954131 -0.0379398634276
-2.53175128579 0.837009194144 0.50853124349 0.0377563634522
3.05121794577 -1.24558066274 0.868867742462 -0.031524137368
8.63516523236 -3.88976187393 -0.0895668109718 0.0188946858527
1.0 9.13554945977e-16 -9.41186117201e-18 3.10503900083e-19
0.745300963542 0.279430795811 0.0182156637389 -0.0246276413149
1.06623500901 -0.392124649877 -0.0069032002746 0.0542664384286
1.29239630048 0.455969538147 -0.0230333424371 -0.0884819795301
0.269468011092 -0.496938766529 0.0681048525701 0.128398834498
2.19515137471 0.52430882883 -0.132868364775 -0.181615595985
-0.68798968175 -0.542886107121 0.26698231403 0.300332236328
1.70652699281 0.556688433379 0.990924401726 0.974515804886
