10.0 10.0 1.86230958969e-16 1.86230958969e-16
3.3842813081 2.67204729232 -0.117095666001 -0.117095666001
-0.80359006777 -2.01111459588 0.124673597788 0.124673597788
2.04118888863 1.12857710461 -0.0831905697179 -0.0831905697179
0.713834449221 -0.289012547742 0.0246954827946 0.0246954827946
0.711136161435 -0.237192532427 0.0260332268769 0.0260332268769
1.57559072379 -0.120595272048 -0.05304908531 -0.05304908531
0.44204418234 -1.39774446459 0.0517536905637 0.0517536905637
1.30938156809 0.528544942753 -0.0284433661724 -0.0284433661724
1.03913845904 0.0605064237784 -0.00350038904346 -0.00350038904346
0.651438332505 -0.535147127063 0.0294315297035 0.0294315297035
1.52376674158 1.05598136671 -0.0391125095844 -0.0391125095844
0.426652347302 0.738429379314 0.0301936517265 0.0301936517265
0.0380432347627 1.08351408093 -0.00835676352864 -0.00835676352864
0.118651367176 1.16303398648 -0.0157072202943 -0.0157072202943
-0.290410825084 0.674933769367 0.0311138641579 0.0311138641579
0.363839730754 1.32473913822 -0.0313873510294 -0.0313873510294
-0.295014081524 0.828266286468 0.017007892689 0.017007892689
-1.0219370638 0.95125058565 0.00505412189747 0.00505412189747
-0.226282088107 1.21595911086 -0.0245356027672 -0.0245356027672
0.129043585333 0.775256695388 0.0324244237486 0.0324244237486
-0.200615360504 1.0137818675 -0.0249314969372 -0.0249314969372
-1.03351225829 -0.0723354269599 0.00521959159441 0.00521959159441
-0.363913744397 0.515837657344 0.0178591228835 0.0178591228835
0.590222937771 1.80009173741 -0.0335323702709 -0.0335323702709
-0.806935488929 -0.00730073507289 0.0338502434734 0.0338502434734
-0.787884681031 0.310880258943 -0.0174238634655 -0.0174238634655
0.0344027732807 1.08630933602 -0.00946749559345 -0.00946749559345
-0.850137858621 -0.0374743423946 0.0350111207589 0.0350111207589
-0.645309007527 0.600075878616 -0.0465526594556 -0.0465526594556
0.177373744617 0.987785262569 0.0360949181722 0.0360949181722
-0.0214561241568 1.00220943403 -0.00444658577425 -0.00444658577425
-0.872077504689 0.337300243674 -0.0377012559539 -0.0377012559539
-0.645441360241 -0.0929550376524 0.0723474118799 0.0723474118799
0.145671905609 1.82863750195 -0.0795037033267 -0.0795037033267
-1.22715963843 0.614551748058 0.0429748034991 0.0429748034991
-0.327365845353 0.626549542019 0.0471950504899 0.0471950504899
0.441709414014 2.36411318451 -0.205449889999 -0.205449889999
-2.76325992875 -1.53262641389 0.571916017471 0.571916017471
2.80876203959 2.592721777 0.918860662701 0.918860662701
