11.0 8.0 -6.34413156929e-18 -9.51619735393e-18
2.47993055665 1.34860861544 -0.0463793806123 -0.065274066465
-0.419277941193 -2.10068299985 0.0511598984425 0.0826840358104
2.28467529826 0.523052046065 -0.044818513478 -0.0825748769302
-0.0980133599898 -0.164621245552 0.0347563423361 0.0726962057638
1.88711472353 1.39415187739 -0.0239960032593 -0.0568941875269
0.275482088272 -0.456717452759 0.0141131202124 0.0379733699956
0.16814841123 1.37269974779 -0.005977316091 -0.0183199571557
1.2180732613e-15 1.0 8.3217431356e-18 1.23777592385e-17
-0.181523697017 0.747210917045 0.00375285091099 0.015292134507
0.338989606286 1.39724739776 -0.00548367378819 -0.026318230073
-0.486480316951 0.602079215381 0.00559128142459 0.0323661409913
0.861681960921 0.996302221109 -0.0045957105236 -0.0332826241756
0.809619605918 -0.349867336897 0.0030607748128 0.0294589944742
1.20510674198 1.60325153878 -0.00151891450576 -0.0217678317245
0.834178784424 0.71666077174 0.000404289665016 0.011455450694
-7.1054273576e-16 1.0 -7.63211229299e-17 1.00731185443e-17
6.18033769707e-05 1.25763310939 0.000404289665015 -0.011051161029
0.0548606954495 0.528605779058 -0.00151891450576 0.0202489172187
-0.625071176905 1.62012061169 0.0030607748128 -0.0263982196614
-0.75918079128 0.313437984494 -0.0045957105236 0.028686913652
0.0827742661574 1.6603142524 0.00559128142459 -0.0267748595667
-1.29168888649 0.461466366625 -0.00548367378819 0.0208345562848
0.333319574548 1.3230475785 0.00375285091099 -0.011539283596
3.04518315326e-16 1.0 3.54038305062e-18 2.61514459426e-18
-1.19005994042 -0.273699317273 -0.005977316091 0.0123426410647
0.139873230896 1.34160866979 0.0141131202124 -0.0238602497832
-0.878419087055 -0.203400550915 -0.0239960032593 0.0328981842676
-0.807045131823 0.621739309508 0.0347563423361 -0.0379398634276
-1.27790111482 -0.766035388474 -0.044818513478 0.0377563634522
-0.734372774126 0.739137324237 0.0511598984425 -0.031524137368
-1.1744588326 -0.515210389417 -0.0463793806123 0.0188946858527
-1.0 6.09036630652e-16 -2.43588452264e-17 3.10503900083e-19
0.0401136837879 1.20593278472 0.949888163571 -0.0246276413149
0.398347191639 -9.2658985348 0.354598674757 0.0542664384286
1.78201816244 -4.30667950642 -0.270097575515 -0.0884819795301
-0.0294009635371 1.62636265214 0.256797668996 0.128398834498
2.2811725276 -0.835663376674 -0.270097575515 -0.181615595985
-0.563933095581 -1.21266758196 0.354598674757 0.300332236328
1.40221533928 0.907615767091 0.949888163571 0.974515804886
