6.32697065395 16.9296691831 0.106678401451 0.106678401451
-0.308937552919 0.762856396862 -0.0386198285181 -0.0386198285181
0.535148186212 0.94712124276 0.0178365494932 0.0178365494932
0.882162166017 0.0335198239871 -0.00767553570551 -0.00767553570551
1.18276357037 0.960703436977 0.00159110820153 0.00159110820153
0.788321838476 0.0548920368935 0.00250208821776 0.00250208821776
1.2321235366 0.909392439363 -0.00547555138759 -0.00547555138759
0.748390018724 -0.782271391638 0.00775818913588 0.00775818913588
1.27529293361 0.804188339246 -0.00958585460569 -0.00958585460569
0.687817167099 -1.10405733451 0.0110991898635 0.0110991898635
1.39501922143 0.0505939388369 -0.0123874688029 -0.0123874688029
0.0256318240258 -1.03419879375 0.0135102877648 0.0135102877648
0.925574308138 0.0319780989123 -0.0145091551538 -0.0145091551538
0.0586296043673 -1.04383176025 0.0154140807819 0.0154140807819
1.01619291943 0.0871856360847 -0.0162475222392 -0.0162475222392
-0.299897655316 -1.30179631878 0.0170268583187 0.0170268583187
0.37106792698 -0.797364988386 -0.0177660060442 -0.0177660060442
-0.863330188469 -0.706423130506 0.0184765236671 0.0184765236671
-0.190012236685 -0.245677049649 -0.0191683993197 -0.0191683993197
-0.813393032824 -0.734199425567 0.0198506480202 0.0198506480202
-1.01129798988 0.493669280956 -0.0205317974483 -0.0205317974483
-1.03632907387 -1.41956119345 0.0212203202937 0.0212203202937
-0.948033221479 0.6558619082 -0.0219250606741 -0.0219250606741
-1.04603355162 -0.614105571735 0.0226557009985 0.0226557009985
-1.00230248037 0.641678515795 -0.0234233233872 -0.0234233233872
-0.368545893482 -1.25459541024 0.0242411386667 0.0242411386667
0.18174217984 -0.574588389274 -0.0251254920612 -0.0251254920612
0.867078171238 -1.46109929225 0.026097320507 0.026097320507
0.910551151906 -0.51343926712 -0.027184357638 -0.027184357638
0.0280094091049 -1.53972949903 0.0284246127249 0.0284246127249
1.40148978021 -0.0917200716424 -0.0298721081928 -0.0298721081928
0.67210019721 -0.272192913349 0.0316068269117 0.0316068269117
1.30141175522 0.308592878267 -0.0337530077361 -0.0337530077361
0.709938681383 -0.290853187501 0.0365153267304 0.0365153267304
1.28622480983 0.171997463787 -0.0402573720228 -0.0402573720228
0.712301957096 -1.19972908339 0.0456940932212 0.0456940932212
1.29480642104 0.537162423649 -0.0544530895758 -0.0544530895758
0.688465146742 -0.466878563909 0.0712166405387 0.0712166405387
1.35844717894 0.433726599282 -0.117232928949 -0.117232928949
-0.105994620863 -0.409955267874 0.865343171344 0.865343171344
