13.0 4.0 0.0 0.0
2.38559856692 1.64289672341 -0.0773510129099 -0.0773510129099
-2.91497175217 0.375815088768 0.0933900615642 0.0933900615642
1.18075637878 1.52671793736 -0.0853615328236 -0.0853615328236
-1.34248724192 0.616578623219 0.0649691986795 0.0649691986795
-0.424006035083 1.22512513318 -0.0394553283386 -0.0394553283386
-0.0576186036084 0.920562090823 0.0143802258003 0.0143802258003
-0.00935742883489 0.96723575649 0.00615161852257 0.00615161852257
-0.750590738927 1.1001534424 -0.0196823665576 -0.0196823665576
-0.663101008572 0.878018684052 0.0254895289727 0.0254895289727
0.401013541822 1.10702048446 -0.0244232188356 -0.0244232188356
-0.221469251852 0.929328939285 0.018490381429 0.018490381429
0.0644273101364 1.03091010632 -0.010267146141 -0.010267146141
0.0185643246604 0.995992537488 0.00226456617359 0.00226456617359
0.939713011752 1.00096451933 0.00361792790843 0.00361792790843
0.319219177801 0.974542240338 -0.00644016670282 -0.00644016670282
0.271411274074 1.07374001943 0.00630683663085 0.00630683663085
1.40146815107 0.86341868135 -0.00418916393371 -0.00418916393371
0.765893312129 1.20316029639 0.00154118202894 0.00154118202894
1.10236385392 0.73215611857 0.000185079310501 0.000185079310501
1.0 -1.0 1.63268091857e-18 1.63268091857e-18
0.919066607847 -0.255469732191 -0.00230499342272 -0.00230499342272
1.18368447184 0.335448118397 0.00606257038076 0.00606257038076
0.365078662214 -0.764761239159 -0.0098859819914 -0.0098859819914
0.136571865484 -0.757119016864 0.0120433499686 0.0120433499686
1.2952991576 0.219958959167 -0.0109624218013 -0.0109624218013
0.884813730696 -0.0817865614454 0.0057443539056 0.0057443539056
0.936769940577 -0.045608813771 0.00344126131754 0.00344126131754
1.29943132304 0.23045338717 -0.015184560309 -0.015184560309
0.00179570753408 -0.892897332911 0.0269427625693 0.0269427625693
0.268303757821 -0.837609992763 -0.0354192421948 -0.0354192421948
-0.316962451767 -1.27285152037 0.0371413823859 0.0371413823859
0.187350831019 -0.674037481303 -0.0291091680116 -0.0291091680116
-1.15287129316 -0.0257130797936 0.00934807165666 0.00934807165666
-1.35252732594 -0.142907240364 0.0228321592718 0.0228321592718
0.61602610294 1.11501186984 -0.0671606763483 -0.0671606763483
-1.73700651441 0.043620535028 0.124063273345 0.124063273345
0.758605425941 0.740555415275 -0.201444152009 -0.201444152009
-1.65917695872 0.455033580991 0.367369856683 0.367369856683
2.07539070556 0.446342722386 0.963336072061 0.963336072061
