17.0 6.0 0.0 0.0
3.78926932399 0.94760214783 -0.0773510129099 -0.0773510129099
-1.53884293085 -0.765027529821 0.0933900615642 0.0933900615642
3.12311359658 0.492066599397 -0.0853615328236 -0.0853615328236
-0.595409504297 0.00146038165917 0.0649691986795 0.0649691986795
2.01565384147 1.1802644425 -0.0394553283386 -0.0394553283386
0.566483350511 -0.155723331709 0.0143802258003 0.0143802258003
-0.130273740272 0.865586274401 0.00615161852257 0.00615161852257
0.576805450885 1.4477516114 -0.0196823665576 -0.0196823665576
-1.44566558943 -0.174282373127 0.0254895289727 0.0254895289727
0.11691111543 0.726483235265 -0.0244232188356 -0.0244232188356
-0.691403121622 0.900587244595 0.018490381429 0.018490381429
-0.70418784537 1.13302905649 -0.010267146141 -0.010267146141
-0.0404439390082 0.937047226895 0.00226456617359 0.00226456617359
-1.00489257491 -0.00940033044274 0.00361792790843 0.00361792790843
-0.179189931305 0.796529390931 -0.00644016670282 -0.00644016670282
-0.422617232301 0.639320192542 0.00630683663085 0.00630683663085
-1.30735213449 -0.404158026672 -0.00418916393371 -0.00418916393371
-0.690761581142 0.435923551099 0.00154118202894 0.00154118202894
0.15777154259 1.00505541178 0.000185079310501 0.000185079310501
1.0 1.0 1.63268091857e-18 1.63268091857e-18
0.248865876496 1.0500026913 -0.00230499342272 -0.00230499342272
-0.336743175886 0.885267102378 0.00606257038076 0.00606257038076
0.436316030632 1.17538996204 -0.0098859819914 -0.0098859819914
-0.667795955055 0.784717640342 0.0120433499686 0.0120433499686
-0.899338431927 1.21769054848 -0.0109624218013 -0.0109624218013
-1.07483910519 0.842801758677 0.0057443539056 0.0057443539056
-1.04727380695 -0.0272200200484 0.00344126131754 0.00344126131754
-0.791153033714 0.941697842083 -0.015184560309 -0.015184560309
-1.3657113735 0.376059868751 0.0269427625693 0.0269427625693
-0.527874407688 -0.105789289286 -0.0354192421948 -0.0354192421948
-1.48495868214 -0.0042479265753 0.0371413823859 0.0371413823859
-0.62866673787 0.0438094517688 -0.0291091680116 -0.0291091680116
-1.11601031174 -0.0206418400849 0.00934807165666 0.00934807165666
-1.27354650371 -0.0577065699407 0.0228321592718 0.0228321592718
-0.234394524969 0.171026091147 -0.0671606763483 -0.0671606763483
-2.30597303991 -0.271054602465 0.124063273345 0.124063273345
0.819161555491 0.134872536882 -0.201444152009 -0.201444152009
-3.16748452423 -1.75285428768 0.367369856683 0.367369856683
2.88127558481 1.14547563194 0.963336072061 0.963336072061
