10.585125744 5.97586485024 0.170671241135 0.170671241135
0.626983801916 -0.587855546545 -0.0664195490452 -0.0664195490452
0.405896921226 -0.439224935229 0.0364116612637 0.0364116612637
1.15627830312 0.0148357062064 -0.0220321765691 -0.0220321765691
0.846477348395 0.890826216931 0.0135111817645 0.0135111817645
0.0403902988281 1.08628304756 -0.00781603967365 -0.00781603967365
-0.451819693567 0.512481344134 0.00369747177368 0.00369747177368
-0.580284747409 0.460324269026 -0.000546336481484 -0.000546336481484
0.35241167998 1.30112692579 -0.0019701335544 -0.0019701335544
-0.325337560742 0.744257342544 0.00404939333283 0.00404939333283
0.361555342113 1.24458538934 -0.00581629175274 -0.00581629175274
-0.967779530751 0.748639521153 0.00735390687096 0.00735390687096
-0.00343091556081 1.28614070903 -0.00871994260917 -0.00871994260917
0.0941672040543 0.514459767708 0.00995601446532 0.00995601446532
1.3292577305 0.100658094075 -0.0110931920473 -0.0110931920473
0.711144723394 -0.167777037056 0.0121554624364 0.0121554624364
1.22569951232 1.05618143966 -0.0131619878464 -0.0131619878464
-0.371598143028 0.86113594081 0.0141286409156 0.0141286409156
0.37607027924 1.17170413151 -0.0150690985855 -0.0150690985855
-0.399275035341 0.794029708791 0.0159956665154 0.0159956665154
-0.348593127338 0.470203850997 -0.0169199461588 -0.0169199461588
-0.670704954707 0.46841039383 0.0178534244753 0.0178534244753
-0.688927510874 0.55529475027 -0.0188080512904 -0.0188080512904
-1.41515776278 0.4413858245 0.0197968669823 0.0197968669823
-0.426389980478 -0.293833663249 -0.0208347527783 -0.0208347527783
-0.721296381788 -0.656423325801 0.0219394003646 0.0219394003646
-0.241566772329 -0.316382178588 -0.0231326444712 -0.0231326444712
-0.237350588156 -1.26454212315 0.024442387773 0.024442387773
0.373269692017 -0.797760023959 -0.0259055048771 -0.0259055048771
-0.522812036008 -1.17994947184 0.0275724106136 0.0275724106136
1.06285335044 -0.830468675908 -0.0295145698455 -0.0295145698455
-0.739984530369 -1.16395065025 0.0318374689753 0.0318374689753
-0.636846955861 -0.0393395524431 -0.0347043669559 -0.0347043669559
-0.668383544973 -1.15848325441 0.0383830031083 0.0383830031083
0.168574168181 -0.843311840041 -0.0433461714037 -0.0433461714037
0.351903612111 -1.1545264969 0.0505159445871 0.0505159445871
0.0322770024864 -0.849410752999 -0.0619657881195 -0.0619657881195
-0.219740772851 -1.1405918941 0.0835374926753 0.0835374926753
0.725319780573 -0.896976866056 -0.140542709141 -0.140542709141
0.21162404998 -0.518020935592 0.764510213178 0.764510213178
