15.0 8.0 2.16201325848e-16 2.16201325848e-16
9.97168700121 5.89851904342 -0.217285719563 -0.217285719563
0.779691353423 1.39440463362 -0.0259835809839 -0.0259835809839
-3.22415759171 -0.665704483671 0.131120357848 0.131120357848
-0.767695986545 0.596325096985 0.0352538503838 0.0352538503838
1.83572510528 1.98127431831 -0.0918272163877 -0.0918272163877
0.751761469486 1.40861635173 -0.0401952990971 -0.0401952990971
-1.20970409148 0.330353242569 0.0684382411206 0.0684382411206
-0.728185692861 0.588186001016 0.0433929463529 0.0433929463529
0.832453017097 1.4836299613 -0.0522643316833 -0.0522643316833
0.687093133048 1.41414963288 -0.045728580249 -0.045728580249
-0.556120074599 0.645450430782 0.0398882640476 0.0398882640476
-0.589849138867 0.583989312839 0.0475896345297 0.0475896345297
0.281567811895 1.2554338434 -0.0296651319808 -0.0296651319808
-0.0213107649257 1.41759903701 -0.0491779843751 -0.0491779843751
-1.30157545009 0.826721778573 0.0206732247631 0.0206732247631
-1.29485344233 0.58096393761 0.0506150097582 0.0506150097582
0.259024885374 1.10076706674 -0.0123169976045 -0.0123169976045
0.9945441584 1.42040642607 -0.051985373439 -0.051985373439
-0.0746994080557 0.966859600624 0.00414503370385 0.00414503370385
-0.920497279993 0.578219616699 0.053359330669 0.053359330669
-0.0708760075453 0.966749278373 0.00425535595474 0.00425535595474
0.885738107283 1.42322893866 -0.0548078860276 -0.0548078860276
0.209865136271 1.10179514213 -0.0133450729976 -0.0133450729976
-0.864742491139 0.57516064407 0.0564183032986 0.0564183032986
-0.354923797102 0.823651707871 0.0237432954652 0.0237432954652
0.85008782828 1.42673883907 -0.0583177864349 -0.0583177864349
0.517286071198 1.26219193012 -0.0364232186977 -0.0364232186977
-0.838798355092 0.570857886003 0.060721061365 0.060721061365
-0.712245256146 0.632190843706 0.0531478511229 0.0531478511229
0.82942269924 1.43246791424 -0.0640468616055 -0.0640468616055
0.966164053687 1.50901193162 -0.0776463020008 -0.0776463020008
-0.821138456893 0.562310125448 0.0692688219208 0.0692688219208
-1.33360054869 0.279133029356 0.119658454333 0.119658454333
0.813407989092 1.447765991 -0.0793449383704 -0.0793449383704
1.95459370186 2.1051771377 -0.215730035776 -0.215730035776
-0.805818103649 0.521882116173 0.109696831196 0.109696831196
-3.34039115874 -1.26345435564 0.728870229817 0.728870229817
0.797985079305 0.372516972575 0.995904080056 0.995904080056
10.0867687055 5.07603802639 0.605195297462 0.605195297462
