16.0 3.0 -5.04646829375e-18 -5.04646829375e-18
9.08138360764 2.22830596713 -0.199509670662 -0.199509670662
-1.39105503339 0.798392382869 0.0454270541676 0.0454270541676
-2.55735984632 0.589700294845 0.101866833945 0.101866833945
1.12915340308 1.21869084931 -0.0543406757796 -0.0543406757796
0.404298485156 1.23193108348 -0.0541711305928 -0.0541711305928
-2.09729866339 0.749025153182 0.0521648946647 0.0521648946647
-0.767342190215 0.857239046502 0.0248721553135 0.0248721553135
1.33371182741 1.32993947071 -0.0444824554681 -0.0444824554681
0.201155522629 1.06849301824 -0.00625086433443 -0.00625086433443
-1.44996517901 0.238186077518 0.0340268465131 0.0340268465131
-0.890869612165 0.0226800410386 -0.00449832992346 -0.00449832992346
0.0119395130827 0.604703978721 -0.0228100444693 -0.0228100444693
-0.0630759143809 1.0741172986 0.00889500038633 0.00889500038633
-0.0647079207846 1.05855899932 0.0125317436801 0.0125317436801
-0.084317365148 0.984373436085 -0.00820355658307 -0.00820355658307
-0.772600705399 1.00851312804 -0.00462364733503 -0.00462364733503
-1.03344365633 0.956873276667 0.00377006196405 0.00377006196405
-0.181131521695 0.972758095682 0.00020059328777 0.00020059328777
0.449774973585 1.14529501308 0.00288891863302 0.00288891863302
-2.8260222445e-16 1.0 5.04646829375e-18 5.04646829375e-18
-0.750317639462 0.354452955834 -0.0101025391185 -0.0101025391185
-0.99063370245 -0.00017714562233 0.00434314962812 0.00434314962812
-0.518439912854 0.515201846937 0.0161021399944 0.0161021399944
0.249371081579 1.1889784214 -0.0131361159719 -0.0131361159719
0.287458404747 1.17043375677 -0.0190702656551 -0.0190702656551
-0.346087568179 0.836923583711 0.0259233780138 0.0259233780138
-0.210409105025 0.918142371886 0.0171212215487 0.0171212215487
0.474583228334 1.16123867896 -0.0420125010951 -0.0420125010951
0.0790113074293 1.02604441927 -0.00808871340077 -0.00808871340077
-0.318166490429 0.829018824764 0.0607201640529 0.0607201640529
1.18033488936 1.02906318493 -0.0112400493002 -0.0112400493002
2.16643228658 1.21025813802 -0.0819296609255 -0.0819296609255
0.370798146203 0.854474193687 0.0478742735268 0.0478742735268
-0.313645242718 0.264681666562 0.107909187897 0.107909187897
2.39368687947 -0.208355834177 -0.125928046059 -0.125928046059
2.47550753498 -0.782636798084 -0.15438578406 -0.15438578406
-2.10781345472 -1.17940835028 0.435078796212 0.435078796212
-1.36995230216 -0.323417141426 0.98356478229 0.98356478229
9.08094102586 1.72457934312 0.697684673196 0.697684673196
