7.6087693137 6.53299158255 0.0548357737043 0.0463875480774
0.884346431303 0.0458655742939 -0.020439632759 -0.0103989467788
1.12652442864 -0.181158217498 0.0104899352254 -0.00111723372709
0.859578144068 -0.939041975338 -0.00632540898124 0.00684194917684
1.16193086105 0.429961656696 0.00444042744832 -0.0103001946599
0.799255154804 0.852597759278 -0.00370741203754 0.0126395740335
1.29152102774 -0.425916149816 0.00366262671103 -0.0143455484586
0.233158824262 0.848780844679 -0.00408991230142 0.0156589352274
0.642670376238 0.282185591662 0.00488526982516 -0.0167129040466
0.471980298985 0.610954989178 -0.00600479052045 0.0175872028437
-0.189531930657 1.09077765937 0.00744328737164 -0.0183326223359
0.122279434926 0.999323025075 -0.00922677472871 0.0189831627012
-0.0977817092087 0.944053288168 0.0114132110055 -0.0195625613459
0.095449845003 1.10894174181 -0.0141006578822 0.0200880169573
-0.134785318593 0.805136762191 0.0174454335875 -0.0205724263475
-0.974510991424 0.135009427421 -0.0216977465014 0.0210257900952
-1.05347125769 -0.237261810088 0.0272728982496 -0.0214561338237
-0.925534601944 0.493743586372 -0.0349039900539 0.021870138302
-1.1006682775 0.630662830029 0.046007453234 -0.0222735913815
-0.861309507554 -0.0436263978666 -0.0637089416853 0.0226717314462
-1.19854169787 0.265696452621 0.0965169143415 -0.0230695282615
-0.702986908371 1.18533235866 -0.178625219341 0.023471934424
-1.19725275936 -1.44764857539 0.764367599636 -0.0238841349603
4.88478550136 6.69024587265 0.38661481107 0.0243118222717
2.59142778648 2.29732694359 -0.162723839303 -0.0247615284766
0.236369055348 -1.00677892055 0.106238995629 0.0252410587255
1.55275586862 0.681122248283 -0.0805115363977 -0.0257600909297
0.525616353415 -0.586623049739 0.0658358254743 0.0263310471927
1.46649589344 -0.475190459116 -0.0564088885315 -0.0269704156766
0.40571287139 -0.458504456371 0.0499206010345 0.0277008415873
0.507987766433 -0.619636166701 -0.0452854417141 -0.0285545854569
0.599967143855 -0.256639851158 0.0419480991 0.0295795386052
0.0237629008827 -1.14587712569 -0.0396285402613 -0.030850331031
-0.122414229716 -0.911357219754 0.0382275659758 0.0324904075322
0.210462252704 -1.08702414231 -0.0378183437599 -0.0347202189329
-0.721602822016 -0.886660808976 0.0387357725389 0.0379764489439
-1.01801801197 -1.19009165581 -0.041911941285 -0.0432642620011
-1.02787906125 -0.0777453695025 0.0502395232177 0.0535306571714
-0.973001104631 -0.866687552399 -0.0776416358944 -0.0827405176714
-0.189563856527 -0.133751918407 0.938683745838 0.945492529128
