16.6048469554 4.74262200161 0.196427185606 0.196427185606
-1.5594616942 -0.215062049755 -0.0767873924899 -0.0767873924899
-0.475664904188 0.725588473439 0.0433110255989 0.0433110255989
-1.50802163444 0.21493303355 -0.027417012882 -0.027417012882
-0.499710640344 -0.0384347036267 0.0180431501637 0.0180431501637
-1.50071834337 -0.0133723510226 -0.0117963803944 -0.0117963803944
-0.4752057515 0.0616577970847 0.00728804171908 0.00728804171908
-0.690279245103 0.759638974731 -0.00384386360595 -0.00384386360595
-0.613921870267 -0.0567037380305 0.0010965859977 0.0010965859977
-1.39385895698 0.0460151768385 0.00117123106561 0.00117123106561
0.12947853575 0.688861656731 -0.00309683339551 -0.00309683339551
-1.12662735888 0.318667716339 0.00477141765457 0.00477141765457
0.576733896778 1.12146409989 -0.00625824903496 -0.00625824903496
-0.532203986601 0.941952829569 0.00760290352102 0.00760290352102
0.528829376881 1.01626498411 -0.00883937221386 -0.00883937221386
-0.564115272573 1.05290714619 0.00999387063136 0.00999387063136
1.20602220588 0.254062276255 -0.0110873186909 -0.0110873186909
0.621411264825 -0.88923907835 0.0121370249293 0.0121370249293
1.40939718958 0.130247527478 -0.0131578846346 -0.0131578846346
0.578758927969 -0.0610555481609 0.0141632810944 0.0141632810944
1.42865080069 -0.020174696494 -0.0151658130615 -0.0151658130615
0.562315174073 0.327101867382 0.0161779359465 0.0161779359465
1.46200091939 0.629843936634 -0.0172125875436 -0.0172125875436
-0.16607607199 0.41116845992 0.0182838661723 0.0182838661723
1.33605782904 0.51661763476 -0.019407839113 -0.019407839113
0.638119408938 0.904049305303 0.0206035851193 0.0206035851193
1.35475700664 1.10611612968 -0.0218946247773 -0.0218946247773
-0.294007972381 0.905811596066 0.023310983729 0.023310983729
0.312453313049 1.0714885967 -0.0248923013194 -0.0248923013194
-0.277069125431 0.972528567501 0.0266927144764 0.0266927144764
-0.629261082429 0.119307657232 -0.0287888749297 -0.0287888749297
-1.00017173886 0.249366233701 0.0312937745217 0.0312937745217
-0.0396087582356 0.716163901264 -0.0343820098619 -0.0343820098619
-1.59058852751 -0.355904864188 0.0383393454376 0.0383393454376
-0.484979547195 0.296344404882 -0.0436690990451 -0.0436690990451
-1.47731508625 -0.286700305173 0.0513493710978 0.0513493710978
-0.551550165862 0.315689820808 -0.0635679526583 -0.0635679526583
-1.41504648169 -0.480372957457 0.0864338421908 0.0864338421908
-0.651638612239 -0.466695054895 -0.145907342784 -0.145907342784
-0.771191514862 -0.0404587661949 0.717912384993 0.717912384993
