6.10617851361 9.97844200022 0.170671241135 0.170671241135
-0.699551312183 0.78313361108 -0.0664195490452 -0.0664195490452
-0.328833733758 1.21220384348 0.0364116612637 0.0364116612637
-0.103986157695 0.801803524997 -0.0220321765691 -0.0220321765691
0.196978087268 1.1710102149 0.0135111817645 0.0135111817645
-0.294863549677 0.89714136952 -0.00781603967365 -0.00781603967365
0.744778940912 0.677200895001 0.00369747177368 0.00369747177368
0.242672510436 0.300159262804 -0.000546336481484 -0.000546336481484
0.881112352713 0.68294181334 -0.0019701335544 -0.0019701335544
0.989923678757 0.380514391773 0.00404939333283 0.00404939333283
1.0548547087 0.197041547667 -0.00581629175274 -0.00581629175274
0.919705151113 -0.222797766025 0.00735390687096 0.00735390687096
1.09884503684 0.209700570572 -0.00871994260917 -0.00871994260917
0.884500910881 -0.151537552155 0.00995601446532 0.00995601446532
1.13415279349 -0.262820141325 -0.0110931920473 -0.0110931920473
0.838674922668 -0.776562148858 0.0121554624364 0.0121554624364
1.21786684843 0.589992381282 -0.0131619878464 -0.0131619878464
0.535735674699 -0.799944214329 0.0141286409156 0.0141286409156
0.441605899574 -0.18707951013 -0.0150690985855 -0.0150690985855
1.15841008459 -0.836278146537 0.0159956665154 0.0159956665154
0.798735100232 -0.907806942923 -0.0169199461588 -0.0169199461588
0.277578735128 -1.14560400031 0.0178534244753 0.0178534244753
0.751476050062 -0.839841969031 -0.0188080512904 -0.0188080512904
-0.3539656103 -1.15239980333 0.0197968669823 0.0197968669823
-0.448349586601 -0.89183451062 -0.0208347527783 -0.0208347527783
-0.592976577195 -0.869202685826 0.0219394003646 0.0219394003646
-0.383041669334 -0.105722748879 -0.0231326444712 -0.0231326444712
-0.643974560269 -1.48792921723 0.024442387773 0.024442387773
-1.10211566737 0.298061501314 -0.0259055048771 -0.0259055048771
-0.939833189418 -0.361532876848 0.0275724106136 0.0275724106136
-1.08933119248 0.42421951841 -0.0295145698455 -0.0295145698455
-0.301083347128 -1.05592259478 0.0318374689753 0.0318374689753
-0.75680812815 0.140458315782 -0.0347043669559 -0.0347043669559
-1.13989089211 -0.304524420281 0.0383830031083 0.0383830031083
-0.896382963167 0.750046120247 -0.0433461714037 -0.0433461714037
-1.0700353714 0.272365563878 0.0505159445871 0.0505159445871
-0.992442556978 0.729034656132 -0.0619657881195 -0.0619657881195
-0.747667489481 0.259445601011 0.0835374926753 0.0835374926753
-0.276492429505 0.78196604006 -0.140542709141 -0.140542709141
-0.712160015907 -0.377541494046 0.764510213178 0.764510213178
