7.0 11.0 0.0 3.08395284618e-18
-0.192902091202 2.02695303722 -0.0623723579433 -0.0512947984164
-1.06272947916 0.124939180406 0.0834243260318 0.0654854967475
1.53985411385 1.16794323444 -0.0887591369163 -0.0671638034914
0.429187297471 -0.927400046251 0.0849521858452 0.0622374651096
1.48835621491 0.796152433925 -0.0751572445389 -0.0533606146381
0.61866797662 -0.705411148941 0.0615336835634 0.0422780161694
1.2695846729 0.73970962065 -0.0458329233828 -0.0303701033022
0.835780047794 0.69922389472 0.0295489719324 0.0187824884574
1.07285042979 0.0223135368937 -0.0139380618604 -0.00843528207301
1.0 1.97372982156e-16 1.48029736617e-16 -6.16790569236e-18
0.946613762357 -0.0648479496304 0.011542953721 0.0061227688875
1.09107314608 0.138174456564 -0.0202536040199 -0.00981047251521
0.874988507156 -0.220798583299 0.0259665895994 0.0112044720555
1.19267728171 0.34354555461 -0.0287524089849 -0.0106736604121
0.433458484412 -0.773781110969 0.0288601342764 0.00875829969108
0.123648846327 -0.614031383384 -0.0266424659571 -0.0060991304882
1.36729218016 0.0445492132703 0.0224677239396 0.00335856666438
0.667256084593 0.124248266408 -0.0166225437944 -0.00114172080001
0.0283424162246 1.07061376557 0.00920525129101 -7.49097348613e-05
0.0 1.0 -1.23358113847e-17 -6.16790569236e-18
-0.125249291754 1.01273900505 -0.0117034024462 0.00143643639137
0.98931146363 0.259478608786 0.0274504292038 -0.00407087008485
0.82001471331 -0.237825760359 -0.0504716979636 0.00751925832543
1.34330320509 0.304933831397 0.0884387509223 -0.01121387611
0.488793060335 -0.685483775775 -0.16621884892 0.0144601958487
1.6016819601 -0.770153207287 0.453768235734 -0.0165079463602
-2.02608125016 0.3851401365 0.908779027569 0.0166289190243
-4.57005704968 1.07836198431 -0.198993047239 -0.0141931645695
0.39123849052 0.97396944549 0.0738844551672 0.00873494383417
-2.96059473233e-16 1.0 -6.16790569236e-18 -1.23358113847e-17
-0.103757253118 1.01582115955 -0.067226172346 -0.0120340513397
0.107315523737 0.987294036472 0.147842200207 0.0271733037616
-0.0654940938384 0.974429909465 -0.283703112094 -0.0450732516507
0.0285004762146 0.905365855556 0.862587260427 0.0653874300094
-0.259486695048 -2.60473789019 0.511915149256 -0.0880998556212
-1.51020370369 -4.56904852477 -0.0713888921269 0.114429954317
-0.454110933034 1.93335962141 -0.0612372778386 -0.150368308578
-1.55207974349 -1.49063246971 0.189773584922 0.233492242324
0.839027895573 1.31266983967 1.0006656181 0.983606673679
