8.0 9.0 0.0 0.0
1.38251076356 0.458543649988 -0.0253141048256 -0.0253141048256
0.621723948304 -0.39102482195 0.0332659354587 0.0332659354587
1.36417100043 -0.494766255065 -0.0362587720026 -0.0362587720026
0.658423692851 -0.681057654537 0.0369108382567 0.0369108382567
1.31089070042 0.542465184374 -0.0361501990165 -0.0361501990165
0.727945659035 -0.45602284997 0.0344217922128 0.0344217922128
1.22426058135 0.33054973341 -0.0319938149118 -0.0319938149118
0.835112001228 0.232289054541 0.0290596878669 0.0290596878669
1.08596295446 1.0984114687 -0.0257777985526 -0.0257777985526
1.04235663825 -0.790500683715 0.0222883367499 0.0222883367499
0.545368347806 1.04372645573 -0.0187204813349 -0.0187204813349
0.203765465903 0.317794659714 0.0151951088208 0.0151951088208
1.01510188831 0.374262105317 -0.0118252866554 -0.0118252866554
-0.351917483828 1.0357527643 0.00871564465372 0.00871564465372
0.220787968948 1.03769784743 -0.00596120272135 -0.00596120272135
-0.15886421127 0.940249212112 0.00364598765306 0.00364598765306
0.128783314697 1.07440660131 -0.00184164613246 -0.00184164613246
-0.135432258719 0.892114501682 0.000606191786493 0.000606191786493
-0.982632199968 0.0067550614597 1.70171802408e-05 1.70171802408e-05
-3.73969860926e-16 1.0 1.31473779232e-17 1.31473779232e-17
-0.938130151636 0.067835093265 -0.000669476158262 -0.000669476158262
-0.237202996334 0.754882920151 0.00198791492502 0.00198791492502
0.33921692753 1.34487304572 -0.00393652709454 -0.00393652709454
-1.22066629577 -0.218608259035 0.00648210809613 0.00648210809613
0.133230909213 1.11460947078 -0.00957838123253 -0.00957838123253
-1.04246847987 0.0111675306027 0.0131678423169 0.0131678423169
-0.0564463794939 0.799154611654 -0.0171841694633 -0.0171841694633
-0.836267298615 0.847779809383 0.0215553218912 0.0215553218912
-0.278545992317 1.37271983996 -0.0262075748865 -0.0262075748865
-0.599796861886 0.101690995573 0.0310709939191 0.0310709939191
-0.529403024741 0.691686375599 -0.0360874046928 -0.0360874046928
-0.328916458742 0.483010468961 0.0412231944778 0.0412231944778
-0.845594773028 0.324732400084 -0.0464924997795 -0.0464924997795
0.180060080995 1.0203624498 0.0520054167113 0.0520054167113
-0.159937268063 0.99324561726 -0.0580856588842 -0.0580856588842
-1.17160929066 -0.321510368253 0.0656228342677 0.0656228342677
0.42769557845 1.57905342031 -0.0775032922379 -0.0775032922379
-0.396772166659 0.43215658643 0.109090639409 0.109090639409
0.40218253827 0.450564588503 0.995887062876 0.995887062876
