5.4260428299 13.0383512108 0.0955776810825 0.18402748378
1.14989757901 -0.0933543490954 0.00388191007652 -0.0718658719778
0.876253294083 -1.23896340754 -0.0268614267042 0.0400379628756
1.14926156943 -0.827635747467 0.0353216053998 -0.0248575745586
0.683289592822 -0.319612464478 -0.038897275172 0.0158836368426
0.398266865531 -0.676039161429 0.0403729715228 -0.00989472163643
0.573489207373 -0.310751886895 -0.0408094486027 0.00556816886198
0.441928634514 -0.70391515765 0.0406812571379 -0.00226042978669
0.547984450662 -0.287038789106 -0.0402240416773 -0.0003795313902
0.458074045398 -0.695580573059 0.0395634234936 0.00255977509992
0.544338672174 -0.859654481559 -0.0387697084176 -0.00441173932052
1.25283086054 -0.365010928408 0.0378835631473 0.0060228229432
0.550573873206 0.561054079652 -0.0369291147822 -0.00745369309225
0.00986570818153 0.890239820478 0.0359212314283 0.00874807774278
-0.0923863329872 1.14160245384 -0.0348700953296 -0.00993860635755
0.189996644309 0.903262093001 0.0337847576651 0.0110504570345
-0.579858109995 0.744519661723 -0.032676936434 -0.0121037324152
-0.370821535019 0.271917588078 0.0315665817567 0.0131150742864
-0.0558814071564 1.33340177074 -0.0304919678491 -0.014098813056
-0.716762099535 -0.139475913054 0.0295305586849 0.015067833218
-0.344491628445 1.11510170465 -0.0288469667917 -0.016034272771
-1.18241506579 -0.684988312702 0.0288172205229 0.0170101405852
-0.933774991778 0.622422120954 -0.0304087248063 -0.0180079198383
-0.973588154926 -0.604189893824 0.0366893774217 0.019041223005
-1.16546429386 0.594335887768 -0.0627481080798 -0.0201255737216
0.144519144216 -0.540394503474 0.756833541822 0.0212794160923
3.15715381854 2.46203276991 0.111522370199 -0.0225255006388
-0.306689988241 0.147893872464 -0.086163632004 0.0238928848492
-0.453433233772 1.90639950997 0.104315661575 -0.0254199493029
-0.438218852627 -0.0423811874656 -0.165624538711 0.0271591392176
-0.835156212597 2.2734538673 0.43675408696 -0.0291847534313
1.60172053448 -4.37851518166 0.508923976124 0.0316063868883
1.43850940584 -1.58152430091 0.554614689047 -0.0345935193438
1.80835922172 -1.47004122747 0.266767721041 0.0384238101889
1.49001345206 0.406978257672 -0.157595209132 -0.0435869220644
0.495072448077 -0.675234078235 0.107053744682 0.0510360830892
1.58698858891 1.12285618469 -0.0330405358631 -0.0629089956628
-1.22725889735 -2.7774522472 0.923035031461 0.085200901599
-1.7188663809 -5.40897530437 -0.303449158679 -0.143630455072
0.322597528316 0.635102321775 0.850562554236 0.740865022728
