17.0 6.0 2.33731163079e-17 0.0
1.85868700902 -0.769159229181 -0.030648585004 -0.0253141048256
0.197064351771 0.609010338267 0.0422475660231 0.0332659354587
0.946962418449 1.27268284822 -0.0475337545649 -0.0362587720026
-0.823250842098 0.816442005705 0.0493661824374 0.0369108382567
0.701331102739 1.08040500786 -0.0488638138416 -0.0361501990165
-0.50925998869 1.08594113111 0.0466354306429 0.0344217922128
-0.224663018369 0.213800051755 -0.0430985048521 -0.0319938149118
-0.903118601452 0.618360955667 0.0385879105505 0.0290596878669
0.00858496005231 0.531416808777 -0.0333990708083 -0.0257777985526
-1.11239072569 0.318652243362 0.0278061775512 0.0222883367499
0.226965757534 0.84103622457 -0.0220695235227 -0.0187204813349
-1.37836253578 -0.0328740276102 0.016437609582 0.0151951088208
0.722655922656 1.40689290854 -0.0111466257383 -0.0118252866554
-0.563938902556 0.748124995387 0.00641864793285 0.00871564465372
0.58327066255 1.16472404051 -0.00245933166648 -0.00596120272135
0.747617887857 0.895642558918 -0.000544380153012 0.00364598765306
-0.00952247825622 1.05962516549 0.00242613896661 -0.00184164613246
-0.0171632739225 0.973222980498 -0.00304130501037 0.000606191786493
0.0122152468525 1.00551358834 0.00226691218618 1.70171802408e-05
1.02841711755e-15 1.0 5.25895116928e-17 1.31473779232e-17
-0.947864074018 1.03312703815 -0.00384639107439 -0.000669476158262
-1.07720805212 0.0319908673006 0.00935070379942 0.00198791492502
-0.880620156959 0.852757907713 -0.016595849414 -0.00393652709454
-1.17699335918 0.351457997806 0.0256915365975 0.00648210809613
-0.750877476026 -0.256988257374 -0.0368137814372 -0.00957838123253
-1.33500457885 0.236786500501 0.0502788747679 0.0131678423169
-0.565866804349 -0.234476750051 -0.0666936235928 -0.0171841694633
-1.54662973363 0.238746080638 0.0872959061356 0.0215553218912
-0.326006040115 -0.230093836494 -0.114850725703 -0.0262075748865
-1.82048860264 -0.0275091367664 0.1565767489 0.0310709939191
-0.00650655924942 -1.81943792799 -0.237808836694 -0.0360874046928
-2.12505852464 0.364599079338 0.545360451836 0.0412231944778
2.91314731875 -2.26220952451 0.76361328844 -0.0464924997795
3.72980334432 -5.48296851263 -0.145322131912 0.0520054167113
1.08383110959 1.42261812406 0.0407930212233 -0.0580856588842
0.475315605729 -0.865931857731 0.00852521072445 0.0656228342677
1.72789332256 0.640627490575 -0.0440588626123 -0.0775032922379
0.133803373675 -0.511273147123 0.0909604385412 0.109090639409
0.821118618686 0.415559373691 1.00341949866 0.995887062876
