19.5151089512 6.41826764467 0.0677191564491 0.0677191564491
-1.49585467192 -0.033776827058 -0.0205767714385 -0.0205767714385
-0.506737369574 0.0233773120505 0.00572843925721 0.00572843925721
-1.49248663474 -0.0136587514406 0.00161068756522 0.00161068756522
-0.507940157828 -0.000518904498781 -0.00603075951334 -0.00603075951334
-1.49184102146 0.0277595516687 0.00901506873318 0.00901506873318
-0.508030999158 -0.100736402567 -0.0111884543258 -0.0111884543258
-1.49278988021 0.727593383022 0.01286002633 0.01286002633
-0.504854378193 0.379339743231 -0.014200387383 -0.014200387383
-1.50185546295 -0.213291306721 0.0153115519148 0.0153115519148
-0.468862629382 0.196341862934 -0.0162584164421 -0.0162584164421
-0.470538357209 0.887586147312 0.017084382077 0.017084382077
0.480799950934 1.10465345945 -0.0178197244317 -0.0178197244317
-0.491136967498 0.906723904775 0.0184863629584 0.0184863629584
0.510482475369 1.07287125359 -0.0191007227477 -0.0191007227477
-0.566680276669 0.983658105016 0.0196755312526 0.0196755312526
1.03304004976 0.55078626929 -0.0202209948535 -0.0202209948535
0.69242418579 -0.278867117765 0.0207456028068 0.0207456028068
1.34846170641 0.244071042538 -0.0212567032451 -0.0212567032451
0.644281479944 -0.251561804689 0.0217609403109 0.0217609403109
1.34852741241 0.309005082601 -0.0222646109946 -0.0222646109946
0.671487830813 0.641760750408 0.0227739839563 0.0227739839563
1.28853310289 0.328845846224 -0.0232956152925 -0.0232956152925
0.801009937178 0.908020133208 0.0238366956316 0.0238366956316
0.825463119067 1.23407553797 -0.0244054689377 -0.0244054689377
0.10439956911 0.30841123235 0.0250117777799 0.0250117777799
0.921450035084 0.550791992004 -0.0256678171606 -0.0256678171606
0.0585530772514 1.0980600411 0.026389228818 0.026389228818
0.993696765325 0.986174170345 -0.0271967596963 -0.0271967596963
-1.59722202684 0.967363153077 0.0281188830227 0.0281188830227
-0.394773734255 1.07638540979 -0.0291961290124 -0.0291961290124
-1.58867187751 0.82629910991 0.0304886092009 0.0304886092009
-0.424306589019 0.0126765467363 -0.0320898912846 -0.0320898912846
-1.56703455296 -0.0807299798052 0.0341545265232 0.0341545265232
-0.437509939699 0.169449191064 -0.0369580053644 -0.0369580053644
-1.5629995651 -0.59982982108 0.0410446328003 0.0410446328003
-0.426935401804 -0.572241457736 -0.047662439055 -0.047662439055
-1.61607847242 0.289361949809 0.060446073622 0.060446073622
0.304121846038 -0.942293722366 -0.0963555810701 -0.0963555810701
-0.426700528188 -0.142203730415 0.91857400033 0.91857400033
