6.09831731657 4.45907223154 0.234066296287 0.218560768295
0.961351592498 0.0474441048875 -0.0994617226278 -0.0852006975277
1.06711166238 -0.608994336931 0.0619561124146 0.0488980614404
0.923735392786 -0.267288986879 -0.0436928976881 -0.031812598788
1.0779502306 0.162446963327 0.032493741135 0.0217809824839
0.925031669966 -0.152440610157 -0.024655224644 -0.0151142914981
1.06580094533 0.26523553914 0.018662117991 0.0103120071963
0.964962267214 1.01706826715 -0.0137730176551 -0.00664840296605
0.444243584036 1.00504816677 0.00957622709885 0.00372928168742
0.555675403108 0.993875295133 -0.00581845044181 -0.00132173685447
0.0704108937404 1.00106429015 0.00232821393423 -0.000721001106101
-0.11063349812 1.00749004434 0.00102290598113 0.00249632730477
0.175382128822 0.980437447241 -0.00434271749575 -0.00407172988461
-0.633302480412 1.03702035613 0.00773397107973 0.00549577732455
-0.280085665605 0.934129250874 -0.0113082436202 -0.00680465767718
0.0585685820342 1.1316425701 0.0152023775336 0.0080262541944
0.441016960611 0.380837782698 -0.0196030838685 -0.00918279554898
0.543552808612 0.655472409469 0.0247903046724 0.0102926534404
0.709026884898 0.0509453014266 -0.0312237439998 -0.0113716195655
1.30422741884 -0.00250862017359 0.0397377956402 0.0124338644718
-0.102567565648 0.712137747429 -0.0520504775382 -0.0134927097808
1.4702967826 0.0403430212573 0.0723999332976 0.0145613069723
0.323882422394 0.404803443769 -0.114941799068 -0.0156532978063
2.12973170075 0.73347857746 0.274213157187 0.0167835279901
-4.5411682133 -2.06235008711 0.631283724124 -0.0179688958407
-4.5737618937 -1.75594750135 -0.137223876414 0.0192294444922
0.516710706948 0.830821496662 0.0719362050643 -0.0205898580808
-0.768078587455 0.654644491397 -0.0450653679591 0.0220816170885
0.577301510749 1.30749305497 0.0296500193266 -0.0237462419042
-1.45072864791 0.585046820781 -0.0190439418838 0.0256403825268
-0.580551609122 0.0443174152883 0.0107630413044 -0.0278441627246
-1.38617030423 0.572967313181 -0.00360262531054 0.0304755474672
-0.629887267415 0.291108742152 -0.00318273630048 -0.0337165508304
-1.39004320837 -0.657463258722 0.0102120369051 0.0378645340365
0.153580037469 -1.02225494031 -0.0182051093842 -0.0434419954595
0.798660192827 -1.00225518363 0.0283021450448 0.0514609896811
1.2200200469 -1.01876543989 -0.0428430815847 -0.0641742834283
0.759046683901 -0.198568119622 0.0681291030507 0.0878213422685
1.29536398107 0.0816419394388 -0.130261406684 -0.148458070257
0.186389504009 -0.0466044067959 0.657321576577 0.674131667908
