15.3448469023 4.10838444293 0.18402748378 0.18402748378
-1.5074285547 -0.227984388774 -0.0718658719778 -0.0718658719778
-0.565174218303 0.66384976481 0.0400379628756 0.0400379628756
-1.34570679477 0.380872149974 -0.0248575745586 -0.0248575745586
0.101262011206 0.600470924587 0.0158836368426 0.0158836368426
-1.02005837286 0.417760481493 -0.00989472163643 -0.00989472163643
-0.0369516781971 0.550251328353 0.00556816886198 0.00556816886198
-1.55064708796 0.545254039808 -0.00226042978669 -0.00226042978669
0.376675978271 1.29100454387 -0.0003795313902 -0.0003795313902
-1.72442681228 0.752027730158 0.00255977509992 0.00255977509992
0.227347684982 1.23050582612 -0.00441173932052 -0.00441173932052
-1.13651881278 0.776945686549 0.0060228229432 0.0060228229432
0.0966190623682 1.22080418351 -0.00745369309225 -0.00745369309225
-1.0864206007 0.778160212872 0.00874807774278 0.00874807774278
0.701211751776 1.22530176067 -0.00993860635755 -0.00993860635755
-0.616007369808 0.769276881141 0.0110504570345 0.0110504570345
0.539437890398 1.23743155766 -0.0121037324152 -0.0121037324152
0.000638539349797 0.757778698196 0.0131150742864 0.0131150742864
1.75520740815 1.21395998936 -0.014098813056 -0.014098813056
0.263440364546 -0.344020106782 0.015067833218 0.015067833218
1.78851551762 0.421496350385 -0.016034272771 -0.016034272771
-0.457287608797 -1.10834577168 0.0170101405852 0.0170101405852
0.803092883677 -0.529076851391 -0.0180079198383 -0.0180079198383
0.0382453324911 -0.648220187592 0.019041223005 0.019041223005
1.04373954827 -0.243279183056 -0.0201255737216 -0.0201255737216
-0.144034686364 -0.921036969873 0.0212794160923 0.0212794160923
1.42797611631 -0.653822763354 -0.0225255006388 -0.0225255006388
0.122316706363 -0.492496546047 0.0238928848492 0.0238928848492
0.912978331674 -0.422018853175 -0.0254199493029 -0.0254199493029
0.0193654034169 -0.6737060521 0.0271591392176 0.0271591392176
1.2434184252 -0.0380089996171 -0.0291847534313 -0.0291847534313
0.729856643734 -0.0192579153518 0.0316063868883 0.0316063868883
1.26736104894 0.0633410684711 -0.0345935193438 -0.0345935193438
0.773706356137 -0.124885955249 0.0384238101889 0.0384238101889
0.953386078149 0.403014938543 -0.0435869220644 -0.0435869220644
-0.428098788164 1.0829647699 0.0510360830892 0.0510360830892
0.343748836383 0.962619964395 -0.0629089956628 -0.0629089956628
-0.249660994256 1.0587995566 0.085200901599 0.085200901599
-0.16487898987 0.61896591427 -0.143630455072 -0.143630455072
-0.801877765634 -0.21449398528 0.740865022728 0.740865022728
