11.5527106797 6.10213956595 0.146027265936 0.124357347884
-0.709004611977 0.906821094514 -0.0673063435349 -0.0465496018039
-0.291980438503 1.12807491817 0.0430210867571 0.0231456066618
-0.352854552804 0.8516799824 -0.0307770634337 -0.0117629979388
1.04325639909 1.16502959063 0.0231271775267 0.00496572276495
-0.0490213355608 0.80878716598 -0.0177078491787 -0.000400801248046
1.13316204393 0.309694433155 0.0135287543506 -0.00291140082762
-0.441403821654 0.873169962738 -0.0100976227365 0.00545183133335
0.799974940229 1.14607956086 0.00713787588058 -0.00748450148936
0.275535018653 0.845521048762 -0.00447771930604 0.00916663895575
0.107897678498 1.16858690416 0.0019998880828 -0.0105979426602
-0.936364113149 0.068038696812 0.000384083071624 0.0118449118346
-0.0849842913322 0.900390731405 -0.00274889993151 -0.0129538288559
-0.920925045761 0.0497682232726 0.00516603460617 0.0139581330042
-0.0515270257958 1.33871210295 -0.00771317561818 -0.014882832681
-1.03867382192 0.710030821016 0.0104854190939 0.0157472685935
1.38375950087 1.29381338185 -0.0136119307809 -0.0165669188244
0.515929509613 -0.16942075663 0.0172850582257 0.0173546290927
1.5341469774 0.262676028383 -0.0218177620595 -0.0181214915743
0.22665782161 -0.50231177588 0.0277710624756 0.0188775093762
0.323530838687 -0.959756116244 -0.0362799600558 -0.0196321364047
-0.389430687588 -1.08087528011 0.0500691720296 0.0203947569906
0.423628018027 -0.93580801578 -0.0777979188234 -0.0211751580107
-0.45537193369 -0.951814493141 0.169817413114 0.0219840448252
0.498922134905 -0.230845985927 0.806504515055 -0.0228336607254
-0.588401401466 -2.20969407815 -0.112210738722 0.0237385902642
1.08312273548 0.0953638681055 0.056586426391 -0.0247168663876
-0.0509081658934 -0.935518790911 -0.0351591076741 0.0257915733995
1.08516566947 -0.846633384911 0.0232261176827 -0.0269932704425
-0.231712339701 -1.19559210258 -0.0151607871251 0.0283638121667
0.305520561063 -0.786545766014 0.0089388270318 -0.0299626444076
-0.340031135126 -1.22526137012 -0.00360307541261 0.0318777083108
0.362641651694 -0.763420706509 -0.00142707366476 -0.0342454716833
-0.377895430711 -1.25221527001 0.00662704516001 0.0372904836761
0.370806282068 -0.707229842479 -0.0125477747795 -0.0414109999446
-1.4391855884 -0.267298961523 0.0200691524455 0.0473884122849
-0.521372101191 0.29548782092 -0.0310308030858 -0.0569957016241
-1.55333836101 -0.372534241253 0.0505515282554 0.0753047087293
0.0946463381698 0.942736975114 -0.101392641512 -0.125042434478
-0.381734978953 0.0876208695102 0.816672003838 0.839300801651
