7.08151446147 7.18626922584 0.0900409264433 0.0878094067108
-0.944361633508 0.995316508517 -0.0343593688876 -0.0299737243302
0.133480132394 1.00655273613 0.0182984136674 0.0120390973011
-0.015720731042 1.00028049466 -0.011146672468 -0.00322348195754
-0.433247342247 0.989076151469 0.00735789217903 -0.00207029023193
-0.685125829338 1.02443332922 -0.00517435770345 0.00563791865112
0.352599214774 0.958676251621 0.00387198679833 -0.0082327891933
-0.268831903884 1.06354020257 -0.00310244889053 0.0102266236483
1.10080444739 0.903788931777 0.00268032796507 -0.011824197472
-0.0945640148082 1.15657012511 -0.00250001425771 0.0131477865421
1.30310554666 0.631954101627 0.002498788834 -0.0142750899139
0.748096792187 0.0843644891979 -0.00263884421508 0.0152580228411
1.22638683328 -0.576440269688 0.00289794744077 -0.0161327714552
0.793269824808 -0.534276716705 -0.00326441826342 0.0169255156343
1.18746476702 0.226764401082 0.00373445897231 -0.0176558596291
0.835386165808 -0.912286211733 -0.00431090965592 0.0183389840367
1.13153002588 -0.136233741846 0.00500301080825 -0.0189870538115
0.931931713569 0.164300645546 -0.00582704896841 0.0196101795032
0.837833854426 -0.39321609607 0.00680798749649 -0.0202171052344
0.0726606769025 -0.691265722879 -0.00798244004273 0.0208157301381
1.3536773261 0.110284972166 0.00940373829665 -0.0214135333118
0.782356766501 0.0345390501356 -0.0111505732507 0.0220179527486
0.551198384153 -0.711256714543 0.0133421826522 -0.0226367598356
-0.358888985323 -1.08428715369 -0.0161663938988 0.0232784701722
0.30925930903 -0.980093385364 0.0199349863067 -0.0239528384101
-0.283755162164 -0.975828568284 -0.025203048064 0.0246715016407
0.266509963466 -1.06590277716 0.0330585812307 -0.0254488679072
-0.252444024075 -0.885814695804 -0.0459525887251 0.0263034048467
0.238397622559 -1.17962391422 0.0707731673534 -0.0272595910423
-0.219478374334 -0.720820008263 -0.13701898063 0.0283509973236
0.176204964274 -1.06331990801 0.805737336677 -0.0296253730734
0.607124591783 8.72715097747 0.247674364306 0.0311534737046
0.376891756228 2.02626896959 -0.117659251523 -0.0330453170173
-0.329965005306 0.503864102648 0.0828908954916 0.0354823822929
0.337343363985 1.33206385648 -0.0684857928389 -0.0387875907689
-0.398769836759 0.747070619205 0.0628366677704 0.04359740178
0.817335366487 1.20881826626 -0.0636294656192 -0.0513657886783
0.327509155752 0.812541971175 0.0735270395688 0.0663005423375
-0.0253203987067 1.20126910141 -0.111132269956 -0.107755572169
-0.013844229837 0.0371286255792 0.892111965377 0.891807092478
