12.2296994624 6.01738904844 0.168701107581 0.170671241135
0.0663269824417 0.376108528135 -0.0623701557124 -0.0664195490452
0.869608875417 -1.20666291503 0.030595369511 0.0364116612637
0.199634993614 -0.294881929823 -0.0146782696982 -0.0220321765691
1.45287879191 0.194433719978 0.00479123915533 0.0135111817645
-0.510230510649 0.96216795138 0.00213997479167 -0.00781603967365
0.457721411689 1.04662507716 -0.00739572027362 0.00369747177368
-0.43199123394 0.944848165236 0.0116091259549 -0.000546336481484
0.43356318396 1.07996797089 -0.0151321214008 -0.0019701335544
-0.590260334034 0.745825753268 0.0181780342484 0.00404939333283
-0.874360983727 -0.196321516779 -0.0208853903383 -0.00581629175274
-0.541404207128 0.768566027612 0.0233495733864 0.00735390687096
0.326185125722 1.02681913851 -0.025639888768 -0.00871994260917
-0.229284320364 1.0603651183 0.0278094389406 0.00995601446532
-0.176259420311 0.543287169564 -0.0299012433377 -0.0110931920473
-1.42675774049 -0.155283206497 0.0319523294187 0.0121554624364
0.199433323931 0.937006489987 -0.0339967406247 -0.0131619878464
-0.169509963133 1.08348924775 0.0360680412802 0.0141286409156
-0.236086101495 0.521112045422 -0.0382017430567 -0.0150690985855
-1.34057386452 -0.109295311022 0.0404380542884 0.0159956665154
0.00749768115837 0.789963447313 -0.0428254510358 -0.0169199461588
-0.903279560061 0.296660341623 0.0454258350888 0.0178534244753
-0.165592250637 0.659345967707 -0.0483226211359 -0.0188080512904
-0.762247734105 0.371748803465 0.0516343359576 0.0197968669823
0.440260242373 1.39633911438 -0.0555391197342 -0.0208347527783
-0.160430689749 0.462577867784 0.0603224034729 0.0219394003646
1.50326769028 0.157653080592 -0.0664788158749 -0.0231326444712
0.591065217702 -0.789372428362 0.0749583323601 0.024442387773
1.30118347805 -0.220034550688 -0.0878712929965 -0.0259055048771
-0.404665233433 -0.994791623173 0.111109903289 0.0275724106136
0.363693107262 -1.04955717049 -0.170057278987 -0.0295145698455
-0.33110351088 -0.331810851618 0.796347682154 0.0318374689753
-0.502956212689 -3.1307026237 0.135966874179 -0.0347043669559
-0.251968108186 -1.16583737639 -0.028036545937 0.0383830031083
0.166229165203 -0.864333339609 -0.00693451014002 -0.0433461714037
0.502474929572 -1.12017868373 0.028483768018 0.0505159445871
1.11225492316 -0.0911817551123 -0.048454606355 -0.0619657881195
-1.12390288097 -1.09513070864 0.0757214530017 0.0835374926753
0.444564910815 -0.94164356704 -0.136845237367 -0.140542709141
-0.334678636188 -0.4852805168 0.763963876697 0.764510213178
