11.1761140674 7.1120878124 0.196427185606 0.196427185606
-0.665940495842 0.884406207063 -0.0767873924899 -0.0767873924899
-0.757473031179 1.18220391456 0.0433110255989 0.0433110255989
-1.34273699753 0.759925910227 -0.027417012882 -0.027417012882
-0.41401299273 1.33076635354 0.0180431501637 0.0180431501637
-0.638647775148 0.221313446063 -0.0117963803944 -0.0117963803944
-0.350489674477 0.828708973337 0.00728804171908 0.00728804171908
-0.641899176007 0.922117317372 -0.00384386360595 -0.00384386360595
-0.38290422802 1.15577686032 0.0010965859977 0.0010965859977
-0.564287000561 0.78428318348 0.00117123106561 0.00117123106561
0.975462355343 1.30150767121 -0.00309683339551 -0.00309683339551
0.160203745792 0.38271082496 0.00477141765457 0.00477141765457
0.755435830357 0.674041064034 -0.00625824903496 -0.00625824903496
0.370302470963 0.260319932239 0.00760290352102 0.00760290352102
1.42125376845 0.874054214868 -0.00883937221386 -0.00883937221386
0.653053762939 -0.711170747709 0.00999387063136 0.00999387063136
1.28993325854 -0.293291731884 -0.0110873186909 -0.0110873186909
0.792801707248 0.118481743447 0.0121370249293 0.0121370249293
0.841531861618 -0.404811875443 -0.0131578846346 -0.0131578846346
0.172295793119 -0.629217823828 0.0141632810944 0.0141632810944
1.57729289617 -0.3527763368 -0.0151658130615 -0.0151658130615
0.212012991441 -0.663182238246 0.0161779359465 0.0161779359465
0.766323696273 -0.314187557946 -0.0172125875436 -0.0172125875436
0.259410043452 -0.754275617192 0.0182838661723 0.0182838661723
0.706186318297 -1.13284727962 -0.019407839113 -0.019407839113
0.347819333335 -0.476913977762 0.0206035851193 0.0206035851193
0.53839088358 -0.565215431931 -0.0218946247773 -0.0218946247773
-0.114659013066 -1.05970499355 0.023310983729 0.023310983729
0.980017067752 -0.0223231250809 -0.0248923013194 -0.0248923013194
-0.40747073581 -1.4828802826 0.0266927144764 0.0266927144764
0.182586464131 -0.554583529192 -0.0287888749297 -0.0287888749297
-0.998942737962 -1.49632485534 0.0312937745217 0.0312937745217
-0.08421347552 0.00334051345155 -0.0343820098619 -0.0343820098619
-0.831352939135 -1.09252890448 0.0383393454376 0.0383393454376
-0.418163144415 -0.550055683534 -0.0436690990451 -0.0436690990451
-1.52151200792 -0.159596210492 0.0513493710978 0.0513493710978
-0.490893696846 0.257808798202 -0.0635679526583 -0.0635679526583
-1.54122441912 -0.359838645951 0.0864338421908 0.0864338421908
-0.157074848569 0.747252926446 -0.145907342784 -0.145907342784
-0.316068387881 0.197696104428 0.717912384993 0.717912384993
