10.8472034632 22.4072229066 0.140885425841 0.140885425841
0.19779110448 -1.77696712841 -0.0538003035115 -0.0538003035115
0.764064089416 -0.276824584422 0.027992846759 0.027992846759
0.280197478095 -1.68960990945 -0.0155049531587 -0.0155049531587
0.651639394305 -0.335403385622 0.00806738530174 0.00806738530174
0.510705799092 -1.64375893867 -0.00308071452521 -0.00308071452521
1.20047166496 -0.375142763717 -0.000533353403678 -0.000533353403678
-0.470748164365 -1.60637827677 0.0033029534943 0.0033029534943
0.376466509003 -0.413086729616 -0.00551751559194 -0.00551751559194
-0.307907091932 -1.56460926129 0.00734918847405 0.00734918847405
1.05067268762 0.369449811588 -0.00890702442267 -0.00890702442267
0.0368529204013 -1.49317565181 0.0102637019769 0.0102637019769
0.906925448679 -0.595694332636 -0.0114697687103 -0.0114697687103
0.143817505969 -0.869451051546 0.0125617224591 0.0125617224591
0.793914955985 -0.120351761767 -0.013566842725 -0.013566842725
-0.516723872676 -1.63733561141 0.014506214049 0.014506214049
0.282833227764 -0.48536054822 -0.0153966995947 -0.0153966995947
-1.56893173798 -1.16153230111 0.016252285216 0.016252285216
-0.512917482427 0.607778214404 -0.0170850387073 -0.0170850387073
-1.43397796016 0.16833972422 0.0179058342759 0.0179058342759
-0.633191100909 0.703773029205 -0.0187249403165 -0.0187249403165
-1.15399834716 -0.392818977637 0.0195525406985 0.0195525406985
0.193355937541 1.39474236753 -0.0203992469357 -0.0203992469357
-1.71457280524 -0.888580646532 0.0212766568857 0.0212766568857
0.300250976601 1.44515695377 -0.0221980245161 -0.0221980245161
-1.23970488272 -0.343291518227 0.0231791274333 0.0231791274333
0.291884865121 1.31324830305 -0.0242394613449 -0.0242394613449
-1.69872259231 -0.352874840511 0.025403968069 0.025403968069
0.17272588013 1.87014000633 -0.0267056461297 -0.0267056461297
-1.13735380721 -0.454817131858 0.0281896633176 0.0281896633176
0.2353149501 1.43622091924 -0.0299201277681 -0.0299201277681
-0.378263183475 0.5592407915 0.0319918043258 0.0319918043258
0.699171433976 1.13953779795 -0.0345516133786 -0.0345516133786
0.823375344081 -0.648628383154 0.0378410226694 0.0378410226694
1.23512802121 0.553559580402 -0.0422876442392 -0.0422876442392
0.745722956309 -0.458947265026 0.0487287063762 0.0487287063762
1.2620224058 0.204888904332 -0.059057919022 -0.059057919022
0.731580805399 -1.15000613514 0.0786636250583 0.0786636250583
1.29552302419 0.101124141746 -0.131405960915 -0.131405960915
0.0707335124891 -1.03977631736 0.81377145957 0.81377145957
