13.0 25.0 4.20084387696e-17 4.20084387696e-17
1.05184855512 1.09344139057 -0.0387739529946 -0.0387739529946
-0.261705584454 -3.05236836949 0.0512034122389 0.0512034122389
2.29532949108 0.976541197756 -0.0557108302197 -0.0557108302197
-0.940400570198 -2.86648508941 0.0562728570465 0.0562728570465
1.59580305989 0.724199123242 -0.0543227039723 -0.0543227039723
-0.177334516945 -2.55220247431 0.050565236266 0.050565236266
0.43337574742 0.352862443193 -0.0454420084493 -0.0454420084493
-0.396068886607 -2.12679560102 0.0392864535487 0.0392864535487
0.282435214495 -0.133562793504 -0.032384035739 -0.032384035739
-0.0518241899228 -1.50320378799 0.024997171394 0.024997171394
1.19659515231 0.522531231969 -0.0173751995037 -0.0173751995037
-0.223244174106 -1.42725154033 0.00975735611871 0.00975735611871
0.0376284310179 -0.893658589541 -0.00237226171898 -0.00237226171898
-0.854237589743 0.134119486065 -0.00456436229954 -0.00456436229954
-1.34424471128 -0.405910567852 0.0108528231536 0.0108528231536
0.265247940951 1.39340653662 -0.0163128852412 -0.0163128852412
-1.07347749887 -0.251538609103 0.0207871453423 0.0207871453423
-0.702546034525 0.504914713726 -0.024144110531 -0.024144110531
-1.39685976027 -0.608219839297 0.0262808009946 0.0262808009946
-0.535904214933 0.643213956463 -0.0271247442289 -0.0271247442289
-1.53105871319 -0.606296445895 0.0266352593538 0.0266352593538
-0.269350421936 0.375275667465 -0.0248039550539 -0.0248039550539
-0.264855938064 -1.7597175779 0.0216543833936 0.0216543833936
0.362417918695 -0.421919700256 -0.0172408038475 -0.0172408038475
0.927476362612 -1.40367705328 0.0116460144956 0.0116460144956
1.05196359493 -0.801944686097 -0.00497819442303 -0.00497819442303
1.0327661919 0.0786377525893 -0.00263333900444 -0.00263333900444
0.842592111214 -1.26124558498 0.0110436460451 0.0110436460451
1.35069203803 0.374775089675 -0.0200993350737 -0.0200993350737
-0.215201208246 -1.41518334708 0.0296481758853 0.0296481758853
1.02143517194 0.34444341028 -0.0395528311575 -0.0395528311575
0.658523926492 -0.763288923096 0.0497124394316 0.0497124394316
1.50450826535 0.984699852662 -0.0601009854277 -0.0601009854277
0.385750935209 -0.921832369769 0.0708461268973 0.0708461268973
1.55891150888 2.7132516801 -0.0824207239241 -0.0824207239241
-1.32955712616 -0.822965515569 0.0962176704529 0.0962176704529
0.0501291154709 2.94990162451 -0.116907271432 -0.116907271432
-0.879392179986 -1.08721634391 0.170159050841 0.170159050841
1.00129204588 1.97432370684 0.990779592424 0.990779592424
