9.1421125958 7.24598034139 0.196427185606 0.196427185606
0.200872975036 -0.58010842055 -0.0767873924899 -0.0767873924899
0.829600786483 -0.411509075794 0.0433110255989 0.0433110255989
0.803042813962 0.0581851786803 -0.027417012882 -0.027417012882
1.27666395238 0.00726964134542 0.0180431501637 0.0180431501637
0.671288893104 -0.052645335353 -0.0117963803944 -0.0117963803944
1.39693755614 0.652293910257 0.00728804171908 0.00728804171908
0.401873231425 0.40720823598 -0.00384386360595 -0.00384386360595
0.714404351179 0.559179843673 0.0010965859977 0.0010965859977
0.21654557851 0.482102081614 0.00117123106561 0.00117123106561
0.8818850407 0.433343270572 -0.00309683339551 -0.00309683339551
-0.243409549572 0.920752916443 0.00477141765457 0.00477141765457
0.768668383429 0.557231828285 -0.00625824903496 -0.00625824903496
0.168541871946 0.505943444336 0.00760290352102 0.00760290352102
0.00225339781556 1.31866994246 -0.00883937221386 -0.00883937221386
-0.0352558287164 0.725384336707 0.00999387063136 0.00999387063136
0.0282493824557 1.25738761807 -0.0110873186909 -0.0110873186909
0.029708658637 0.748103653716 0.0121370249293 0.0121370249293
-0.389261156409 1.25499860596 -0.0131578846346 -0.0131578846346
-0.576079410769 0.730719034077 0.0141632810944 0.0141632810944
-0.563052055537 0.542292902046 -0.0151658130615 -0.0151658130615
-1.29540415641 0.447053205467 0.0161779359465 0.0161779359465
-0.753352097278 0.113400702395 -0.0172125875436 -0.0172125875436
-1.21536575713 -0.174653618115 0.0182838661723 0.0182838661723
-0.813832936126 0.208146367116 -0.019407839113 -0.019407839113
-1.14911160338 -0.243378187177 0.0206035851193 0.0206035851193
-0.915495054548 0.302971845621 -0.0218946247773 -0.0218946247773
-0.8807245912 -0.498079813992 0.023310983729 0.023310983729
-0.244736590649 -0.391988663146 -0.0248923013194 -0.0248923013194
-0.662319365263 -0.667357497441 0.0266927144764 0.0266927144764
-0.536914580301 -1.0234567161 -0.0287888749297 -0.0287888749297
-1.07006325792 -1.04925418719 0.0312937745217 0.0312937745217
0.449077253155 -0.914241836617 -0.0343820098619 -0.0343820098619
-0.30477687914 -1.11211948572 0.0383393454376 0.0383393454376
1.15555925726 -0.860152972255 -0.0436690990451 -0.0436690990451
-0.527571060797 -1.19222495916 0.0513493710978 0.0513493710978
1.07556309308 -0.164506648095 -0.0635679526583 -0.0635679526583
-0.0181863642268 -0.955722288988 0.0864338421908 0.0864338421908
1.04526859977 -1.00631927028 -0.145907342784 -0.145907342784
-0.601666915352 -0.488592237932 0.717912384993 0.717912384993
