10.0 9.0 -8.22387425648e-18 -8.22387425648e-18
4.65628775184 3.66075415214 -0.163062453609 -0.163062453609
-0.906219243299 -1.92290053809 0.122204863904 0.122204863904
1.11164109116 0.113184755425 -0.00842893207645 -0.00842893207645
1.86363977876 0.876187613296 -0.0717968643016 -0.0717968643016
0.207616328449 -0.799715664301 0.0702116321291 0.0702116321291
1.11289427285 0.112361679586 -0.0104514497929 -0.0104514497929
1.47874695399 0.46310111439 -0.0455751013551 -0.0455751013551
0.459406668553 -0.494243722185 0.0519738118648 0.0519738118648
1.12516854638 0.101444333979 -0.0117901518191 -0.0117901518191
1.38973380587 0.229309381511 -0.0333868141792 -0.0333868141792
0.261814431567 -0.0342294056762 0.0433554894708 0.0433554894708
0.0279939342859 1.19463216216 -0.0131283304518 -0.0131283304518
0.0787680983483 1.33995641954 -0.0265044064867 -0.0265044064867
-0.076362907725 0.534316758747 0.0390120073249 0.0390120073249
-0.0288334129017 1.16815343305 -0.0147324168314 -0.0147324168314
-0.764887953638 1.24544946743 -0.0222027671105 -0.0222027671105
-0.95836622542 0.599002813228 0.0371870238939 0.0371870238939
0.258557789051 1.17776295187 -0.0168284157582 -0.0168284157582
0.245624910624 1.20093763092 -0.0193656435709 -0.0193656435709
-0.428134310036 0.619267624378 0.0372891730855 0.0372891730855
0.213901022297 1.19841485469 -0.0197252370728 -0.0197252370728
0.183894964416 1.17318309514 -0.0174632395482 -0.0174632395482
-0.413399673368 0.615280928952 0.0393343028027 0.0393343028027
0.262133097357 1.23110416533 -0.023955760235 -0.023955760235
0.203895252631 1.15441734343 -0.0162315243349 -0.0162315243349
-0.918770932114 0.587851356945 0.0439529861637 0.0439529861637
-0.804618541774 1.28254295947 -0.030594156102 -0.030594156102
-0.0883874748918 1.14140383075 -0.0155649852515 -0.0155649852515
0.579802316924 0.527398397562 0.052971603002 0.052971603002
1.03929431938 1.36909695089 -0.042224510549 -0.042224510549
0.11733942195 1.13255859359 -0.0155288275536 -0.0155288275536
0.062028107268 0.403448891669 0.071902540729 0.071902540729
1.45841931869 1.53692700181 -0.0670583714959 -0.0670583714959
0.183969345489 1.12741153551 -0.0166739049491 -0.0166739049491
-1.08140028753 0.102687290998 0.12541328574 0.12541328574
1.07419090532 1.98460408666 -0.152473587121 -0.152473587121
0.130789059281 1.1304759422 -0.0244230338902 -0.0244230338902
-2.1423815743 -1.5902472916 0.810555986917 0.810555986917
4.00939622945 3.50670710461 0.8352876599 0.8352876599
