12.4124734467 4.61307941643 0.296221395658 0.309031122182
-1.39428626577 -0.18081059822 -0.0960853437778 -0.109088311057
-0.184203064979 0.619492478376 0.051679813519 0.0648610032705
-0.202539814463 0.989976148675 -0.0319025942283 -0.045250651031
-0.332646526961 0.475106065782 0.0205649072122 0.0340714180042
-0.72567143976 0.46751975547 -0.0131151577158 -0.026774161317
0.0956595382259 0.901167125627 0.00777386352914 0.0215815253837
-1.14138132034 0.0542254514405 -0.00370110669782 -0.0176555194011
-0.854486964661 -0.0503220183033 0.000447897203526 0.014548984119
-0.432700380739 0.760976090362 0.00224831951182 -0.0120011919144
-0.17684846149 0.63843979479 -0.00455206931013 0.00984953216377
-0.777336909491 0.372594574469 0.00657245656519 -0.00798700580757
-0.272787381811 0.865330280026 -0.00838551080225 0.0063400020148
-1.13140483468 1.09545306507 0.010046760585 -0.00485588535874
0.541462247569 0.753561252304 -0.0115987796028 0.00349567297377
0.674982136788 0.585333438879 0.0130760399301 -0.00222950608078
1.3163674817 0.73488552862 -0.0145083282383 0.00103372700418
0.689911678662 -0.221235374025 0.0159234944454 0.000111088349192
1.29848824215 0.135508678429 -0.0173501308482 -0.00122151604012
0.737864599372 -0.0583408027152 0.0188208548582 0.00231231334723
0.895949866349 -0.347033544106 -0.02037729541 -0.00339723642713
0.382264352154 -0.311361644427 0.022079103682 0.0044897471028
0.994893932621 -0.556676218033 -0.0240228089096 -0.0056036878357
-0.614332197221 -1.2788387227 0.0263876971775 0.00675399791127
0.175488939646 -0.754939414825 -0.0295708780322 -0.0079575516897
-0.958812569109 -1.22580682324 0.0347169254006 0.009234223773
-0.131383112575 -0.123348299869 -0.0472907692149 -0.0106083335855
-1.88746743525 -1.05384859788 0.587796449952 0.0121107092023
-2.40337121002 -0.531731342739 -0.00300704509789 -0.0137817700127
-0.789271035954 -0.416342081263 0.0176090132083 0.0156763279857
-1.05512751555 -0.181975721572 -0.0239521894603 -0.0178713957725
-0.84057494784 -0.676723942091 0.0286374248468 0.0204795076184
0.134683602562 -1.19777483257 -0.0330903375719 -0.0236727517338
0.307631643873 -0.362342214742 0.0380009802756 0.0277291714513
1.34716842609 -0.292310643066 -0.0440261614072 -0.0331303439284
0.687291348827 -0.386423017102 0.052167734292 0.0407908902224
1.30889875692 0.228847241934 -0.0644519013721 -0.0526886527386
0.681175955394 -0.204795411676 0.0861306440977 0.0740465977069
1.35244964329 0.235086619134 -0.136985053187 -0.12462730847
0.412372620153 0.393440512876 0.417832248316 0.405235500106
