17.3745320637 9.7891006654 0.168780798883 0.140885425841
-1.46963546995 1.33038013675 -0.0752546144174 -0.0538003035115
0.356148093054 0.360740956928 0.0450005360951 0.027992846759
-1.28168120301 0.583619648745 -0.029223233204 -0.0155049531587
0.217049926023 0.421388290817 0.0192258562942 0.00806738530174
-1.10642071314 0.654508506962 -0.01216750896 -0.00308071452521
1.05002904356 1.27231488028 0.0068229765806 -0.000533353403678
-1.369709509 0.713810743218 -0.00256935930204 0.0033029534943
0.337217317578 1.35959216247 -0.00094688085628 -0.00551751559194
-1.37273122442 -0.0854379099007 0.00394306046251 0.00734918847405
0.528046866871 1.21451976684 -0.00656123032267 -0.00890702442267
-0.856351255791 0.443766735724 0.00889901079419 0.0102637019769
-0.0852662036552 0.622048025751 -0.0110264451578 -0.0114697687103
-0.946122077828 0.723483140534 0.0129958088568 0.0125617224591
-0.0298305949157 1.61593311165 -0.0148476353598 -0.013566842725
-0.167079266378 -1.3485787121 0.849947940399 0.014506214049
0.0670931185237 -7.10353938926 -0.0183241986522 -0.0153966995947
-1.41701599613 0.590729280126 0.0200005798421 0.016252285216
-0.627987217311 -1.17432827082 -0.0216660868246 -0.0170850387073
-1.34595894055 0.656454884901 0.0233424680145 0.0179058342759
0.167621786589 -1.3892844036 -0.0250520596008 -0.0187249403165
0.00780927679405 -0.620229117526 0.0268190313069 0.0195525406985
0.980591572119 -1.40548956069 -0.0286708578099 -0.0203992469357
-0.00280456133427 -0.114248337523 0.0306402215088 0.0212766568857
1.65058548978 -0.826494915949 -0.0327676558725 -0.0221980245161
0.352000073206 -0.145504849758 0.035105436344 0.0231791274333
0.644670092836 -1.09208478492 -0.0377236062042 -0.0242394613449
0.709667572558 -0.622701002059 0.0407197858104 0.025403968069
1.30942053296 0.201481189864 -0.0442360259687 -0.0267056461297
0.706237839126 -0.815833387611 0.0484896432473 0.0281896633176
1.26313261613 -0.197669361971 -0.0538341756266 -0.0299201277681
0.78274884478 0.317252303582 0.0608925229609 0.0319918043258
1.14672342565 0.722035241507 -0.0708898998707 -0.0345516133786
0.982786785616 0.191615191983 0.0866672027617 0.0378410226694
0.206553863828 1.55407571957 -0.116921281084 -0.0422876442392
0.254833239641 0.256241721561 0.21044746555 0.0487287063762
-1.49745820686 1.42915846074 0.733880207215 -0.059057919022
-4.95615010334 2.70936936979 -0.0319090025237 0.0786636250583
0.246147583319 -0.647000476497 -0.0735756691904 -0.131405960915
-1.14277781401 0.354804344497 0.775546873881 0.81377145957
