12.4108796882 5.55618102023 0.255326956542 0.237469813685
-1.44650256754 -0.636407109378 -0.106581671823 -0.0919325352849
-0.57725422223 0.071390073478 0.0653011873321 0.0533618567077
-1.41273649863 0.255603931554 -0.0449527205864 -0.0353594914155
-0.593212046623 0.607362470863 0.032352245473 0.0248339714305
-0.686061344855 0.503509905775 -0.0235054049485 -0.0178571428571
-0.620541078783 0.0977618612587 0.0167745252933 0.0128403768166
-0.825451008163 0.519598265762 -0.011356517366 -0.00901815999765
-0.126569801518 0.442281724865 0.00680686662291 0.00597575816687
-0.904742314124 1.02672525374 -0.0028565473002 -0.00346860390646
0.00879841928241 0.951904770369 -0.000669203791944 0.00134281299199
0.159988346106 1.12656614985 0.00389097077058 0.000503604017914
1.41243288752 0.173198361215 -0.00689669008083 -0.00214124370622
0.626856153778 0.288430677131 0.00975409447469 0.0036208632263
1.35665997353 0.544422501437 -0.0125184314301 -0.00498024754303
0.658171695712 -0.0340505847336 0.0152376421579 0.00624848453477
1.32051271564 0.876401293312 -0.0179561972099 -0.00744874186314
0.724228713007 -0.98835932111 0.020718323964 0.00860014832297
1.06702994202 0.284966967368 -0.0235711678007 -0.00971912854336
-0.409861984143 1.07344294789 0.0265684030949 0.0108204035538
1.01518359522 0.235489547383 -0.029774937788 -0.0119177949309
0.0803185223932 1.06456425468 0.0332736954354 0.0130249298579
0.791763248291 0.900405068723 -0.0371761856198 -0.0141559252021
-1.54201789592 1.17666107178 0.0416401146105 0.015326124744
-0.487155722673 0.320350133831 -0.0469007164918 -0.0165529738181
-1.49345938186 0.789267353543 0.0533307171775 0.0178571428571
-0.519237267396 -0.499540288344 -0.0615657055648 -0.0192640642416
-1.45298965433 -0.388959950411 0.072797913943 0.0208061435195
0.458938234961 -0.902092991425 -0.0895813134814 -0.0225260833515
-0.502435617075 -0.955793359708 0.11861939082 0.0244820935313
1.26302963961 -1.18737017758 -0.185242948384 -0.0267564220454
-0.685440576626 -0.32508190937 0.55046358518 0.0294700238706
3.04818721316 -2.04574409997 0.350868149492 -0.0328092739589
0.417755194339 -1.0664114635 -0.0992900398275 0.0370781455209
0.745888168027 -0.200956968659 0.0382441808345 -0.0428095854145
0.219240373329 -0.702521514187 -0.00542308780917 0.0510327823084
0.76601643038 -0.345056513957 -0.0216147898053 -0.0640284540609
0.816463797299 -0.661926983357 0.0548268654009 0.0880667208593
1.0317381302 -1.20270204541 -0.12221349258 -0.148921652446
-0.400126385246 -0.314938896366 0.611423369642 0.63319103835
