12.9825934876 23.4498213429 0.0878094067108 0.0878094067108
-0.636242592459 -1.4556919824 -0.0299737243302 -0.0299737243302
0.910862845424 -0.528541076874 0.0120390973011 0.0120390973011
0.0889419122117 -1.48495181906 -0.00322348195754 -0.00322348195754
0.931873048497 -0.503845918204 -0.00207029023193 -0.00207029023193
0.0404358877385 -1.50550240686 0.00563791865112 0.00563791865112
0.994889508148 -0.486832503102 -0.0082327891933 -0.0082327891933
-0.0439723016693 -1.51886342809 0.0102266236483 0.0102266236483
1.12476267955 -0.47867008315 -0.011824197472 -0.011824197472
-0.32683712351 -1.51628973193 0.0131477865421 0.0131477865421
0.421818714642 -0.514813836154 -0.0142750899139 -0.0142750899139
-0.727376786268 -1.24260543797 0.0152580228411 0.0152580228411
-0.729489309288 0.781470697717 -0.0161327714552 -0.0161327714552
-1.41411036763 -0.801460303963 0.0169255156343 0.0169255156343
0.120290469314 1.46607502832 -0.0176558596291 -0.0176558596291
-1.09243193079 -0.429650113022 0.0183389840367 0.0183389840367
-0.757059710839 0.622972823647 -0.0189870538115 -0.0189870538115
-1.29565373554 0.31088094085 0.0196101795032 0.0196101795032
-0.67381651105 0.50585240753 -0.0202171052344 -0.0202171052344
-1.34410620219 -0.585228825424 0.0208157301381 0.0208157301381
-0.66579822389 0.674374194099 -0.0214135333118 -0.0214135333118
-0.929646669383 -1.19440821583 0.0220179527486 0.0220179527486
1.36479695147 -0.517686623228 -0.0226367598356 -0.0226367598356
-0.309458605113 -1.55709329145 0.0232784701722 0.0232784701722
1.40765846171 -0.385697183322 -0.0239528384101 -0.0239528384101
0.361418267044 -1.69547361229 0.0246715016407 0.0246715016407
0.68150184759 -0.0534544302854 -0.0254488679072 -0.0254488679072
0.312349829839 -0.903670543968 0.0263034048467 0.0263034048467
0.635193235713 -0.178895343042 -0.0272595910423 -0.0272595910423
0.899741492124 -0.227483455525 0.0283509973236 0.0283509973236
1.19456872738 -0.32680281513 -0.0296253730734 -0.0296253730734
0.767458046429 -0.806292148042 0.0311534737046 0.0311534737046
1.24204508196 0.791573099937 -0.0330453170173 -0.0330453170173
0.787381316749 0.139085909881 0.0354823822929 0.0354823822929
1.00998542834 0.885395398865 -0.0387875907689 -0.0387875907689
-0.108474156259 0.115220734707 0.04359740178 0.04359740178
1.28302942812 0.832825613187 -0.0513657886783 -0.0513657886783
-1.40440132213 0.692449058604 0.0663005423375 0.0663005423375
0.240109422612 1.43830474813 -0.107755572169 -0.107755572169
-0.455941653322 -0.250841314472 0.891807092478 0.891807092478
