19.0 11.0 -5.69345140833e-18 -5.69345140833e-18
0.481304647799 -0.666832692724 -0.0126987193734 -0.0126987193734
-0.449252051011 -1.39096770123 0.0170394541689 0.0170394541689
-0.497585375132 0.371293894342 -0.0192511077136 -0.0192511077136
-0.573020263406 -1.35153558713 0.0206049999974 0.0206049999974
-0.300409421149 0.329510914436 -0.021528612988 -0.021528612988
-1.64869561774 -1.32637694351 0.0222061391504 0.0222061391504
-0.354195753046 1.0203399152 -0.0227300593561 -0.0227300593561
-1.6621082109 0.034400051309 0.0231519577695 0.0231519577695
-0.297901737593 0.15815777017 -0.0235029277516 -0.0235029277516
-1.80442045489 -0.308156275312 0.023802875328 0.023802875328
0.538582075312 1.05802237444 -0.0240651832856 -0.0240651832856
-1.38266986438 0.108209200305 0.0242992296542 0.0242992296542
0.23526219793 0.676597256448 -0.0245118320896 -0.0245118320896
-1.06605242181 1.07131304187 0.0247081193806 0.0247081193806
-0.175926062135 1.00162665867 -0.0248920813543 -0.0248920813543
-0.0894566916742 0.961309454726 0.0250669307312 0.0250669307312
0.0720218320667 1.06353703267 -0.0252353516641 -0.0252353516641
0.39166398953 0.91205414741 0.0253996788933 0.0253996788933
0.873792482774 1.13732095894 -0.0255620347504 -0.0255620347504
-0.135441332174 0.534968952781 0.0257244420801 0.0257244420801
1.6977852971 -0.257485461021 -0.0258889263018 -0.0258889263018
0.402676515509 0.569258170421 0.026057617748 0.026057617748
1.53658006994 0.729822722204 -0.0262328654719 -0.0262328654719
0.541874192937 -0.165962805904 0.0264173759163 0.0264173759163
1.17924155735 -0.198918235565 -0.026614394861 -0.026614394861
-0.475135324307 -1.04193728181 0.0268279605161 0.0268279605161
1.91080865053 0.390768735208 -0.0270632728502 -0.0270632728502
0.00632510649191 -0.129930848127 0.0273272560562 0.0273272560562
0.5680480576 1.49888786989 -0.0276294519257 -0.0276294519257
-0.631942810689 0.570059450659 0.0279835040757 0.0279835040757
0.681875777711 1.42973888733 -0.0284097532263 -0.0284097532263
-0.812122285986 0.471041648306 0.0289400600007 0.0289400600007
-0.34909237518 0.33459862729 -0.0296274663537 -0.0296274663537
-0.55257492268 0.84584129961 0.0305675057107 0.0305675057107
-0.525757019492 1.22102045367 -0.0319516796148 -0.0319516796148
-0.382598823781 0.751429158778 0.0342288041485 0.0342288041485
0.447145111864 1.26849175646 -0.0387566747277 -0.0387566747277
-0.471920523907 0.705495687352 0.0524666014946 0.0524666014946
0.483548190871 0.254013382447 0.99897290848 0.99897290848
