14.2048287994 4.95813395707 0.196427185606 0.196427185606
-1.47652836448 -0.281329629874 -0.0767873924899 -0.0767873924899
-0.549916749133 0.257309974076 0.0433110255989 0.0433110255989
-1.44218664314 -0.247843783538 -0.027417012882 -0.027417012882
-0.557189120194 0.24981229181 0.0180431501637 0.0180431501637
-1.45064178519 -0.278743490327 -0.0117963803944 -0.0117963803944
-0.530272076999 0.889215234753 0.00728804171908 0.00728804171908
-1.52067517262 0.113162024458 -0.00384386360595 -0.00384386360595
-0.166434515617 1.20781359247 0.0010965859977 0.0010965859977
-0.309711465913 0.813353795582 0.00117123106561 0.00117123106561
0.383720291153 1.16746447568 -0.00309683339551 -0.00309683339551
-0.457886487521 0.883017026943 0.00477141765457 0.00477141765457
0.934526632171 0.656565061898 -0.00625824903496 -0.00625824903496
0.751678942684 -0.357799701468 0.00760290352102 0.00760290352102
1.30073183636 0.323018596737 -0.00883937221386 -0.00883937221386
0.677873150408 -0.32737865199 0.00999387063136 0.00999387063136
1.33367872765 0.365694482713 -0.0110873186909 -0.0110873186909
0.659329754155 -0.537190030736 0.0121370249293 0.0121370249293
1.34494094427 -0.404658969453 -0.0131578846346 -0.0131578846346
0.652876295429 -0.106490151468 0.0141632810944 0.0141632810944
1.34713518073 0.965232872878 -0.0151658130615 -0.0151658130615
0.656029470674 -0.284561748439 0.0161779359465 0.0161779359465
1.33425631599 0.790464411701 -0.0172125875436 -0.0172125875436
0.695704921214 0.186292978569 0.0182838661723 0.0182838661723
1.1313990281 1.04253073239 -0.019407839113 -0.019407839113
-0.487066266909 0.901548647994 0.0206035851193 0.0206035851193
0.438773297602 1.12197696044 -0.0218946247773 -0.0218946247773
-1.37769877073 0.864303907603 0.023310983729 0.023310983729
-0.582670274531 1.14417153007 -0.0248923013194 -0.0248923013194
-1.43445081186 0.854816026186 0.0266927144764 0.0266927144764
-0.539675432463 0.326120532227 -0.0287888749297 -0.0287888749297
-1.52562111187 -0.314499848812 0.0312937745217 0.0312937745217
0.0243576276555 0.795241769888 -0.0343820098619 -0.0343820098619
-1.07555086413 0.164419863971 0.0383393454376 0.0383393454376
-0.756488596535 -0.00847382815282 -0.0436690990451 -0.0436690990451
-1.2815373431 -0.00975770766865 0.0513493710978 0.0513493710978
-0.708723492613 -0.0307828720892 -0.0635679526583 -0.0635679526583
-1.28196978982 -0.739590127235 0.0864338421908 0.0864338421908
-0.767739942879 -0.319240300133 -0.145907342784 -0.145907342784
-0.668129214354 -0.639493752877 0.717912384993 0.717912384993
