12.0 9.0 0.0 5.35969736026e-17
3.91393549188 3.25395661087 -0.171303600378 -0.141135780989
-2.17929505164 -0.18459398704 0.167463311804 0.129841883884
1.96341074742 1.31579901733 -0.0726831152275 -0.0534304078756
0.588024899649 1.08812482282 -0.0370804433796 -0.0259875743926
-1.4552601797 0.96496814321 0.0988517849179 0.0663251854744
1.44043522342 0.700373811949 -0.0870650993065 -0.0561007594754
0.756849237439 -0.00392663341238 0.021219836246 0.0131614568064
-0.331754217397 0.802868696947 0.0504491010384 0.0301699355757
1.0092256522 0.770072408902 -0.0818192784134 -0.0472297991906
0.796760097102 -0.285871684902 0.0561115899333 0.0312837744598
0.98008082229 -0.0289494158217 0.00608048032935 0.00327474825967
0.673587124595 0.789103984859 -0.0618076410343 -0.0321460307856
-0.646938147296 1.12224039057 0.0738926530342 0.0370852084768
0.295656329894 0.947030772101 -0.0346207355417 -0.0167455062139
0.278624278111 0.949292444197 -0.0295476735424 -0.0137481176416
-1.15785227223 1.14976592025 0.0750417276724 0.033502217209
-0.49149373163 0.83960698872 -0.0694318547861 -0.0296411902139
-0.0129608321091 1.03507269086 0.0132899022078 0.00540070788472
-0.122372217858 1.17333801249 0.0582709308479 0.0224047016561
0.215869668238 0.681554305965 -0.0961321936793 -0.0346860899662
-0.130549349711 1.24833791451 0.0680776443581 0.0227915511371
-0.0170558532283 1.07263470608 0.018288489156 0.00559002709689
-0.455668600543 0.51106081616 -0.114647911357 -0.0312305600455
-1.21687091791 1.69029510282 0.153945456615 0.0359566970367
0.313025529776 0.635881192812 -0.0804604575302 -0.0150452122249
0.356307766409 0.406031686181 -0.144696475268 -0.0187102602867
-0.857824059831 2.73675505932 0.770909189248 0.0423813444708
1.04502107714 -4.30497991754 0.820882815443 -0.0376620004492
1.97741565712 -12.0032288633 -0.0204699118519 0.00394540578568
1.0620880841 -3.73516795561 -0.0904715157189 0.0389187602131
0.901659963077 2.52401141647 0.0687495381101 -0.0610131988939
-0.414168029246 -2.40371030777 -0.01886343365 0.040792314088
-0.177869175248 -1.45574153667 -0.000673599515545 0.0188410959769
0.782573479618 0.558838674365 -0.0228981613157 -0.0865488573501
-0.97145864866 -2.54884330857 0.0556236635743 0.11355473607
0.406425185759 -0.472274356472 -0.0347760784442 -0.0521374444278
0.91797733639 -0.0307137418507 -0.11518973387 -0.141928876754
-2.60865383113 -3.01785558655 0.652249728296 0.698923378313
4.02136732581 3.54332446342 0.913861760634 0.880292882129
