16.5 3.85714285714 0.0238095238095 0.0238095238095
-1.29401312837 1.01651224565 0.000583000741789 0.000583000741789
-0.78176392136 0.943502451767 -0.00851511321389 -0.00851511321389
-1.04723241751 1.12611060373 0.0124814417139 0.0124814417139
0.0648931855539 0.681078721739 -0.0148849997004 -0.0148849997004
-1.06174449194 0.254238453977 0.016514152402 0.016514152402
0.0552391820439 0.796049283314 -0.0177038481231 -0.0177038481231
-1.04892883656 0.112840313431 0.0186207139904 0.0186207139904
0.0442091065902 1.24851457442 -0.0193570800385 -0.0193570800385
-1.04223196872 0.877419795806 0.0199683222892 0.0199683222892
0.0447460578506 1.03691954192 -0.0204897520254 -0.0204897520254
-1.05536970226 1.0812102087 0.020945030949 0.020945030949
0.0836123136703 0.358149377305 -0.0213506929179 -0.0213506929179
-1.16648990361 0.465589131958 0.0217187267508 0.0217187267508
0.826921000824 1.2338881689 -0.0220581292269 -0.0220581292269
-0.725163170033 0.852614212632 0.0223758819255 0.0223758819255
0.675915186423 1.09210981089 -0.0226775920543 -0.0226775920543
-0.667309150559 0.974617116648 0.0229679311678 0.0229679311678
1.4728537521 0.147570056358 -0.0232509501987 -0.0232509501987
0.492342978903 0.832994003084 0.0235303192108 0.0235303192108
1.5 0.142857142857 -0.0238095238095 -0.0238095238095
0.514682796805 -0.141392812374 0.0240920413768 0.0240920413768
1.46801164966 -0.932570798441 -0.0243815164194 -0.0243815164194
0.551622224372 0.114042717223 0.0246819541514 0.0246819541514
1.42515896812 -0.12486851472 -0.0249979549275 -0.0249979549275
0.604826224666 0.196831645201 0.0253350203546 0.0253350203546
1.35027691856 -0.463173219046 -0.0256999774643 -0.0256999774643
0.737760787604 -0.652457385158 0.0261015956663 0.0261015956663
0.911933315776 -0.232942917868 -0.0265515234665 -0.0265515234665
-0.0723188770608 -1.17468729889 0.0270657716102 0.0270657716102
1.27192570914 -0.99704327746 -0.0276671686087 -0.0276671686087
-1.22628399049 -0.524700221937 0.0283896371375 0.0283896371375
-0.562108094187 0.158177953909 -0.0292861021864 -0.0292861021864
-1.43596671844 -0.0488244096715 0.0304442366887 0.0304442366887
-0.58525265365 -0.0712530811308 -0.0320209154583 -0.0320209154583
-1.38320236078 0.810508352159 0.0343277335849 0.0343277335849
-0.678454667709 0.264477712644 -0.0380848797746 -0.0380848797746
-0.528125250705 0.674867258851 0.0454189056865 0.0454189056865
0.416163652447 1.19586944 -0.0665749720287 -0.0665749720287
-0.365421421425 -0.03993207266 0.972371702816 0.972371702816
