17.1257725994 4.81887304016 0.106678401451 0.106678401451
-1.76103992326 0.448161339195 -0.0386198285181 -0.0386198285181
0.0274570937963 0.583383740589 0.0178365494932 0.0178365494932
-0.943410903965 0.405184687103 -0.00767553570551 -0.00767553570551
-0.554788600748 0.567256010351 0.00159110820153 0.00159110820153
-1.57559658384 1.04570172876 0.00250208821776 0.00250208821776
0.431085164124 1.05891965381 -0.00547555138759 -0.00547555138759
-1.5757188356 0.869597784649 0.00775818913588 0.00775818913588
-0.144217983429 1.2233746089 -0.00958585460569 -0.00958585460569
-0.891886403508 0.452527599369 0.0110991898635 0.0110991898635
-0.0776776291947 0.458307086488 -0.0123874688029 -0.0123874688029
-0.950347869156 1.09606996365 0.0135102877648 0.0135102877648
-0.0174244133524 0.991338335408 -0.0145091551538 -0.0145091551538
-1.03383686245 0.967051227889 0.0154140807819 0.0154140807819
0.181393603951 1.06000208243 -0.0162475222392 -0.0162475222392
-0.20442079347 0.918543895259 0.0170268583187 0.0170268583187
0.150572324823 1.10202738573 -0.0177660060442 -0.0177660060442
0.321680277633 0.872385413581 0.0184765236671 0.0184765236671
0.747241872123 1.17938217036 -0.0191683993197 -0.0191683993197
0.244704036246 0.0729119983385 0.0198506480202 0.0198506480202
1.58796027909 0.0530335736793 -0.0205317974483 -0.0205317974483
0.454805431834 -0.0900180256595 0.0212203202937 0.0212203202937
1.53141479031 0.115708651973 -0.0219250606741 -0.0219250606741
0.463795618765 -0.146320502091 0.0226557009985 0.0226557009985
1.58121630694 0.212069898791 -0.0234233233872 -0.0234233233872
-0.214957532186 -0.86593829721 0.0242411386667 0.0242411386667
1.13797739151 -0.187258457925 -0.0251254920612 -0.0251254920612
-0.109265363373 -0.819293589329 0.026097320507 0.026097320507
1.10178937509 -0.116072041035 -0.027184357638 -0.027184357638
-0.114404505637 -1.20676721387 0.0284246127249 0.0284246127249
1.17487315883 -0.832154155067 -0.0298721081928 -0.0298721081928
-0.729948822175 -1.16033301518 0.0316068269117 0.0316068269117
0.650189042836 -0.83917647801 -0.0337530077361 -0.0337530077361
-0.619109609112 -1.16454059133 0.0365153267304 0.0365153267304
0.604714368597 -0.830002190757 -0.0402573720228 -0.0402573720228
-0.598494600357 -1.17653073372 0.0456940932212 0.0456940932212
0.597374152086 -0.816640625107 -0.0544530895758 -0.0544530895758
-0.600148509863 -1.18778406019 0.0712166405387 0.0712166405387
0.606303421796 -0.826846375207 -0.117232928949 -0.117232928949
-0.614320217308 -0.48004856826 0.865343171344 0.865343171344
