15.5714285714 6.78571428571 0.047619047619 0.0238095238095
0.609532308738 -0.144137533184 -0.0482877510176 0.000583000741789
0.367632788001 -0.93757953513 0.123256341458 -0.00851511321389
-0.551856358776 0.261116976424 0.954624335648 0.0124814417139
-0.472313717334 2.1704409738 -0.151118619824 -0.0148849997004
-0.511952490975 0.399768942318 0.0987671441563 0.016514152402
-0.516304706711 0.41822718736 -0.0801533767594 -0.0177038481231
-0.42674972615 0.703201203977 0.0706932209422 0.0186207139904
-0.702270894245 0.130735316087 -0.064978278578 -0.0193570800385
0.202362084511 1.39228484163 0.0611445617293 0.0199683222892
-0.522025755251 0.277480771554 -0.0583823920964 -0.0204897520254
-0.73124988914 0.458523571758 0.0562850731492 0.020945030949
0.335063986458 1.22967595869 -0.0546266159346 -0.0213506929179
0.235268402789 0.338429778561 0.0532716769503 0.0217187267508
1.53790285917 -0.215682519711 -0.0521343409294 -0.0220581292269
0.481995428365 0.899521439058 0.0511574485528 0.0223758819255
1.56651088949 0.196121496216 -0.0503014571506 -0.0226775920543
-0.382715022882 0.758668654595 0.0495380801905 0.0229679311678
1.33954754979 0.263823160468 -0.0488464772152 -0.0232509501987
-0.342000069758 0.728874366038 0.0482108776908 0.0235303192108
0.428571428571 1.21428571429 -0.047619047619 -0.0238095238095
-0.487125302584 0.789754062678 0.0470612713679 0.0240920413768
0.560942959529 1.24095812259 -0.0465296606507 -0.0243815164194
-0.727685548655 0.629249737622 0.0460176803286 0.0246819541514
-0.297774320367 0.30878183562 -0.0455198269414 -0.0249979549275
-0.691379719806 0.742306374056 0.0450314264391 0.0253350203546
-0.329593033677 0.187728785974 -0.0445485422252 -0.0256999774643
-0.609209651965 0.939961734222 0.0440680114991 0.0261015956663
-0.708183465891 -0.361878961526 -0.0435876677007 -0.0265515234665
-1.50978154072 0.356860100485 0.043106879338 0.0270657716102
0.0371573311934 -0.767424083618 -0.0426276839746 -0.0276671686087
-0.960293927429 -0.405643597256 0.0421571261493 0.0283896371375
-0.0705604642675 -0.431418046314 -0.0417121988735 -0.0292861021864
-0.905070797082 -1.22697908472 0.0413308533934 0.0304442366887
-0.149031439968 -0.850803563905 -0.041098540805 -0.0320209154583
-0.208977218775 -1.11470297738 0.0412198041582 0.0343277335849
1.06093545703 -0.905614077179 -0.0422460657104 -0.0380848797746
-0.0133296167959 -1.07821837613 0.0460206121025 0.0454189056865
0.176744870275 -0.94652516884 -0.062272876211 -0.0665749720287
-0.255590807556 -0.15017358118 0.960771852115 0.972371702816
