9.71428571429 7.69047619048 -0.0238095238095 0.0238095238095
-0.166111079225 0.965257499987 0.0445495634543 0.000583000741789
0.07333656454 1.03862582824 -0.0491326431217 -0.00851511321389
-1.11433654393 0.959237975482 0.0499747354126 0.0124814417139
0.165274104656 1.04077877068 -0.0494168121767 -0.0148849997004
-1.26170372544 0.963197272528 0.0481961019839 0.016514152402
0.565079281154 1.02350006725 -0.0466033247335 -0.0177038481231
-0.532905982896 1.0199896855 0.0447647714878 0.0186207139904
0.772304129583 0.714767619351 -0.0427338194388 -0.0193570800385
0.773373702685 -0.250115110654 0.0405259190205 0.0199683222892
1.27628172688 0.197258429591 -0.0381329564365 -0.0204897520254
0.711167480831 -0.185607875091 0.0355285954358 0.020945030949
1.29021460113 0.18793665239 -0.032668644997 -0.0213506929179
0.715532091641 -0.199647903258 0.029487533631 0.0217187267508
1.26809994444 0.224064811048 -0.0258902232713 -0.0220581292269
0.783289335726 -0.285679405151 0.021736936377 0.0223758819255
0.505206186848 1.00990603582 -0.0168144126 -0.0226775920543
-0.382689110638 0.851798878702 0.0107786653559 0.0229679311678
0.34884759879 1.20164511945 -0.00302974688183 -0.0232509501987
-0.324883655909 0.750572365578 -0.00760171354044 0.0235303192108
0.285714285714 1.30952380952 0.0238095238095 -0.0238095238095
-1.26007472265 0.598483561028 -0.0538022686602 0.0240920413768
0.305782896771 1.56239305572 0.143000818075 -0.0243815164194
-0.0896303932063 -1.50566227564 0.922505040808 0.0246819541514
2.43154993469 -6.42536944485 -0.10468002271 -0.0249979549275
0.346802730955 0.0179602545607 0.0323135186188 0.0253350203546
1.60310124448 -0.250296481297 0.0199221822313 -0.0256999774643
0.38438557811 0.132583812057 -0.103650144513 0.0261015956663
1.55295478532 -0.0159474894191 0.439397175928 -0.0265515234665
-2.19410835475 -0.343974136933 0.762900092797 0.0270657716102
-1.52863205299 -1.20761561823 -0.276875177131 -0.0276671686087
0.297904610437 -0.875563189495 0.189246075722 0.0283896371375
-0.144806645386 -1.08436545973 -0.15196899871 -0.0292861021864
0.630490960242 -0.941026944452 0.131319547453 0.0304442366887
0.623186874568 -1.04093979614 -0.118499315592 -0.0320209154583
-0.480205029146 -0.972409369372 0.110407399306 0.0343277335849
1.19100547776 -1.01808382007 -0.106172401769 -0.0380848797746
-0.0661560422341 -0.986548127815 0.107074374531 0.0454189056865
0.171074143142 -1.02267329153 -0.122864179602 -0.0665749720287
-0.192383599359 -0.0865271939523 1.0240506154 0.972371702816
