21.0 7.0 -5.04646829375e-18 -5.04646829375e-18
12.2460836853 4.56741912168 -0.199509670662 -0.199509670662
-1.98122157926 0.443876774975 0.0454270541676 0.0454270541676
-4.36889704346 -0.0387907359083 0.101866833945 0.101866833945
0.800454791013 1.48808479536 -0.0543406757796 -0.0543406757796
1.35733745998 1.43423919474 -0.0541711305928 -0.0541711305928
-1.45119153331 0.631269708737 0.0521648946647 0.0521648946647
-1.40536331265 0.851273380707 0.0248721553135 0.0248721553135
-0.305380180584 1.20298236951 -0.0444824554681 -0.0444824554681
-0.926381482753 1.015646028 -0.00625086433443 -0.00625086433443
-0.975827806637 1.03089538424 0.0340268465131 0.0340268465131
0.0655526542595 0.964648756469 -0.00449832992346 -0.00449832992346
-0.252106285848 0.274595613607 -0.0228100444693 -0.0228100444693
-1.11925360458 0.0619426954684 0.00889500038633 0.00889500038633
-0.482688029923 0.77637127368 0.0125317436801 0.0125317436801
0.0674734948368 0.889677431726 -0.00820355658307 -0.00820355658307
-0.748361815477 0.140890912581 -0.00462364733503 -0.00462364733503
-0.933629739142 0.180806131056 0.00377006196405 0.00377006196405
-0.0869075531959 0.934488709123 0.00020059328777 0.00020059328777
-0.246762956084 0.74521370845 0.00288891863302 0.00288891863302
-1.0 0.0 5.04646829375e-18 5.04646829375e-18
-0.572435933887 0.283977371821 -0.0101025391185 -0.0101025391185
0.0264653524643 1.11637285711 0.00434314962812 0.00434314962812
-0.533665825564 1.20359129866 0.0161021399944 0.0161021399944
-1.1283604193 0.922074429191 -0.0131361159719 -0.0131361159719
-1.06529873795 0.959153608044 -0.0190702656551 -0.0190702656551
-0.899053479706 0.994228054765 0.0259233780138 0.0259233780138
-0.258786207281 0.969312749346 0.0171212215487 0.0171212215487
0.379623016728 1.12079554007 -0.0420125010951 -0.0420125010951
-0.816307975853 1.02941670047 -0.00808871340077 -0.00808871340077
-2.274493799 0.746715199414 0.0607201640529 0.0607201640529
-0.760652965855 1.05096327635 -0.0112400493002 -0.0112400493002
1.07652134748 1.38962962905 -0.0819296609255 -0.0819296609255
-0.784866258614 0.767862727246 0.0478742735268 0.0478742735268
-2.25973535234 0.481013474495 0.107909187897 0.107909187897
0.648757285049 1.58053266971 -0.125928046059 -0.125928046059
1.43404168982 1.64533255407 -0.15438578406 -0.15438578406
-3.24813888929 -0.453681993042 0.435078796212 0.435078796212
-1.78086927201 -0.521435461792 0.98356478229 0.98356478229
11.7461454444 3.75497769718 0.697684673196 0.697684673196
