13.0 9.0 1.83979815509e-16 -9.51619735393e-18
2.93757065731 1.36559668865 -0.0870010988904 -0.065274066465
-1.01842798908 -2.11376698667 0.118160069194 0.0826840358104
3.01296003537 0.709455125173 -0.124326883519 -0.0825748769302
-1.19725905126 -1.20783183675 0.114040400264 0.0726962057638
1.44487722834 -0.329646376117 -0.092295294539 -0.0568941875269
0.344135520015 -0.118094466001 0.0633660642249 0.0379733699956
1.35800155785 0.0815714022272 -0.0313255370125 -0.0183199571557
1.0 4.31503901294e-16 5.1325102541e-18 1.23777592385e-17
0.645595985182 -0.0645244138717 0.0272408693318 0.015292134507
1.70292036975 0.0583305630683 -0.0477224123933 -0.026318230073
-0.418070285855 0.418652824485 0.0596667011593 0.0323661409913
0.763485951716 1.37457973847 -0.0623207066791 -0.0332826241756
-1.02527696886 0.710629896338 0.0559907084252 0.0294589944742
-0.457221294733 1.20219600351 -0.0419759703187 -0.0217678317245
-0.142394693278 0.896211190629 0.0224064910595 0.011455450694
-3.04518315326e-16 1.0 -1.96044446946e-18 1.00731185443e-17
0.270328624146 1.09927715747 -0.0222382127283 -0.011051161029
-1.18521142911 0.816541848224 0.0413431836386 0.0202489172187
-0.522224293717 1.24307322395 -0.0547136095621 -0.0263982196614
-1.68119301783 0.729034635524 0.0603988069141 0.028686913652
-0.0302524695249 1.2629795806 -0.0573211510108 -0.0267748595667
-0.548414983835 0.782096561904 0.0454124150208 0.0208345562848
-0.783274895853 1.13535507587 -0.025651309302 -0.011539283596
1.11656715619e-15 1.0 -1.96044446946e-18 2.61514459426e-18
-1.03354783152 -0.00648971011228 0.0287512379047 0.0123426410647
-0.755593391519 0.129571737674 -0.0572101720813 -0.0238602497832
-1.4498302841 -0.237789304201 0.0816454154782 0.0328981842676
-0.382907957835 0.326635584439 -0.0982338453557 -0.0379398634276
-1.7234677344 -0.396860066693 0.103205000545 0.0377563634522
-0.205383401063 0.495002454142 -0.0926937760712 -0.031524137368
-0.347792348111 0.843888960219 0.0617379909065 0.0188946858527
-1.0 3.80544939574e-16 5.1325102541e-18 3.10503900083e-19
-0.551909870547 0.976100469923 -0.133089138139 -0.0246276413149
-1.84589074352 0.298433350832 0.954658318259 0.0542664384286
6.67628255867 -0.644026502642 0.382292900508 -0.0884819795301
4.95094638776 -0.946186083946 -0.0844502562052 0.128398834498
-0.146728670402 0.502340103488 -0.0568495787845 -0.181615595985
-1.76969925517 -1.96940024728 0.230085024447 0.300332236328
1.5434394136 1.29134753176 1.00473164103 0.974515804886
