19.0 7.0 2.16201325848e-16 2.16201325848e-16
12.4280268577 5.22977142572 -0.217285719563 -0.217285719563
0.0563705418453 1.34177305467 -0.0259835809839 -0.0259835809839
-5.23445945471 -0.446478179982 0.131120357848 0.131120357848
-1.22668913844 0.648956675932 0.0352538503838 0.0352538503838
3.02525141627 1.85421044661 -0.0918272163877 -0.0918272163877
1.31487638012 1.35598477278 -0.0401952990971 -0.0401952990971
-2.37413245402 0.41624017347 0.0684382411206 0.0684382411206
-2.17234360707 0.640817579963 0.0433929463529 0.0433929463529
0.617844559605 1.42200629993 -0.0522643316833 -0.0522643316833
1.04998277344 1.36151805393 -0.045728580249 -0.045728580249
-1.10947044932 0.690402045806 0.0398882640476 0.0398882640476
-1.91165528837 0.636620891786 0.0475896345297 0.0475896345297
-0.269187280298 1.22318117034 -0.0296651319808 -0.0296651319808
0.748209744303 1.36496745806 -0.0491779843751 -0.0491779843751
-0.436738308794 0.848522492382 0.0206732247631 0.0206732247631
-1.5475190857 0.633595516558 0.0506150097582 0.0506150097582
-0.792499222476 1.08813134258 -0.0123169976045 -0.0123169976045
0.268827261602 1.36777484712 -0.051985373439 -0.051985373439
-0.0415516970811 0.97100179572 0.00414503370385 0.00414503370385
-0.599195380986 0.630851195647 0.053359330669 0.053359330669
-0.0453936732216 0.970891473469 0.00425535595474 0.00425535595474
0.370162265624 1.37059735971 -0.0548078860276 -0.0548078860276
-0.753458864469 1.08915941797 -0.0133450729976 -0.0133450729976
-1.78930015911 0.627792223017 0.0564183032986 0.0564183032986
-0.586079607919 0.84545242168 0.0237432954652 0.0237432954652
1.34468760638 1.37410726012 -0.0583177864349 -0.0583177864349
0.83578790226 1.22993925706 -0.0364232186977 -0.0364232186977
-1.48604746264 0.623489464951 0.060721061365 0.060721061365
-1.87346325228 0.677142458731 0.0531478511229 0.0531478511229
0.229437170931 1.37983633529 -0.0640468616055 -0.0640468616055
1.02313958693 1.44738827025 -0.0776463020008 -0.0776463020008
-1.07285568828 0.614941704395 0.0692688219208 0.0692688219208
-2.29608730903 0.365019960257 0.119658454333 0.119658454333
-0.0351121350812 1.39513441205 -0.0793449383704 -0.0793449383704
1.82515874429 1.978113266 -0.215730035776 -0.215730035776
-0.878604715718 0.57451369512 0.109696831196 0.109696831196
-3.89262301465 -1.04422805195 0.728870229817 0.728870229817
0.96834786453 0.319885393628 0.995904080056 0.995904080056
12.5815144686 4.4072904087 0.605195297462 0.605195297462
