11.6726539734 23.5980243351 0.0878094067108 0.0878094067108
-0.103923662432 -1.53542798987 -0.0299737243302 -0.0299737243302
0.0337134534918 -0.53898908442 0.0120390973011 0.0120390973011
0.304356623679 -1.13964696767 -0.00322348195754 -0.00322348195754
0.767981550477 0.271542872807 -0.00207029023193 -0.00207029023193
0.162106463372 -1.84259969298 0.00563791865112 0.00563791865112
1.49107788574 -0.229392363582 -0.0082327891933 -0.0082327891933
0.601353786123 -1.74689409883 0.0102266236483 0.0102266236483
0.422417911157 -0.258078949749 -0.011824197472 -0.011824197472
-0.279365258046 -1.75058891345 0.0131477865421 0.0131477865421
1.49581040344 -0.221989270079 -0.0142750899139 -0.0142750899139
0.529965015268 -1.85371330448 0.0152580228411 0.0152580228411
1.51172496253 0.286282095713 -0.0161327714552 -0.0161327714552
-0.000755630255313 -1.15761657133 0.0169255156343 0.0169255156343
0.264142702193 -0.519236935564 -0.0176558596291 -0.0176558596291
-0.317022422074 -1.55128847619 0.0183389840367 0.0183389840367
0.355281963748 -0.423585720623 -0.0189870538115 -0.0189870538115
-0.459460259977 -1.52835044947 0.0196101795032 0.0196101795032
-0.759387778386 0.834214351462 -0.0202171052344 -0.0202171052344
-1.28306432738 -1.1273178119 0.0208157301381 0.0208157301381
-0.699449568336 -0.00694504569466 -0.0214135333118 -0.0214135333118
-1.31216709941 -0.427473414504 0.0220179527486 0.0220179527486
-0.677554893697 0.510067298984 -0.0226367598356 -0.0226367598356
-1.33361743191 -0.55049243725 0.0232784701722 0.0232784701722
-0.652127787419 1.47195130416 -0.0239528384101 -0.0239528384101
-1.36888930693 -0.629991508899 0.0246715016407 0.0246715016407
-0.59440731433 0.809633238289 -0.0254488679072 -0.0254488679072
-1.49036991088 0.553540626311 0.0263034048467 0.0263034048467
-0.0631003286013 1.50368188203 -0.0272595910423 -0.0272595910423
-0.849347716556 0.475996194088 0.0283509973236 0.0283509973236
-0.234582039292 1.53241717077 -0.0296253730734 -0.0296253730734
0.768309135318 0.468597015214 0.0311534737046 0.0311534737046
1.20177393912 0.611689031102 -0.0330453170173 -0.0330453170173
0.789058653162 -0.579094004061 0.0354823822929 0.0354823822929
1.21982865175 0.572285422393 -0.0387875907689 -0.0387875907689
0.773011591016 -0.56895714577 0.04359740178 0.04359740178
1.23381788205 0.565629166116 -0.0513657886783 -0.0513657886783
0.755865561964 -0.560781212101 0.0663005423375 0.0663005423375
1.27584947778 0.552567179546 -0.107755572169 -0.107755572169
-0.0403977397611 -0.536334482303 0.891807092478 0.891807092478
