11.0 8.0 -9.19899077547e-17 -9.51619735393e-18
1.67050961131 2.10810219657 -0.0520743960954 -0.065274066465
-2.42309287274 -0.15270681085 0.0594552265465 0.0826840358104
1.00732030854 2.1805410752 -0.0534325336905 -0.0825748769302
-1.47800185479 -0.457750471193 0.0421788329683 0.0726962057638
-0.102953144507 0.846765436923 -0.0294240218124 -0.0568941875269
-0.286353454195 0.764385619513 0.0173511813364 0.0379733699956
0.176237634376 1.14024623217 -0.00730233874034 -0.0183199571557
7.35919262037e-16 1.0 2.81614938956e-18 1.23777592385e-17
-0.217101721555 0.877440429671 0.00435212527664 0.015292134507
1.03568946678 1.19316037886 -0.00598734283026 -0.026318230073
0.793368098757 0.831615106832 0.00548202044655 0.0323661409913
1.26196398525 0.798413906435 -0.00364307089361 -0.0332826241756
0.745561695036 -0.353689211398 0.00138108259244 0.0294589944742
1.19876170914 0.0667589356166 0.000421678566234 -0.0217678317245
0.891566106625 -1.16753418854 -0.00103714500167 0.011455450694
1.0 1.2180732613e-15 2.1092588066e-17 1.00731185443e-17
1.10401635892 0.272331877614 0.00281055546437 -0.011051161029
0.843030751784 -0.525575526018 -0.0071220771058 0.0202489172187
0.760187962219 1.16128193569 0.0122548594099 -0.0263982196614
-0.666936212174 0.574093400322 -0.0171380998226 0.028686913652
0.85656170477 1.46077642475 0.0203428359408 -0.0267748595667
0.602187205784 0.609571644573 -0.0201030616748 0.0208345562848
0.0639874115557 1.23348331913 0.0142633577521 -0.011539283596
3.04518315326e-16 1.0 -2.08065630726e-17 2.61514459426e-18
-0.210522005803 0.698945299143 -0.0271530590968 0.0123426410647
1.1373069217 1.66470690636 0.0768581795126 -0.0238602497832
0.0769700005515 -0.0971497124446 -0.181522113667 0.0328981842676
0.385277919088 2.52207821649 0.598893672957 -0.0379398634276
-0.989263312091 -4.4342029042 0.82211777095 0.0377563634522
-1.73047436744 -8.12863492192 -0.211965752371 -0.031524137368
0.168330818408 -0.191587364084 0.076567008323 0.0188946858527
8.881784197e-16 -1.0 -3.7994898014e-17 3.10503900083e-19
-0.0598427722 -1.31419005335 -0.0567058686018 -0.0246276413149
0.724060934585 0.0966563177817 0.103118174394 0.0542664384286
0.813573845853 -0.599055575439 -0.143052017574 -0.0884819795301
-0.715726581291 -1.33382255081 0.180262303592 0.128398834498
0.62168133529 -0.54419935476 -0.224559270168 -0.181615595985
-2.17340783719 -1.54847790231 0.330277297681 0.300332236328
1.54409577823 1.03293617339 0.959548291149 0.974515804886
