11.0 9.0 -1.08175576758e-16 -5.69345140833e-18
1.24466280863 -0.743340002483 -0.00892260700907 -0.0126987193734
0.775861595541 -0.317856069353 0.0103264455282 0.0170394541689
1.1941279382 0.297147844863 -0.0101623077651 -0.0192511077136
0.86981419295 -0.245980799697 0.00953243965156 0.0206049999974
0.234640961874 -0.639183259868 -0.00875534217572 -0.021528612988
0.632078776277 -0.501066763356 0.0079415237806 0.0222061391504
1.2759804504 0.411437429277 -0.00713157614434 -0.0227300593561
0.765530097321 -0.363278291819 0.0063391913315 0.0231519577695
1.19452574009 0.284413547237 -0.00556683439131 -0.0235029277516
0.881107652187 0.400494684004 0.00481204382596 0.023802875328
0.476782883432 1.44739895218 -0.00407010900349 -0.0240651832856
-0.327547359572 0.614875272363 0.00333521617406 0.0242992296542
0.32712899036 1.31982794983 -0.00260089673332 -0.0245118320896
-0.797778332025 0.801483544395 0.0018601303639 0.0247081193806
-1.10854132865 0.582050293864 -0.00110525469935 -0.0248920813543
-0.360568390527 0.223327149919 0.000327741019091 0.0250669307312
-0.396876250044 0.955604016976 0.000482152997954 -0.0252353516641
-0.856676581363 -0.181544860618 -0.00133587505699 0.0253996788933
0.475152947072 1.78393873552 0.00224726736859 -0.0255620347504
-0.386328394156 0.317360854755 -0.00323354668292 0.0257244420801
0.349155424639 1.63166843615 0.0043167326421 -0.0258889263018
-0.337615235011 0.402100719311 -0.00552579138573 0.026057617748
0.362811551567 1.57030271132 0.00689996051775 -0.0262328654719
-0.595491478802 0.457887798433 -0.00849410259876 0.0264173759163
-0.957194636515 1.50457580286 0.0103877039492 -0.026614394861
-1.07210203756 0.565501430061 -0.0127007904299 0.0268279605161
-0.969393590495 1.18822003645 0.0156238678299 -0.0270632728502
-0.825623224169 -0.410122431065 -0.019478748487 0.0273272560562
0.068156952081 1.5738675038 0.0248550249866 -0.0276294519257
-1.35754228515 -0.730560223247 -0.0329602169127 0.0279835040757
-0.74569641762 1.91404856877 0.0467100499908 -0.0284097532263
-1.19707767214 -1.22067459202 -0.0753683064144 0.0289400600007
-0.832482145148 1.35188478781 0.172116708922 -0.0296274663537
0.375942235784 -2.08613664942 0.993988710803 0.0305675057107
4.29355227153 -9.39464169657 -0.14037728835 -0.0319516796148
0.396568518553 0.570890847817 0.08129254804 0.0342288041485
1.43251465132 -0.0572438624237 -0.0631707631292 -0.0387566747277
0.622576126991 -0.117214440977 0.0649824130911 0.0524666014946
0.286119002399 0.197509383924 0.993864535837 0.99897290848
