6.40812884001 7.69461473676 0.278655051355 0.273012395655
0.300991442543 -0.82022486883 -0.110279453003 -0.102940936914
0.727342695895 -0.156910860296 0.0693029965306 0.0606606364697
0.296937898784 -1.2318621738 -0.0509878447263 -0.041300276784
1.36369683427 -0.811361460381 0.0406422622416 0.0300884071665
0.688883295081 -0.721323676846 -0.0339917990332 -0.0226998874787
1.27753957345 0.431021954211 0.0293438706126 0.0174082445164
0.773733970822 -0.43582549796 -0.0258970494906 -0.0133884177239
0.986301166437 0.671930244422 0.0232240323866 0.0101959980727
0.0994185986843 0.201323438276 -0.0210766989214 -0.00757005040279
0.90613423195 1.07679436319 0.0193013490868 0.00534694729392
-0.0426103436685 0.837620981085 -0.017797795148 -0.00341854212292
-0.51126723476 1.18938381197 0.0164979735493 0.00171015332771
0.0184621257245 0.793126150399 -0.0153540302054 -0.000168200188093
-0.274669605726 1.2388187911 0.0143313335534 -0.00124712509743
-1.22330537979 0.105987886987 -0.0134042025536 0.00256640758375
-0.864328939314 0.0292014523141 0.0125532067128 -0.00381395791259
-0.968254190165 0.0869254106918 -0.0117634193942 0.005009804784
-0.257947634651 0.705301663944 0.0110232783312 -0.00617110440855
-1.26472224607 -0.162586217381 -0.010323858331 0.00731319333622
-0.869091364463 1.30913002411 0.00965845258505 -0.00845043076589
-0.111918882253 0.738240203139 -0.00902242365779 0.00959693297301
0.772446956119 1.226562038 0.00841334483333 -0.0107672815027
-0.195729160192 0.831536938671 -0.00783152859062 0.0119772818135
1.39744532397 0.706145935084 0.00728116477129 -0.0132448586502
0.683496436001 -0.386975269579 -0.00677253395641 0.0145912014372
1.26391950069 0.373015125145 0.00632627916761 -0.0160423258745
0.788923182341 -0.570803756439 -0.00598191648441 0.0176313146545
1.11739075346 -0.355161766462 0.00581579249015 -0.0194016774433
0.182491083951 -0.634959443894 -0.005982224043 0.0214126044127
1.18645921756 -0.447385789534 0.00681922019021 -0.0237475456071
-0.09064897617 -1.27664916078 -0.00916940894257 0.0265289176978
-0.0424051744142 -0.81357912887 0.0156486722966 -0.029944788121
-0.805920120895 -0.882996888054 -0.038965475033 0.0343007605832
-1.45403340353 0.349374318428 0.620825774272 -0.0401300788866
-6.16111037897 -0.274512971135 0.103123075777 0.0484557648053
0.548832738522 0.164441457873 -0.079037741767 -0.061523025433
-1.41466261295 -1.27804030822 0.0912854859172 0.085406169138
0.599928000433 -0.777909907288 -0.144391140887 -0.144251201178
0.0653611255547 -0.852575321033 0.539433337344 0.542746281692
