18.0 24.0 6.72862439167e-18 6.72862439167e-18
3.56505312825 3.97787994375 -0.0915924040904 -0.0915924040904
-2.89844683839 -5.23480403621 0.108168727803 0.108168727803
1.71771278606 2.16461430931 -0.0930047642914 -0.0930047642914
-2.27552493001 -2.93522502978 0.0615938384848 0.0615938384848
0.646784097522 -0.262375599058 -0.02473802562 -0.02473802562
0.210038460557 -0.74631802593 -0.00883371268776 -0.00883371268776
-0.735877226083 -1.91343013619 0.0327359575025 0.0327359575025
0.939052318796 0.186931961269 -0.043532895711 -0.043532895711
-0.854819054732 -2.09629445102 0.040993638597 0.040993638597
0.562258628828 -0.269218059149 -0.027787485742 -0.027787485742
-0.169910758952 -1.22385950959 0.00864068647186 0.00864068647186
-0.207686995502 -1.2778044756 0.0108730445906 0.0108730445906
0.474501410623 -0.353476713498 -0.0256471788823 -0.0256471788823
-0.572657022695 -1.80004697884 0.0321783640477 0.0321783640477
0.493273185531 -0.283144282716 -0.0292826634529 -0.0292826634529
-0.278088585777 -1.43772401882 0.0182473481505 0.0182473481505
0.0265453101801 -0.944380694751 -0.00240118236081 -0.00240118236081
-0.628251940791 -0.711295146061 -0.0137836690885 -0.0137836690885
-1.56238927571 -1.05246711748 0.0258411668186 0.0258411668186
-0.394728415187 1.35740641422 -0.0304408689144 -0.0304408689144
-1.49064209239 0.450028733469 0.0262325057699 0.0262325057699
-0.748712187979 1.31491159056 -0.0142069965659 -0.0142069965659
-0.95832269076 1.05621666836 -0.00251385840185 -0.00251385840185
-1.2924200273 0.567801299771 0.0194158903943 0.0194158903943
-0.61155141515 1.69740591932 -0.0316944674954 -0.0316944674954
-1.0832744704 0.233400401832 0.0354696980658 0.0354696980658
0.386627906917 1.60636992225 -0.0288352382472 -0.0288352382472
-1.27561709295 0.749633060803 0.0124941783925 0.0124941783925
-0.327702065593 0.820085562947 0.0101752137761 0.0101752137761
1.54473002876 0.959957538514 -0.033654482335 -0.033654482335
0.069735825999 -1.23466179947 0.0513138542459 0.0513138542459
2.01203926125 1.2743631507 -0.0567073208219 -0.0567073208219
0.228557923 -0.958026672195 0.0448211313347 0.0448211313347
1.21179494753 0.262253538848 -0.0129083110059 -0.0129083110059
1.60919888698 0.754680994188 -0.0395607975914 -0.0395607975914
-0.584357753569 -1.96336792654 0.112864080394 0.112864080394
3.58249585635 3.18587515708 -0.215846696917 -0.215846696917
-2.5431776882 -4.22782495654 0.43661117861 0.43661117861
3.60769795894 4.91199006834 0.950423728894 0.950423728894
