6.0 25.0 0.0 0.0
1.30710585593 0.381422887723 -0.0253141048256 -0.0253141048256
0.668303599348 -2.40009566479 0.0332659354587 0.0332659354587
1.35377853878 0.427162817724 -0.0362587720026 -0.0362587720026
0.613812134189 -2.50394415598 0.0369108382567 0.0369108382567
1.46897768936 1.24551174903 -0.0361501990165 -0.0361501990165
-0.130534660938 -2.02747339395 0.0344217922128 0.0344217922128
0.815158901545 0.795949186238 -0.0319938149118 -0.0319938149118
0.961789724662 -1.54269942069 0.0290596878669 0.0290596878669
1.07671770792 0.261172692523 -0.0257777985526 -0.0257777985526
0.922460648624 -0.924695206766 0.0222883367499 0.0222883367499
1.05869514276 -0.698173998264 -0.0187204813349 -0.0187204813349
0.989020540478 -1.34057934648 0.0151951088208 0.0151951088208
0.807465509817 -0.663546955362 -0.0118252866554 -0.0118252866554
-0.285963842316 -1.3423514964 0.00871564465372 0.00871564465372
0.327967251769 -0.544078565262 -0.00596120272135 -0.00596120272135
1.03262977234 -0.201541664267 0.00364598765306 0.00364598765306
1.00877026144 -0.952924248908 -0.00184164613246 -0.00184164613246
0.984126588811 0.0447124563399 0.000606191786493 0.000606191786493
1.01456995479 -1.07942597428 1.70171802408e-05 1.70171802408e-05
1.0 -1.0 1.31473779232e-17 1.31473779232e-17
0.0335391271934 -0.939343766585 -0.000669476158262 -0.000669476158262
0.0011718447962 -1.1262601549 0.00198791492502 0.00198791492502
-0.800580378409 -0.813824537321 -0.00393652709454 -0.00393652709454
-1.1667161381 -0.631429719714 0.00648210809613 0.00648210809613
-0.820723150456 1.42411958346 -0.00957838123253 -0.00957838123253
-1.2062454437 -0.344134519728 0.0131678423169 0.0131678423169
-0.756366982468 1.28472905302 -0.0171841694633 -0.0171841694633
-1.29308577503 -0.228918287011 0.0215553218912 0.0215553218912
-0.637298578402 1.1719605584 -0.0262075748865 -0.0262075748865
-1.48297406932 -0.111750034157 0.0310709939191 0.0310709939191
-0.110404618989 1.04582249735 -0.0360874046928 -0.0360874046928
-0.63740899417 0.0319177125545 0.0412231944778 0.0412231944778
-0.574396145207 0.857751129192 -0.0464924997795 -0.0464924997795
-0.116438809155 0.411092220541 0.0520054167113 0.0520054167113
0.371741726007 1.68319621788 -0.0580856588842 -0.0580856588842
0.88257827096 -1.14763419354 0.0656228342677 0.0656228342677
1.23285796666 1.18857550532 -0.0775032922379 -0.0775032922379
0.684527240099 -1.24579407843 0.109090639409 0.109090639409
0.243476851526 1.29236522076 0.995887062876 0.995887062876
