12.0 9.0 -1.34572487833e-17 6.72862439167e-18
2.18599083856 2.79548986463 -0.0703321106947 -0.0915924040904
-1.60854972933 -0.635064939029 0.0741976662618 0.108168727803
0.668968737127 2.26512175586 -0.0570394125228 -0.0930047642914
-1.56010880464 0.240055450331 0.0337335517486 0.0615938384848
0.298947364014 1.23096519971 -0.0120575123063 -0.02473802562
-0.852408275919 0.139418826704 -0.00380904540105 -0.00883371268776
-0.801587920565 0.215191076217 0.012374397025 0.0327359575025
0.981715132943 1.90820815833 -0.0142350312865 -0.043532895711
-1.23511795317 0.154723899657 0.0113729034707 0.040993638597
-0.326846479561 1.60210497666 -0.00635393742957 -0.027787485742
1.01404177639 0.779445511972 0.00155597267903 0.00864068647186
0.963047454369 -0.134503514657 0.00142510325321 0.0108730445906
1.1270511432 0.43198998347 -0.00207779825996 -0.0256471788823
0.822557811255 -0.622376695124 0.000940845055966 0.0321783640477
1.16507863309 0.656564948501 0.000732993237886 -0.0292826634529
0.899897208757 -0.544658045016 -0.00150919778399 0.0182473481505
1.01215800992 -0.955914666899 0.000347959357008 -0.00240118236081
1.05770189311 0.0950696224799 0.00293690979597 -0.0137836690885
0.948266501323 -0.402883888958 -0.00746988140478 0.0258411668186
0.724644375081 0.891419806845 0.0114295264346 -0.0304408689144
-0.338653303896 0.757834746447 -0.0124835987081 0.0262325057699
0.165747406752 1.17996889028 0.00846219648042 -0.0142069965659
0.0355843521161 1.03685124247 0.00186757670232 -0.00251385840185
-0.992241658505 0.684632048297 -0.0180771750922 0.0194158903943
-0.435844097183 1.56309691683 0.0375072881675 -0.0316944674954
0.278371820171 0.310130661653 -0.0547997251425 0.0354696980658
-0.361524062912 1.62091283143 0.0609926795114 -0.0288352382472
-0.964270625733 0.695269779001 -0.0395592866424 0.0124941783925
-0.0427228823226 0.709609281843 -0.059069284556 0.0101752137761
-0.182867223579 1.81483556138 0.866746834904 -0.033654482335
1.7366158032 -6.13641196391 0.58986965821 0.0513138542459
2.66656765294 -6.00776104151 -0.273585042641 -0.0567073208219
-0.666981720704 -0.0748809086962 0.138430004445 0.0448211313347
1.18016799846 -1.09570926649 -0.0294661031567 -0.0129083110059
0.550634774594 -1.07643527574 -0.071720604222 -0.0395607975914
-0.51863992156 -1.09338967216 0.169526999299 0.112864080394
2.58070045649 -0.554519679739 -0.276018057244 -0.215846696917
-2.61327391381 -1.76098394131 0.484116123463 0.43661117861
2.67960567196 1.64991579158 0.925338039234 0.950423728894
