6.21763500056 6.2281427852 0.106678401451 0.106678401451
0.93077026381 -0.162247048898 -0.0386198285181 -0.0386198285181
1.0910974521 0.186049649204 0.0178365494932 0.0178365494932
0.897483910637 -0.221072489033 -0.00767553570551 -0.00767553570551
1.11004806898 0.29750218397 0.00159110820153 0.00159110820153
0.884209646131 -0.972707262649 0.00250208821776 0.00250208821776
1.12060508425 -0.0304222779737 -0.00547555138759 -0.00547555138759
0.875153594359 -0.14333643504 0.00775818913588 0.00775818913588
1.12847597112 0.365773672299 -0.00958585460569 -0.00958585460569
0.869302358012 0.699308353285 0.0110991898635 0.0110991898635
1.12797490108 -0.168680328664 -0.0123874688029 -0.0123874688029
0.900034375502 0.595014339854 0.0135102877648 0.0135102877648
0.451913600321 1.20899658223 -0.0145091551538 -0.0145091551538
-0.38309339288 0.784286597391 0.0154140807819 0.0154140807819
-0.517981353121 1.27944890895 -0.0162475222392 -0.0162475222392
-0.515319286555 0.4665550802 0.0170268583187 0.0170268583187
-0.469430886167 0.521849467151 -0.0177660060442 -0.0177660060442
-0.532926587458 0.483751349139 0.0184765236671 0.0184765236671
-0.493966508155 0.48579016494 -0.0191683993197 -0.0191683993197
0.217204148872 1.23739362467 0.0198506480202 0.0198506480202
-1.06905606777 -0.0642721902987 -0.0205317974483 -0.0205317974483
-0.891506798157 1.23381960707 0.0212203202937 0.0212203202937
-1.1780528411 0.492714115963 -0.0219250606741 -0.0219250606741
-0.426096937317 0.474039951989 0.0226557009985 0.0226557009985
-0.509384191153 0.533124004632 -0.0234233233872 -0.0234233233872
-0.524542515885 0.456470146634 0.0242411386667 0.0242411386667
0.274226060521 1.2813758981 -0.0251254920612 -0.0251254920612
-1.15009557964 0.812991135209 0.026097320507 0.026097320507
0.438137083723 1.0150571428 -0.027184357638 -0.027184357638
0.911838404835 -0.321781308836 0.0284246127249 0.0284246127249
1.12247230917 0.270455795532 -0.0298721081928 -0.0298721081928
0.868237079873 -0.257361659459 0.0316068269117 0.0316068269117
1.13628420555 0.26020017367 -0.0337530077361 -0.0337530077361
0.86006461018 -0.279027019104 0.0365153267304 0.0365153267304
1.14410851939 0.331551883431 -0.0402573720228 -0.0402573720228
0.850131784599 -0.55812070374 0.0456940932212 0.0456940932212
1.15897530754 -0.525170343425 -0.0544530895758 -0.0544530895758
0.823832872721 -0.000586608740635 0.0712166405387 0.0712166405387
1.22271710858 0.0812634738175 -0.117232928949 -0.117232928949
0.028519222942 -0.117270846239 0.865343171344 0.865343171344
