9.43416809854 6.83268190764 0.124357347884 0.124357347884
0.0129821157496 1.00833454346 -0.0465496018039 -0.0465496018039
-0.344006690761 1.0385001707 0.0231456066618 0.0231456066618
-0.676630513519 0.93388544134 -0.0117629979388 -0.0117629979388
-0.334523839804 1.08521725793 0.00496572276495 0.00496572276495
-0.624985906995 0.900198963789 -0.000400801248046 -0.000400801248046
0.456300498328 1.11181757351 -0.00291140082762 -0.00291140082762
-0.415456024088 0.877551407791 0.00545183133335 0.00545183133335
0.413486995055 1.13262133219 -0.00748450148936 -0.00748450148936
-0.461066504059 0.85662532532 0.00916663895575 0.00916663895575
1.10015006359 1.1564487437 -0.0105979426602 -0.0105979426602
-0.0741172274708 0.82390897048 0.0118449118346 0.0118449118346
1.2061523517 1.21813968404 -0.0129538288559 -0.0129538288559
0.748852786007 0.579689007437 0.0139581330042 0.0139581330042
1.2705882275 0.0167392058853 -0.014882832681 -0.014882832681
0.716125467683 -0.0692662614653 0.0157472685935 0.0157472685935
1.2957384821 0.081635041497 -0.0165669188244 -0.0165669188244
0.691331963216 -0.0689747420058 0.0173546290927 0.0173546290927
1.32551359729 -0.0432047223235 -0.0181214915743 -0.0181214915743
0.647268509914 -1.23453196392 0.0188775093762 0.0188775093762
1.41700762262 -0.799712852679 -0.0196321364047 -0.0196321364047
0.0298147614273 -1.19274713867 0.0203947569906 0.0203947569906
0.216764135221 -0.807690325351 -0.0211751580107 -0.0211751580107
-0.274972977505 -1.19503499768 0.0219840448252 0.0219840448252
0.313442115928 -0.800140330973 -0.0228336607254 -0.0228336607254
-0.357685166271 -1.20674495119 0.0237385902642 0.0237385902642
0.44241654889 -0.783462151438 -0.0247168663876 -0.0247168663876
-1.0937245368 -1.23225313865 0.0257915733995 0.0257915733995
0.104892456236 -0.730400090176 -0.0269932704425 -0.0269932704425
-1.29562780185 -0.375998762903 0.0283638121667 0.0283638121667
-0.38885536595 -0.817242986477 -0.0299626444076 -0.0299626444076
-0.627668033806 -1.22383989904 0.0318777083108 0.0318777083108
-0.392237573717 -0.742743880058 -0.0342454716833 -0.0342454716833
0.0265605797291 -1.3089099646 0.0372904836761 0.0372904836761
-0.761052615446 0.193497884504 -0.0414109999446 -0.0414109999446
-1.26251069367 -0.346207366125 0.0473884122849 0.0473884122849
-0.470954506423 0.667537076979 -0.0569957016241 -0.0569957016241
-0.440203132272 0.32199089722 0.0753047087293 0.0753047087293
-1.1532887139 0.708492491026 -0.125042434478 -0.125042434478
-0.207223594977 0.242104237588 0.839300801651 0.839300801651
