10.0 13.0 1.86230958969e-16 1.86230958969e-16
3.61608248783 2.73417344094 -0.117095666001 -0.117095666001
-1.56884744163 -3.88391333055 0.124673597788 0.124673597788
1.24624869605 0.704646760078 -0.0831905697179 -0.0831905697179
0.793508655302 -1.48483422069 0.0246954827946 0.0246954827946
0.769027834334 -1.52917172732 0.0260332268769 0.0260332268769
1.47427595604 0.573957297673 -0.05304908531 -0.05304908531
0.538275889589 -0.72183313521 0.0517536905637 0.0517536905637
1.25278237214 0.417913337469 -0.0284433661724 -0.0284433661724
1.03098396826 0.0527606613736 -0.00350038904346 -0.00350038904346
0.74091203665 -0.454472795059 0.0294315297035 0.0294315297035
1.33968470554 0.625993330535 -0.0391125095844 -0.0391125095844
0.750532627554 -0.518236247624 0.0301936517265 0.0301936517265
1.05112013252 0.173008171061 -0.00835676352864 -0.00835676352864
0.377404457301 1.09654533254 -0.0157072202943 -0.0157072202943
-1.16026371559 0.684940312689 0.0311138641579 0.0311138641579
-0.411464754566 1.35660040474 -0.0313873510294 -0.0313873510294
-0.0421833621151 0.797037694197 0.017007892689 0.017007892689
-0.0318310578015 0.938068397545 0.00505412189747 0.00505412189747
0.242478994842 1.30559146907 -0.0245356027672 -0.0245356027672
-0.704007311138 0.591670152422 0.0324244237486 0.0324244237486
-0.843712737268 1.3165459027 -0.0249314969372 -0.0249314969372
0.0470617737902 0.933283613707 0.00521959159441 0.00521959159441
0.149041762044 0.770303560582 0.0178591228835 0.0178591228835
-0.736786921582 1.43416284267 -0.0335323702709 -0.0335323702709
-0.788607174262 0.558075443904 0.0338502434734 0.0338502434734
0.065521691115 1.23016560456 -0.0174238634655 -0.0174238634655
-0.885379101785 1.12743865976 -0.00946749559345 -0.00946749559345
-0.740350536018 0.512428803154 0.0350111207589 0.0350111207589
0.738981643088 1.69708277009 -0.0465526594556 -0.0465526594556
-0.627105422172 0.331144743819 0.0360949181722 0.0360949181722
-0.96487932798 0.0447174983932 -0.00444658577425 -0.00444658577425
0.0121568476932 1.11471295221 -0.0377012559539 -0.0377012559539
-0.178111148509 0.601632274748 0.0723474118799 0.0723474118799
0.0503510368377 1.30561553689 -0.0795037033267 -0.0795037033267
-1.23947538146 -0.3789835428 0.0429748034991 0.0429748034991
-0.384851976029 0.466902091928 0.0471950504899 0.0471950504899
1.19873264468 2.78085346299 -0.205449889999 -0.205449889999
-1.9721652593 -2.18752096902 0.571916017471 0.571916017471
2.5690499644 3.42938054061 0.918860662701 0.918860662701
