11.0 16.0 1.86230958969e-16 1.86230958969e-16
2.9621043115 3.52645861972 -0.117095666001 -0.117095666001
-2.27115017926 -4.4632561447 0.124673597788 0.124673597788
1.31636372049 1.00986109673 -0.0831905697179 -0.0831905697179
-0.359722870603 -1.55146846607 0.0246954827946 0.0246954827946
-0.35715763351 -1.55155392315 0.0260332268769 0.0260332268769
0.690071848526 0.0785069011063 -0.05304908531 -0.05304908531
-0.633533521911 -2.01036411492 0.0517536905637 0.0517536905637
0.315806877147 -0.47580048957 -0.0284433661724 -0.0284433661724
0.0293950094593 -0.944501364125 -0.00350038904346 -0.00350038904346
0.396638529096 -0.829599055312 0.0294315297035 0.0294315297035
1.63818768432 0.95291926313 -0.0391125095844 -0.0391125095844
0.547514755504 -0.712151503499 0.0301936517265 0.0301936517265
1.11923638845 0.198428531968 -0.00835676352864 -0.00835676352864
1.21581522772 0.388321429751 -0.0157072202943 -0.0157072202943
0.588378086497 -0.849207216153 0.0311138641579 0.0311138641579
1.39473862068 1.15409113038 -0.0313873510294 -0.0313873510294
0.80552322454 0.583545030295 0.017007892689 0.017007892689
0.957572611242 -0.0710690700739 0.00505412189747 0.00505412189747
0.613142240136 1.04984940796 -0.0245356027672 -0.0245356027672
-0.629668011182 0.694860601846 0.0324244237486 0.0324244237486
0.452120789386 1.29458662083 -0.0249314969372 -0.0249314969372
-0.0937335356255 0.932215634796 0.00521959159441 0.00521959159441
-0.331227053384 0.756153882812 0.0178591228835 0.0178591228835
0.685220485151 1.47154215335 -0.0335323702709 -0.0335323702709
-0.938717078412 0.515378054758 0.0338502434734 0.0338502434734
-0.723085981699 1.25209801869 -0.0174238634655 -0.0174238634655
0.051284509765 1.13770739962 -0.00946749559345 -0.00946749559345
-0.348224003879 0.49019586329 0.0350111207589 0.0350111207589
0.582792958756 1.67607050492 -0.0465526594556 -0.0465526594556
-0.610776489076 0.479142684582 0.0360949181722 0.0360949181722
-0.95967993266 1.06349070884 -0.00444658577425 -0.00444658577425
0.100722869004 1.52991608175 -0.0377012559539 -0.0377012559539
-0.437995893517 0.00597617462355 0.0723474118799 0.0723474118799
0.557276384637 2.05669804811 -0.0795037033267 -0.0795037033267
-0.309698112038 0.456879454546 0.0429748034991 0.0429748034991
-0.325810257345 0.45090212514 0.0471950504899 0.0471950504899
1.23023304003 3.0424759331 -0.205449889999 -0.205449889999
-2.17662623487 -2.74611368551 0.571916017471 0.571916017471
2.90182790727 4.21487819256 0.918860662701 0.918860662701
