12.0 10.0 0.0 6.72862439167e-18
3.27011180843 1.20543398832 -0.0558800144157 -0.0915924040904
-0.812735505521 -2.82700766721 0.0554664336517 0.108168727803
1.87320589889 0.242227797419 -0.0407495322214 -0.0930047642914
-0.693216082918 -1.49674807654 0.0233092539603 0.0615938384848
1.34358044826 0.282397185161 -0.00813945063608 -0.02473802562
0.156628733192 -0.863097882524 -0.00253516387965 -0.00883371268776
0.214571301702 -0.710434986181 0.00819593673039 0.0327359575025
1.81861175007 0.687230447269 -0.00948140609338 -0.043532895711
0.36208964487 -0.295565318515 0.00771934396186 0.040993638597
1.2617965834 1.56836389409 -0.00447800731209 -0.027787485742
-0.186936342503 0.847144413589 0.00117313391097 0.00864068647186
-0.194057932057 0.827066523624 0.00121453216424 0.0108730445906
0.390607652751 1.36002316994 -0.00227163331854 -0.0256471788823
-0.376797027394 0.645644349286 0.0021255919331 0.0321783640477
0.0466570361145 1.03986152434 -0.00128433159369 -0.0292826634529
-1.24319491966 -0.249019463992 0.000396050870398 0.0182473481505
0.06251303624 1.0651488714 1.64389420794e-06 -0.00240118236081
0.276701730981 1.31000849323 0.000325226561704 -0.0137836690885
-0.394523907545 0.467228340295 -0.0012233461383 0.0258411668186
0.0438315019911 1.59566797087 0.00220031700481 -0.0304408689144
-1.41386531522 0.504693918684 -0.00259295555316 0.0262325057699
0.444830879293 1.26128002126 0.00181225130185 -0.0142069965659
0.075442862747 1.04530785481 0.000399967429934 -0.00251385840185
-1.23379150773 0.655507733815 -0.0037739674687 0.0194158903943
-0.545931436394 1.55572901268 0.00743548580723 -0.0316944674954
-1.25361430629 0.382991232551 -0.00998541570258 0.0354696980658
0.703370366135 1.50009070523 0.00973813923223 -0.0288352382472
-0.286579779222 0.78226851942 -0.0050875255758 0.0124941783925
-0.244228219742 0.818945566109 -0.00505228282986 0.0101752137761
1.41043496209 1.64042948353 0.0207783040046 -0.033654482335
0.188817508954 -0.373877595676 -0.0406768265331 0.0513138542459
1.93980240153 0.724098551755 0.0609250276638 -0.0567073208219
0.247026202141 -0.629967803783 -0.0722001830751 0.0448211313347
1.21439614868 0.193130805801 0.0395786183967 -0.0129083110059
0.985516830407 0.66592178887 0.9349575608 -0.0395607975914
-5.22677116006 -3.46542139491 0.481019518803 0.112864080394
-1.95552755211 -0.376780995108 -0.424663824767 -0.215846696917
-1.97354919765 -1.25118142011 0.558311571837 0.43661117861
2.2502294486 1.90768468363 0.897234381436 0.950423728894
