13.7857142857 5.0 0.047619047619 0.0238095238095
0.582792371243 -0.226507736883 -0.0220979091419 0.000583000741789
1.41400095849 0.154737480346 0.0130763399773 -0.00851511321389
0.594463498688 -1.25305719053 -0.00804481825257 0.0124814417139
1.38983723043 0.561895958999 0.00458668832869 -0.0148849997004
0.647903537018 0.787257941988 -0.00190047732408 0.016514152402
1.16681440389 1.23856614454 -0.000361995119079 -0.0177038481231
-0.58788023203 0.76016319009 0.00238138492926 0.0186207139904
0.544181670187 1.23605126745 -0.00426560754435 -0.0193570800385
-0.556998207769 0.769446928001 0.00608811935234 0.0199683222892
0.633205155066 1.22422194749 -0.00790605128668 -0.0204897520254
-1.11967741495 0.782679882968 0.00977036959049 0.020945030949
-0.046863535812 1.20990405726 -0.0117329634104 -0.0213506929179
-0.777926595 0.798051223783 0.0138531621979 0.0217187267508
-0.997140721067 1.19340433074 -0.016205582761 -0.0220581292269
-0.379859726965 0.815737303376 0.0188916459975 0.0223758819255
-0.442184369177 1.17475185475 -0.0220588189519 -0.0226775920543
-1.45440164726 0.833806226636 0.0259360113978 0.0229679311678
0.271220969202 1.16734896249 -0.0309049213144 -0.0232509501987
-1.21235489783 -0.0455611813288 0.0376598863065 0.0235303192108
0.214285714286 1.0 -0.047619047619 -0.0238095238095
0.83611709198 0.0125420889261 0.0642131165802 0.0240920413768
1.06397855463 1.04473739619 -0.0984467846921 -0.0243815164194
-0.120159897899 1.0094184225 0.215678618697 0.0246819541514
-0.335401618461 -0.623986214898 0.891159230757 -0.0249979549275
-3.22006255507 -1.45735504643 -0.137367344167 0.0253350203546
-0.231918257405 1.15375975464 0.0711627176617 -0.0256999774643
-1.60464601553 -0.0661502050818 -0.0459712250727 0.0261015956663
-0.448984664775 1.09788261774 0.0323910183876 -0.0265515234665
-1.56015205221 -0.431888246643 -0.0236644837279 0.0270657716102
-0.116152072675 -0.0730960037692 0.0173826490728 -0.0276671686087
-0.197116160783 -1.47024279338 -0.0124522314298 0.0283896371375
0.151019140459 -0.703336501125 0.00827772230174 -0.0292861021864
0.444736271374 -0.668295486371 -0.00446443607123 0.0304442366887
0.685701561699 -0.160650001078 0.000668406951765 -0.0320209154583
0.195583337524 -1.63765948427 0.00354278528733 0.0343277335849
1.59527288122 0.283554635706 -0.00897115202854 -0.0380848797746
0.459761057557 -0.39896853756 0.0178009458165 0.0454189056865
1.52978444503 1.25350089128 -0.0403195171959 -0.0665749720287
-0.415541112071 -0.203808735675 0.947377404662 0.972371702816
