9.69047619048 6.80952380952 1.6389006554e-16 0.0238095238095
0.85512130345 -0.20971186786 0.017703503164 0.000583000741789
1.14206825966 -0.815646038875 -0.0205393265441 -0.00851511321389
0.875009209867 -0.0336113426771 0.0204491192697 0.0124814417139
1.09040052484 -0.0358544560914 -0.0195098049091 -0.0148849997004
0.983312818797 -1.19291393286 0.0183045697247 0.016514152402
0.753545911259 0.762405092929 -0.0170323760992 -0.0177038481231
0.125663858759 0.436563143555 0.0157657223821 0.0186207139904
0.995969547579 0.398591633996 -0.0145292624034 -0.0193570800385
-0.41543685029 1.06774867021 0.0133279922319 0.0199683222892
0.278312801687 0.993086307646 -0.0121584393123 -0.0204897520254
-0.14186157619 1.04996121706 0.0110133751315 0.020945030949
-0.436310497406 0.439199503764 -0.00988382848727 -0.0213506929179
-0.690808463451 0.346432823314 0.00875988869301 0.0217187267508
-0.17488968423 1.38547989153 -0.0076309244885 -0.0220581292269
-1.60789702755 0.67016691427 0.00648548868438 0.0223758819255
0.236509607101 1.30953713895 -0.00531101891034 -0.0226775920543
-0.308217874392 0.697552663139 0.00409336423165 0.0229679311678
0.288613741471 1.31022538064 -0.00281611720677 -0.0232509501987
0.625535077371 -0.1954135331 0.00145968745338 0.0235303192108
1.30952380952 0.190476190476 -1.58603289232e-17 -0.0238095238095
-0.295651427957 -1.14080752861 -0.00159337761196 0.0240920413768
1.39610064609 1.2620350307 0.00336000827327 -0.0243815164194
0.552750468192 -0.307063343509 -0.00535282365059 0.0246819541514
0.190369360406 1.50042913601 0.00764483644755 -0.0249979549275
-0.184491888923 0.544949177817 -0.0103402090392 0.0253350203546
0.00204727237225 1.45118933677 0.0135933876965 -0.0256999774643
-1.41584973728 0.531902363732 -0.0176441029455 0.0261015956663
-0.644701264995 1.52117265612 0.0228860038947 -0.0265515234665
-1.33368737546 0.168038089044 -0.0300136756091 0.0270657716102
-0.676375638721 0.206557336845 0.0403765411359 -0.0276671686087
-1.3203883872 0.153190688604 -0.0569816349436 0.0283896371375
-0.67357160782 1.17821005107 0.0881361922927 -0.0292861021864
-1.36370742486 -1.05532883306 -0.168117966573 0.0304442366887
-0.106581860785 1.50314985707 0.812233802342 -0.0320209154583
0.562491375096 -6.35999333931 0.350954151831 0.0343277335849
1.33455127479 -1.63623291243 -0.160661593488 -0.0380848797746
0.644531432021 0.644463786298 0.116568047963 0.0454189056865
2.21922567889 -2.0623206499 -0.113720960583 -0.0665749720287
-0.0759872964764 -0.154006779468 1.00548366472 0.972371702816
