10.6270592113 5.42213281049 0.161951298526 0.170671241135
-0.168730444351 1.21542128051 -0.0564635345799 -0.0664195490452
0.103518648082 0.846096684809 0.0253184692164 0.0364116612637
0.506749042506 1.1211168133 -0.00987671413272 -0.0220321765691
0.51748317787 0.897169262726 0.000349193918128 0.0135111817645
0.539464861646 1.09527038972 0.00631260124194 -0.00781603967365
0.0297845932278 0.90007850676 -0.0113716268119 0.00369747177368
-0.0278474105221 1.12757303519 0.0154493300339 -0.000546336481484
-0.0892979581787 0.75715890013 -0.0188900797132 -0.0019701335544
-0.786316849442 0.359211084417 0.0219028178081 0.00404939333283
-0.255107048281 0.60961286031 -0.0246243430431 -0.00581629175274
-0.721776000775 0.401783372953 0.0271507738532 0.00735390687096
-0.296171934575 0.593789192818 -0.0295546953875 -0.00871994260917
-0.682539864122 0.410949457192 0.03189541483 0.00995601446532
-0.366320694475 0.56270950777 -0.0342258365184 -0.0110931920473
-0.0332899004841 1.00116807119 0.0365978502094 0.0121554624364
0.0574278970239 1.10431967102 -0.0390674927234 -0.0131619878464
0.116135013757 0.666892418084 0.0417010515292 0.0141286409156
1.29128690244 -0.0354460089439 -0.0445836684311 -0.0150690985855
0.740237945844 -0.0400921977253 0.0478331354907 0.0159956665154
1.28131598297 0.103236882338 -0.0516243131147 -0.0169199461588
0.528702814889 -0.316751330368 0.0562364275835 0.0178534244753
0.0753169139442 -1.06347528497 -0.0621542226941 -0.0188080512904
-0.122617963262 -0.994828475136 0.0703128115694 0.0197968669823
0.138555659066 -0.98296580446 -0.0828005408978 -0.0208347527783
-0.147121716016 -1.02298104786 0.10547689304 0.0219394003646
0.154914201292 -1.00380641298 -0.163675353612 -0.0231326444712
-0.169339160773 -0.417280685759 0.788952600951 0.024442387773
0.234208580524 -2.12753836762 0.144765736258 -0.0259055048771
0.902099134688 -0.450926555252 -0.0388471384317 0.0275724106136
1.1082420402 -0.933040588926 0.00689709141816 -0.0295145698455
0.894241832063 -1.13955483256 0.00980529240619 0.0318374689753
0.26625519074 -0.800645577182 -0.0211931851914 -0.0347043669559
-0.375046163129 -1.30004076288 0.0305669634346 0.0383830031083
-1.09094498443 -0.230461707678 -0.03964869963 -0.0433461714037
-0.323651240913 -0.82210463426 0.0499696081056 0.0505159445871
-0.736835806792 0.0333430297357 -0.0639359216739 -0.0619657881195
-1.14585121446 -0.487537438802 0.0875868860081 0.0835374926753
-0.933972145 -0.0411219381511 -0.146359000894 -0.140542709141
-0.440221144148 0.581566420046 0.771864120049 0.764510213178
