10.0 9.0 -1.34572487833e-17 6.72862439167e-18
3.06897964653 1.22890236856 -0.12166220586 -0.0915924040904
-0.920088051382 -0.766414773552 0.153805732252 0.108168727803
2.53511709121 0.450749995847 -0.139263311542 -0.0930047642914
-0.000152424298064 -0.251814951749 0.0961003673762 0.0615938384848
1.41167946053 0.136197159452 -0.0399268130531 -0.02473802562
1.16372937989 0.969776774815 -0.0146730884277 -0.00883371268776
-0.28959437035 1.06915783431 0.0557506215444 0.0327359575025
0.522079435678 0.913887787406 -0.0758003259007 -0.043532895711
-0.531979770283 1.08571865581 0.0728247431454 0.040993638597
0.378696825715 0.936961421087 -0.0502831325417 -0.027787485742
-0.125283436141 1.02116000466 0.0159075783372 0.00864068647186
-0.183602808842 1.02818934466 0.0203468862066 0.0108730445906
1.01912000382 0.93219292279 -0.0487526422456 -0.0256471788823
0.871217841437 1.07937337188 0.0621086528347 0.0321783640477
0.899597872664 0.953476449338 -0.0573764258833 -0.0292826634529
-0.189492801596 0.948280750112 0.0362948577921 0.0182473481505
1.06137836677 -0.0357788756336 -0.00484911436325 -0.00240118236081
1.33408758495 -0.203459143065 -0.0282715087345 -0.0137836690885
-0.125902601842 0.903921100513 0.0538631294855 0.0258411668186
0.337280940958 0.897212569851 -0.064533827683 -0.0304408689144
-0.320607401009 1.14668171699 0.0566245312981 0.0262325057699
0.175275572382 0.897342876487 -0.0312711461874 -0.0142069965659
0.0295824602176 0.976786664805 -0.00565334014856 -0.00251385840185
-0.187462782496 1.25324874162 0.0447261646769 0.0194158903943
-0.160395979227 0.0283711780565 -0.0750444694912 -0.0316944674954
-1.69040700725 0.568097213425 0.0867259578998 0.0354696980658
-0.481414396235 0.82463040266 -0.0732817838739 -0.0288352382472
-1.2190621591 -0.0522168650487 0.0333152396135 0.0124941783925
-1.17796920605 -0.000981604402975 0.0288758447409 0.0101752137761
-0.403728489228 -0.0598370340653 -0.104026990679 -0.033654482335
-1.93471795083 0.133742276937 0.180089719443 0.0513138542459
0.0803986692664 -0.017357438355 -0.246647627594 -0.0567073208219
-1.89147849256 1.49071700433 0.311806168971 0.0448211313347
0.456397048754 -0.317700842003 0.982988184987 -0.0129083110059
6.22832291931 -4.99896097473 0.0998139527152 -0.0395607975914
0.734519471907 -1.76286933676 -0.0392804532096 0.112864080394
-1.2368617146 -3.79811745317 -0.0889534827851 -0.215846696917
-1.56271654978 -8.39403380008 0.350497269439 0.43661117861
1.71939719504 3.11809983955 0.991328511686 0.950423728894
