5.86273348878 10.455709791 0.196427185606 0.196427185606
-0.702908360951 0.706675219246 -0.0767873924899 -0.0767873924899
-0.296253699719 1.31130591419 0.0433110255989 0.0433110255989
-0.724763990255 0.674397549603 -0.027417012882 -0.027417012882
-0.110121240151 1.34330587884 0.0180431501637 0.0180431501637
0.459679076667 0.629153679065 -0.0117963803944 -0.0117963803944
1.14424251843 1.42575095613 0.00728804171908 0.00728804171908
0.96999309851 0.382600870389 -0.00384386360595 -0.00384386360595
0.651242006216 0.724277689873 0.0010965859977 0.0010965859977
0.382235356884 0.219528269651 0.00117123106561 0.00117123106561
1.31488675514 0.85519924775 -0.00309683339551 -0.00309683339551
0.756487319882 -0.153914183977 0.00477141765457 0.00477141765457
1.20663273367 0.183690711476 -0.00625824903496 -0.00625824903496
0.819984601116 -0.199516067449 0.00760290352102 0.00760290352102
1.15575333833 0.207850700823 -0.00883937221386 -0.00883937221386
0.871514571145 -0.209975521565 0.00999387063136 0.00999387063136
1.08978982156 0.197963500432 -0.0110873186909 -0.0110873186909
0.987615680515 -1.13030685138 0.0121370249293 0.0121370249293
0.641041930815 -0.884640664959 -0.0131578846346 -0.0131578846346
0.398175681951 -0.556530449665 0.0141632810944 0.0141632810944
0.469925738548 -0.52103708832 -0.0151658130615 -0.0151658130615
-0.372395382062 -1.36591648262 0.0161779359465 0.0161779359465
0.791570981283 -0.661329526637 -0.0172125875436 -0.0172125875436
0.249727407623 -1.32935486366 0.0182838661723 0.0182838661723
-0.352553782732 -0.672229621588 -0.019407839113 -0.019407839113
-0.580674311002 -1.33221265279 0.0206035851193 0.0206035851193
-0.531464834862 -0.654036521077 -0.0218946247773 -0.0218946247773
-1.05353106453 -1.38802030885 0.023310983729 0.023310983729
-0.0623855179717 -0.315452449111 -0.0248923013194 -0.0248923013194
-1.40663717486 -0.124395298089 0.0266927144764 0.0266927144764
-0.679005709743 0.0690019554184 -0.0287888749297 -0.0287888749297
-1.28109541079 -1.01856184897 0.0312937745217 0.0312937745217
-0.743383691528 0.483207338501 -0.0343820098619 -0.0343820098619
-1.24013290908 -0.487816521987 0.0383393454376 0.0383393454376
-0.76887083523 0.707565213884 -0.0436690990451 -0.0436690990451
-1.24400781853 0.239734631056 0.0513493710978 0.0513493710978
-0.172492422695 0.786237212624 -0.0635679526583 -0.0635679526583
-0.762654588349 0.187640820976 0.0864338421908 0.0864338421908
-0.264771197876 0.867074343442 -0.145907342784 -0.145907342784
-0.719282010302 -0.421855340891 0.717912384993 0.717912384993
