8.0 8.0 2.46716227694e-17 3.08395284618e-18
1.94181108113 0.809555429872 -0.0324593565363 -0.0512947984164
0.0227575956153 -0.762798718455 0.0360301449425 0.0654854967475
1.92962797421 0.774440816735 -0.0332112660655 -0.0671638034914
0.176888760276 -1.2279745171 0.0284236642825 0.0622374651096
1.67787979013 -0.272434656644 -0.0230464896084 -0.0533606146381
0.486956804577 -0.0435228536466 0.0176426120245 0.0422780161694
1.34677957855 0.0512736718921 -0.012494515121 -0.0303701033022
0.804203736381 -0.0220687450635 0.00776953960339 0.0187824884574
1.07508668537 -0.00487934789431 -0.00357879864483 -0.00843528207301
1.0 1.97372982156e-16 -3.70074341542e-17 -6.16790569236e-18
1.0049087473 0.906872618804 0.00291341555702 0.0061227688875
0.241599254755 1.08418691755 -0.00512867504544 -0.00981047251521
-0.148997912981 0.932598336139 0.00663235072832 0.0112044720555
0.0747340435109 1.04243429219 -0.00742990883576 -0.0106736604121
0.00875959265308 0.987519909681 0.0075454957214 0.00875829969108
-0.0976416834356 0.982156943861 -0.00702167563762 -0.0060991304882
0.187508963674 1.04318846898 0.00591900675829 0.00335856666438
-0.304004412538 0.942528844337 -0.00431543966243 -0.00114172080001
-0.914675239277 1.05193166664 0.0023055901838 -7.49097348613e-05
3.94745964311e-16 1.0 1.23358113847e-17 -6.16790569236e-18
-0.991045303603 0.00552377570201 -0.00247542910148 0.00143643639137
-0.10261106447 0.798397990522 0.00497953785004 -0.00407087008485
-0.720189120268 1.08817464411 -0.00735509354509 0.00751925832543
-0.562539693148 0.986351538384 0.00942631239493 -0.01121387611
0.209242655336 0.93974474302 -0.010993447874 0.0144601958487
-0.101603912113 1.1493269195 0.0118221439048 -0.0165079463602
0.169833822515 0.661152881387 -0.0116231297169 0.0166289190243
1.23408513812 -0.00974506515159 0.0100131541226 -0.0141931645695
0.874585814259 -0.0826127501036 -0.0064368808457 0.00873494383417
1.0 -1.0 -1.23358113847e-17 -1.23358113847e-17
1.17843143763 -0.0850128474861 0.010924379081 -0.0120340513397
0.580106641568 -0.641881336653 -0.0297669956473 0.0271733037616
1.73250286691 -1.38446166252 0.065383569687 -0.0450732516507
-0.132679857835 -0.0926933470116 -0.149771840582 0.0653874300094
2.54856240633 -0.348299942374 0.548115854057 -0.0880998556212
-4.58710531697 1.43484666157 0.870949267845 0.114429954317
-6.46227924997 4.11692938325 -0.347608614951 -0.150368308578
-0.510923812066 -1.3973233026 0.317489269552 0.233492242324
0.573887632342 1.03101708303 0.952654471347 0.983606673679
