3.1411244588 11.0805754193 0.279653482521 0.315955423342
-0.0797906247356 -1.32939814854 -0.0777135908517 -0.107776085122
0.698439456584 -0.298818768014 0.037955891961 0.0641319316859
0.957414738102 -0.517479788001 -0.021548353815 -0.045043293516
-0.0361327496901 1.33868088972 0.0127200717588 0.0342326709615
0.39262142671 0.682132872079 -0.00723314393028 -0.027203688678
1.27905335076 0.287835670932 0.00349226475857 0.022215193514
0.445120399471 0.0764649869871 -0.000769754109966 -0.0184508156688
0.89313933506 0.567688095319 -0.0013111588077 0.0154766050448
0.953543277851 -0.411893786996 0.0029641140781 -0.0130402547461
1.08999435125 0.37734152656 -0.00431888856122 0.0109847540665
0.881799292303 -0.836764918582 0.00545872030601 -0.0092069746272
1.15470533333 -0.17754813149 -0.00643941932822 0.00763607679376
0.429167648141 -0.803157359761 0.00729982649305 -0.00622147533151
0.571257588031 -0.268205567117 -0.00806785735832 0.00492575311213
-0.679438301166 -1.46702777918 0.00876415685029 -0.00372028614756
-0.949555703762 -0.226153799693 -0.00940439589658 0.00258242406359
-1.08146054835 -0.211968638781 0.0100007628545 -0.00149359522131
-0.120148964891 -0.559062188834 -0.0105629592301 0.000437974705219
-0.337330339328 -0.817288565232 0.0110988789796 0.000598502989546
1.23529679083 -0.0115664113939 -0.011615077466 -0.00162892611844
0.337611649151 -0.610954779243 0.0121170923919 0.00266607947068
0.545544427456 -0.507205708229 -0.0126096501587 -0.0037230853345
-0.383588816833 -1.16058057892 0.013096768227 0.00481408098569
-0.750228236887 -0.152186934305 -0.0135817399081 -0.00595500896804
-1.23068300418 -0.533605134121 0.0140669535402 0.0071646185684
-0.77563014407 -0.174366191535 -0.0145534372493 -0.00846582110457
-1.20019863077 -0.17348467714 0.0150398996505 0.00988762277776
-0.211841969055 0.781427835098 -0.0155207768406 -0.0114680071592
-1.33172756077 -0.339925355685 0.0159821968345 0.0132584177123
-0.689882963112 0.999694394854 -0.0163932849535 -0.0153310354072
-0.744572597744 0.87236350951 0.0166861947479 0.0177911710768
1.15884916405 0.664321475973 -0.01670596775 -0.0207995721649
0.466418831884 0.800633182858 0.0160679146985 0.0246153722414
0.96736936177 0.7120203249 -0.0136703075035 -0.0296860893597
0.580339931381 -0.349210935326 0.00544739767105 0.0368582975399
1.72577608231 0.286400589999 0.035024445425 -0.0479521525969
-2.42213443666 -0.230374734358 0.584271413877 0.067729409738
-1.72767610641 0.796804561762 -0.194119181033 -0.113874027746
-0.415723091533 0.264896176166 0.401562076075 0.353393604102
