9.20518652291 9.61352900932 0.18402748378 0.18402748378
-0.835824108449 0.862715070682 -0.0718658719778 -0.0718658719778
-0.111668781172 1.22390387145 0.0400379628756 0.0400379628756
-0.999261957546 0.0855798342206 -0.0248575745586 -0.0248575745586
-0.599538118737 1.04643478441 0.0158836368426 0.0158836368426
-0.545192199608 0.879993132658 -0.00989472163643 -0.00989472163643
-0.400940520893 1.14556896001 0.00556816886198 0.00556816886198
0.0581290241884 0.840588201423 -0.00226042978669 -0.00226042978669
0.0137493234494 1.16862946206 -0.0003795313902 -0.0003795313902
-0.0401198300378 0.82356352491 0.00255977509992 0.00255977509992
0.0450033862293 1.18661935606 -0.00441173932052 -0.00441173932052
0.831036225857 -0.0662940636279 0.0060228229432 0.0060228229432
1.1077673371 0.121828032193 -0.00745369309225 -0.00745369309225
0.910065517094 -0.123696731919 0.00874807774278 0.00874807774278
1.07489274717 0.106789909034 -0.00993860635755 -0.00993860635755
0.944167725219 -0.0549793625383 0.0110504570345 0.0110504570345
1.02739624986 -0.257846491532 -0.0121037324152 -0.0121037324152
1.0224261405 -1.26411890745 0.0131150742864 0.0131150742864
0.849159805669 -0.0965202205488 -0.014098813056 -0.014098813056
0.334677566982 -0.822726896089 0.015067833218 0.015067833218
0.572940913697 -0.194276321237 -0.016034272771 -0.016034272771
0.544281055623 -1.35083538453 0.0170101405852 0.0170101405852
1.02949043015 -0.779824983088 -0.0180079198383 -0.0180079198383
0.159728428012 -0.889533209869 0.019041223005 0.019041223005
0.763271551389 -0.121422169904 -0.0201255737216 -0.0201255737216
-0.344232464225 -1.51884281518 0.0212794160923 0.0212794160923
0.185208805253 -0.543269173947 -0.0225255006388 -0.0225255006388
0.23876750091 -1.44239144236 0.0238928848492 0.0238928848492
0.724148602906 -0.544445338035 -0.0254199493029 -0.0254199493029
-1.14638476926 -1.51185482627 0.0271591392176 0.0271591392176
0.0666080395335 -0.220314915844 -0.0291847534313 -0.0291847534313
-1.42794512911 -0.834187107103 0.0316063868883 0.0316063868883
-0.651195020196 -0.0836513444627 -0.0345935193438 -0.0345935193438
-1.29733951998 0.685916971131 0.0384238101889 0.0384238101889
-0.778541939738 0.0642451766492 -0.0435869220644 -0.0435869220644
-0.705182273593 0.373393258654 0.0510360830892 0.0510360830892
-0.280351700391 0.706052094794 -0.0629089956628 -0.0629089956628
-0.660245359481 0.252139914206 0.085200901599 0.085200901599
-0.751489023456 0.785862024072 -0.143630455072 -0.143630455072
-0.72088547795 0.159443823478 0.740865022728 0.740865022728
