15.0 8.0 1.50673124771e-16 -7.93016446161e-18
4.84408916376 3.79401942256 -0.145395191892 -0.149639726369
-4.48742055136 -0.74745125516 0.12078407224 0.123074139032
-0.194166936236 1.40989835942 -0.030563897157 -0.030440064726
0.895837263621 1.67318578251 -0.0481054059617 -0.0462160620256
-1.60691903471 -0.351148886247 0.0706882353127 0.064620134105
-0.595476263071 0.421844029689 -0.0370916262728 -0.0318020212627
-0.843065750675 1.05697650019 -0.0178855284821 -0.0141622036231
-0.948149697586 0.716707298132 0.0516785130299 0.0371606179064
0.512359204042 1.28326235425 -0.0421436806013 -0.0270110128063
1.90323947079e-16 1.0 -8.72318090777e-17 -5.55111512313e-17
0.302926826481 0.0956273632961 0.0410330714379 0.0195413400938
1.57387069375 0.0583747354679 -0.0489486150126 -0.0192731487542
0.848282668398 -0.0340461629582 0.0164498776786 0.00516308114468
0.754046161356 -0.077717153623 0.0330232955186 0.00787855339123
1.36607179856 0.147905786411 -0.0606236836952 -0.0102891084645
0.806504853447 -0.0974877687611 0.0394334414586 0.00429819847009
0.903990644843 -0.060195934978 0.0236434018212 0.00136905800795
1.31215224327 0.242886251884 -0.0862022293799 -0.00152542847845
0.607985080419 -0.365505096547 0.091468494335 -0.000972919190605
0.0 -1.0 2.37904933848e-17 9.91270557701e-18
-0.00507045213938 -0.986409130407 -0.19110511029 0.00557894809806
-0.0466556914603 -0.964944683048 0.494414615645 -0.0093741043156
0.0552997969233 0.309273648623 0.987591685233 0.00400131824084
0.812693151193 2.67349691241 0.242779062736 0.00953516846624
0.885946151728 2.50397452698 -0.229937818449 -0.0197385880074
-0.329393531003 0.561707711501 0.097167094438 0.0138569159998
-0.15886646941 0.827898015366 0.0413131850607 0.00860038377377
0.501153704796 1.46011214575 -0.110514691533 -0.0310465724964
-0.458686297979 0.630781941772 0.0860746610809 0.0309071071421
6.97854472622e-16 1.0 -3.17206578464e-17 -3.17206578464e-17
0.570148600843 1.38114216993 -0.081565688523 -0.0427213416692
-0.76572490613 0.519573944046 0.0987385560471 0.0598609927497
0.288860391638 1.172760565 -0.0343820439888 -0.0235906395479
0.650539053894 1.37609496375 -0.0734595139251 -0.0559338644264
-1.34540824714 0.237566556645 0.149307665769 0.123967028677
0.999120320955 1.56453476704 -0.115068529203 -0.102526195644
0.706040219773 1.41025472377 -0.0944347554223 -0.0889665635302
-3.27595394853 -1.23806053874 0.769943388747 0.756318525673
5.57732549803 2.67882041979 0.849038549343 0.858069482936
