19.0 25.0 -9.51619735393e-18 -9.51619735393e-18
1.70894155962 2.61767587033 -0.065274066465 -0.065274066465
-2.82424618735 -4.35255817014 0.0826840358104 0.0826840358104
2.44511008356 1.93235523577 -0.0825748769302 -0.0825748769302
-2.07929401101 -3.39353762615 0.0726962057638 0.0726962057638
1.84582397071 0.781671156518 -0.0568941875269 -0.0568941875269
0.0241084513547 -2.14654494648 0.0379733699956 0.0379733699956
0.297981895089 -0.46231195862 -0.0183199571557 -0.0183199571557
-1.52259157663e-16 -1.0 1.23777592385e-17 1.23777592385e-17
-0.271420070935 -1.4301485304 0.015292134507 0.015292134507
0.45404781117 -0.272033540042 -0.026318230073 -0.026318230073
-0.523097918912 -1.88214260211 0.0323661409913 0.0323661409913
0.455970267169 -0.104594677969 -0.0332826241756 -0.0332826241756
-0.124589709055 -1.78367393825 0.0294589944742 0.0294589944742
1.3449747953 -0.426155654503 -0.0217678317245 -0.0217678317245
-0.347419556439 -1.3002958556 0.011455450694 0.011455450694
-1.01506105109e-15 -1.0 1.00731185443e-17 1.00731185443e-17
0.319032831451 -0.7046435644 -0.011051161029 -0.011051161029
-1.20925060527 -1.58372907735 0.0202489172187 0.0202489172187
-0.575935021375 0.228218589211 -0.0263982196614 -0.0263982196614
-1.49260442436 -0.468250234319 0.028686913652 0.028686913652
-0.533944436486 0.450818549298 -0.0267748595667 -0.0267748595667
-1.36110755539 -0.31548145323 0.0208345562848 0.0208345562848
-0.802761284688 0.103912578383 -0.011539283596 -0.011539283596
-1.0 -1.0 2.61514459426e-18 2.61514459426e-18
-1.19995234146 -0.373129369999 0.0123426410647 0.0123426410647
-0.63132589332 0.502626678269 -0.0238602497832 -0.0238602497832
-1.46955500928 -0.0688028750269 0.0328981842676 0.0328981842676
-0.544553884731 1.52394695012 -0.0379398634276 -0.0379398634276
-1.16868248643 -0.843620801981 0.0377563634522 0.0377563634522
0.395571235068 2.01593142501 -0.031524137368 -0.031524137368
-1.3409616 0.469006129397 0.0188946858527 0.0188946858527
-1.47183852407e-15 1.0 3.10503900083e-19 3.10503900083e-19
-0.335317295116 0.774217718863 -0.0246276413149 -0.0246276413149
-2.27868880847 -1.54981239147 0.0542664384286 0.0542664384286
1.38241067696 2.82837678784 -0.0884819795301 -0.0884819795301
-2.45546457776 -2.0741297055 0.128398834498 0.128398834498
1.46226544161 3.24690858319 -0.181615595985 -0.181615595985
-2.36956518384 -2.35567757624 0.300332236328 0.300332236328
2.66064169976 3.41560829759 0.974515804886 0.974515804886
