22.1899573995 7.93049963485 0.106678401451 0.106678401451
-1.52518049731 -0.144973135717 -0.0386198285181 -0.0386198285181
-0.491441752885 0.164098987203 0.0178365494932 0.0178365494932
-1.50040548503 -0.176121530499 -0.00767553570551 -0.00767553570551
-0.504770618983 0.185778622402 0.00159110820153 0.00159110820153
-1.49105507858 -0.195972610582 0.00250208821776 0.00250208821776
-0.513311689104 0.210794047563 -0.00547555138759 -0.00547555138759
-1.48082900885 -0.242911486541 0.00775818913588 0.00775818913588
-0.52889783291 0.389144879034 -0.00958585460569 -0.00958585460569
-1.45111327704 0.928698703145 0.0110991898635 0.0110991898635
-0.606475002762 1.12032440943 -0.0123874688029 -0.0123874688029
-0.870762351965 0.859907589628 0.0135102877648 0.0135102877648
0.606930347671 1.16375643718 -0.0145091551538 -0.0145091551538
0.279832778141 -0.0110670559774 0.0154140807819 0.0154140807819
1.65667771072 0.0610399132674 -0.0162475222392 -0.0162475222392
0.333904157905 -0.0459052471268 0.0170268583187 0.0170268583187
1.734553054 -0.0248399999267 -0.0177660060442 -0.0177660060442
-0.209052551321 0.499501122365 0.0184765236671 0.0184765236671
1.11252008078 0.599015366594 -0.0191683993197 -0.0191683993197
0.621693956294 -0.339140787414 0.0198506480202 0.0198506480202
0.554250795077 1.18160781603 -0.0205317974483 -0.0205317974483
-0.65693141663 0.817669334497 0.0212203202937 0.0212203202937
-0.596615051288 1.14797043726 -0.0219250606741 -0.0219250606741
-1.45533694433 0.933786192728 0.0226557009985 0.0226557009985
-0.518571991156 0.53583409695 -0.0234233233872 -0.0234233233872
-1.5039783316 0.403099757658 0.0242411386667 0.0242411386667
-0.467464537573 0.594835718448 -0.0251254920612 -0.0251254920612
-1.5857543175 -0.498632033618 0.026097320507 0.026097320507
-0.220277193798 0.644681947552 -0.027184357638 -0.027184357638
-0.712619901796 0.445532908545 0.0284246127249 0.0284246127249
-0.718389303331 0.112363482395 -0.0298721081928 -0.0298721081928
-1.35309169611 -0.18364124964 0.0316068269117 0.0316068269117
-0.632729772248 0.224757689059 -0.0337530077361 -0.0337530077361
-0.547161327108 -1.07935310606 0.0365153267304 0.0365153267304
0.576192946092 -0.878275347609 -0.0402573720228 -0.0402573720228
0.646735827673 -0.976391906671 0.0456940932212 0.0456940932212
1.36440655822 0.385212162855 -0.0544530895758 -0.0544530895758
0.681795308745 -0.407629801049 0.0712166405387 0.0712166405387
0.748128467913 1.00701054313 -0.117232928949 -0.117232928949
-0.530579848813 0.0492378464872 0.865343171344 0.865343171344
