16.0 4.0 0.0 0.0
-0.194100953962 1.14856680206 -0.0253141048256 -0.0253141048256
-0.811724414073 0.912925695103 0.0332659354587 0.0332659354587
-0.15821859401 0.214592098837 -0.0362587720026 -0.0362587720026
-0.892292887603 0.586814877811 0.0369108382567 0.0369108382567
-0.036420366439 1.31042000567 -0.0361501990165 -0.0361501990165
-1.05991230275 0.717265251225 0.0344217922128 0.0344217922128
0.194437641915 1.27738150659 -0.0319938149118 -0.0319938149118
-1.41376430455 0.70621006536 0.0290596878669 0.0290596878669
1.09241063015 1.36169183944 -0.0257777985526 -0.0257777985526
-1.33626526362 0.239952899505 0.0222883367499 0.0222883367499
-0.129567047386 0.404393713431 -0.0187204813349 -0.0187204813349
-0.241867004266 1.13252152212 0.0151951088208 0.0151951088208
0.239575367875 0.944904715217 -0.0118252866554 -0.0118252866554
-0.195998622429 1.02915250766 0.00871564465372 0.00871564465372
0.146625986858 0.980873017304 -0.00596120272135 -0.00596120272135
-0.101763366786 1.015264512 0.00364598765306 0.00364598765306
0.0661202975095 0.986365016222 -0.00184164613246 -0.00184164613246
-0.042728398422 1.01209218424 0.000606191786493 0.000606191786493
0.0348119631787 0.991241354489 1.70171802408e-05 1.70171802408e-05
1.0 1.0 1.31473779232e-17 1.31473779232e-17
1.03286548869 1.03153502128 -0.000669476158262 -0.000669476158262
0.930059120382 0.0797364978325 0.00198791492502 0.00198791492502
1.1211368328 -0.0539157060139 -0.00393652709454 -0.00393652709454
0.810535368292 0.0513911744997 0.00648210809613 0.00648210809613
1.27887050259 -0.0646286283438 -0.00957838123253 -0.00957838123253
0.600422767086 0.122425208772 0.0131678423169 0.0131678423169
1.59080347325 -0.65159452296 -0.0171841694633 -0.0171841694633
-0.252304461946 -1.1536250661 0.0215553218912 0.0215553218912
1.08800491604 -0.882411362248 -0.0262075748865 -0.0262075748865
0.0767226557253 -1.10602456983 0.0310709939191 0.0310709939191
0.525168151727 -0.900399097031 -0.0360874046928 -0.0360874046928
-1.0189297121 -1.08916717597 0.0412231944778 0.0412231944778
-0.140674993589 -0.941736749217 -0.0464924997795 -0.0464924997795
-0.724214279727 -0.90394023646 0.0520054167113 0.0520054167113
-0.499425481925 0.304660929699 -0.0580856588842 -0.0580856588842
-1.66340940568 -0.243580278975 0.0656228342677 0.0656228342677
-0.255642063288 0.224115064438 -0.0775032922379 -0.0775032922379
-1.76782864543 -0.214678226695 0.109090639409 0.109090639409
0.897955090114 0.20868182324 0.995887062876 0.995887062876
