12.0 9.0 1.73303106283e-16 3.52021934637e-17
-0.342169621689 0.753242378996 0.00509250804545 0.0123826178158
-0.693383564143 1.27691576308 -0.00360035940855 -0.0164756780662
-1.29812698017 0.703110162374 0.00100645879204 0.0185347976164
0.441170462565 1.3090914288 0.00186755430567 -0.019786673058
-0.448412940753 0.69082403457 -0.00486318098678 0.0206369581156
0.531996738274 1.2522389873 0.00798217316462 -0.0212587795628
0.679062807983 -0.509147360082 -0.0112830157602 0.0217385179891
1.37155918974 0.599936917878 0.0148589790224 -0.0221241389519
0.606163369394 0.590787748493 -0.0188414934286 0.0224444563122
1.40972290183 0.0781515320434 0.0234186350905 -0.0227178669031
0.575956510952 0.0957626399106 -0.0288729120852 0.0229567111664
1.43889969144 0.917578648029 0.035655610066 -0.0231696199267
0.544047457935 -1.50756513266 -0.0445428694679 0.0233628565914
1.47727619082 0.840492972278 0.0569997752143 -0.0235411250866
0.493797872746 -0.771105019644 -0.0761656571581 0.0237080785581
1.54867062525 0.787003771099 0.110179347691 -0.0238666534135
0.387031748444 -0.867942633579 -0.188519269017 0.0240192982475
1.59253958295 1.0893117706 0.561235986669 -0.0241681384263
-2.72272900058 -2.23939947142 0.681813931899 0.024315101533
-2.42171579259 -1.83617437614 -0.23094495356 -0.0244620203335
1.23985012328 -1.1069638767 0.152292164634 0.024610725378
0.213594528975 -0.660610394998 -0.128905950929 -0.0247631373625
0.576276078477 -1.48934733176 0.135936889912 0.024921369333
0.568117495858 -0.3526024247 -0.198855749328 -0.0250878506979
-0.0248117485029 -1.6382676662 0.738385981789 0.0252654894082
-1.78083166436 4.86155735481 0.523612814876 -0.0254578969632
-1.90994942089 3.15390391947 -0.340016655922 0.0256697160196
1.3248869782 -0.674662611593 0.932684099895 -0.0259071182813
-2.51384199757 2.50954217085 0.284601531585 0.0261785936118
0.0887576310252 1.80897369347 -0.0916356643122 -0.0264962579393
-0.443360012693 0.509911931934 0.0433918454496 0.0268781339259
0.593176401698 1.44190863602 -0.019623738259 -0.0273523749998
-1.44468192537 0.553391798318 0.00179797335496 0.0279656919041
0.408220339894 1.47698994528 0.0190031920735 -0.0288018377032
-1.4134725821 0.467315523981 -0.0637092961903 0.0300276478108
0.492646691517 0.935657290145 0.940841973842 -0.0320304125295
-4.18649477777 -8.0753924811 0.123919193144 0.035962395607
0.047072967377 -1.20537745534 -0.0778918341444 -0.0474746648521
-0.226024552536 -0.134896442345 1.00974275993 0.998972844211
