17.1070599544 4.70299728069 0.0463875480774 0.0463875480774
-0.438773328543 0.970030545219 -0.0103989467788 -0.0103989467788
-0.675172804707 1.05425073634 -0.00111723372709 -0.00111723372709
-1.40625267415 0.92864804898 0.00684194917684 0.00684194917684
-0.356562854564 1.08483566363 -0.0103001946599 -0.0103001946599
-0.450947577383 0.903839945608 0.0126395740335 0.0126395740335
-1.08084150736 1.10611126115 -0.0143455484586 -0.0143455484586
-0.518356560135 0.884809224489 0.0156589352274 0.0156589352274
-0.347570263603 1.12376921408 -0.0167129040466 -0.0167129040466
-0.715076199002 0.86782868151 0.0175872028437 0.0175872028437
-0.246272162322 1.14074987083 -0.0183326223359 -0.0183326223359
-0.796446021604 0.850002452224 0.0189831627012 0.0189831627012
0.618801510818 1.1608094597 -0.0195625613459 -0.0195625613459
-0.541055483579 0.824665803203 0.0200880169573 0.0200880169573
1.47628337056 1.20097319133 -0.0205724263475 -0.0205724263475
-0.504852303589 0.711560115044 0.0210257900952 0.0210257900952
1.6951130104 0.0880788549149 -0.0214561338237 -0.0214561338237
0.336280491352 -0.12917401633 0.021870138302 0.021870138302
1.67233404353 0.138682325331 -0.0222735913815 -0.0222735913815
0.290468944556 -0.114075589392 0.0226717314462 0.0226717314462
1.80716494536 -0.207276999151 -0.0230695282615 -0.0230695282615
-0.346546865701 -1.52451927979 0.023471934424 0.023471934424
1.25623066869 0.0829939471429 -0.0238841349603 -0.0238841349603
-0.223232239075 -0.980519664208 0.0243118222717 0.0243118222717
1.21162363102 -0.0580442119655 -0.0247615284766 -0.0247615284766
-0.204129681704 -0.922983570256 0.0252410587255 0.0252410587255
0.350664254608 -0.931250637313 -0.0257600909297 -0.0257600909297
-0.39959344327 -1.13596887202 0.0263310471927 0.0263310471927
0.379329324848 -0.766632836343 -0.0269704156766 -0.0269704156766
-1.60127514582 -0.0766714496735 0.0277008415873 0.0277008415873
-0.369912962793 0.106239389048 -0.0285545854569 -0.0285545854569
-1.72748577918 0.0415457269035 0.0295795386052 0.0295795386052
0.108918490251 1.51721519836 -0.030850331031 -0.030850331031
-1.03047312666 0.0879122703484 0.0324904075322 0.0324904075322
0.00267149275532 0.806106043649 -0.0347202189329 -0.0347202189329
-0.987957506005 0.237451556135 0.0379764489439 0.0379764489439
-0.0280576817246 0.734197461546 -0.0432642620011 -0.0432642620011
-0.926213409951 0.313241382593 0.0535306571714 0.0535306571714
-0.867443077733 -0.0878681685755 -0.0827405176714 -0.0827405176714
-0.359652775363 0.009625691531 0.945492529128 0.945492529128
