16.5238095238 7.66666666667 0.0 0.0238095238095
-1.36964338157 -0.121100988437 0.0194645182349 0.000583000741789
-0.636827514119 -0.902243939839 -0.0233477749505 -0.00851511321389
-1.35601209697 0.0463446792566 0.0238896980997 0.0124814417139
-0.653434200391 -0.0404087434404 -0.0233252564031 -0.0148849997004
-1.33102948316 0.209801328456 0.0223269435194 0.016514152402
-0.706489502426 0.946714105128 -0.0211466855918 -0.0177038481231
-1.08393128675 -0.122924355043 0.0198895052487 0.0186207139904
0.614986364361 1.60613024409 -0.0186004587897 -0.0193570800385
-0.905090215188 0.096126063538 0.0172973942563 0.0199683222892
-0.373508808025 0.664166749789 -0.0159847470636 -0.0204897520254
0.0529538324693 0.917058725727 0.014659770681 0.020945030949
-0.532073708166 1.16132557864 -0.0133154302275 -0.0213506929179
-0.661951389902 0.804606994497 0.0119416863602 0.0217187267508
0.314834801968 1.2150231391 -0.0105259196268 -0.0220581292269
0.455611012898 0.77305161006 0.00905282316103 0.0223758819255
0.615230272281 1.23072676647 -0.00750388652017 -0.0226775920543
0.322737549533 0.788806963187 0.00585647337852 0.0229679311678
1.54042653209 0.386302555608 -0.00408240007813 -0.0232509501987
0.503420248936 -0.337165318014 0.00214581283873 0.0235303192108
1.47619047619 0.333333333333 -1.85037170771e-17 -0.0238095238095
0.532731334378 -0.337659086721 -0.00241749848222 0.0240920413768
1.46737001027 0.343604659059 0.00519262562423 -0.0243815164194
0.520733486356 -0.346527798715 -0.00844750980293 0.0246819541514
1.51753582278 0.333437944035 0.0123622945358 -0.0249979549275
0.312672150874 -0.205852679471 -0.0172147750082 0.0253350203546
0.387191526955 1.5894806582 0.0234574211342 -0.0256999774643
-0.707129302996 0.426607101778 -0.03188051358 0.0261015956663
-0.495615055803 1.60823569199 0.0439991785922 -0.0265515234665
-0.00813663580425 0.324339164974 -0.0631283333045 0.0270657716102
0.00635604614687 1.78797156464 0.0981691909166 -0.0276671686087
0.448188954472 0.0171202185263 -0.183856225365 0.0283896371375
0.764592583192 2.16244160717 0.719957227836 -0.0292861021864
-0.421061822546 -6.55412772533 0.47724225831 0.0304442366887
0.284752322804 -3.53610011223 -0.196679697404 -0.0320209154583
0.435524705126 -0.143581461254 0.131852900512 0.0343277335849
0.699293085805 -1.435599831 -0.105250304241 -0.0380848797746
-0.573985137982 -0.752507729005 0.095110410231 0.0454189056865
1.37949303518 -1.15362424677 -0.104794236656 -0.0665749720287
-0.313097089469 -0.0214286700847 1.00239542439 0.972371702816
