6.0 20.0 0.0 0.0
1.94986684785 3.50676966486 -0.0773510129099 -0.0773510129099
0.118920126323 -3.27530360221 0.0933900615642 0.0933900615642
1.72764677943 3.19838159305 -0.0853615328236 -0.0853615328236
0.475073919149 -1.03571040055 0.0649691986795 0.0649691986795
1.30813751862 0.873886454796 -0.0394553283386 -0.0394553283386
0.890398117678 -0.331199013367 0.0143802258003 0.0143802258003
0.95397574602 -0.14433673225 0.00615161852257 0.00615161852257
1.14535590693 0.472368735884 -0.0196823665576 -0.0196823665576
0.812466650236 -0.638173258286 0.0254895289727 0.0254895289727
1.18275727016 0.676205936153 -0.0244232188356 -0.0244232188356
0.851739747322 -0.733679888948 0.018490381429 0.018490381429
1.10149254883 -0.880506876708 -0.010267146141 -0.010267146141
0.958675621678 -1.03407262803 0.00226456617359 0.00226456617359
0.0783235276726 -1.05723599848 0.00361792790843 0.00361792790843
-0.108028970262 -0.90059800745 -0.00644016670282 -0.00644016670282
0.143685728387 -1.08652601887 0.00630683663085 0.00630683663085
-0.179583591175 -0.963146825853 -0.00418916393371 -0.00418916393371
0.200203923515 -0.981258416015 0.00154118202894 0.00154118202894
-0.194160473066 -1.0459127496 0.000185079310501 0.000185079310501
-1.0 -1.0 1.63268091857e-18 1.63268091857e-18
-0.92848877071 -0.0962013961142 -0.00230499342272 -0.00230499342272
-1.25181643819 0.0621338127013 0.00606257038076 0.00606257038076
-0.213944465674 -0.368552834918 -0.0098859819914 -0.0098859819914
-0.189340527846 -1.4114584357 0.0120433499686 0.0120433499686
0.38506857366 -0.668530852454 -0.0109624218013 -0.0109624218013
0.912587078941 -1.17590472225 0.0057443539056 0.0057443539056
-0.0128820744462 -1.12114672423 0.00344126131754 0.00344126131754
0.934290833266 0.267515254548 -0.015184560309 -0.015184560309
0.298608934478 -1.19657668883 0.0269427625693 0.0269427625693
0.351125466572 -0.0635052515236 -0.0354192421948 -0.0354192421948
1.15260807958 -0.420435814499 0.0371413823859 0.0371413823859
0.992571315511 0.422447572928 -0.0291091680116 -0.0291091680116
0.984879034837 -0.150597221708 0.00934807165666 0.00934807165666
0.93868407847 -0.403924422878 0.0228321592718 0.0228321592718
1.22174828899 1.81730645486 -0.0671606763483 -0.0671606763483
0.555192745242 -1.10653880787 0.124063273345 0.124063273345
1.70913308036 2.09003038939 -0.201444152009 -0.201444152009
-0.0500938559023 -2.79748169873 0.367369856683 0.367369856683
0.851945206982 3.28970471328 0.963336072061 0.963336072061
