9.31242781642 6.1601274842 0.140885425841 0.140885425841
-1.19475690825 0.780188051701 -0.0538003035115 -0.0538003035115
-0.898321773985 1.2290846487 0.027992846759 0.027992846759
-0.607598159862 0.769074364315 -0.0155049531587 -0.0155049531587
0.286782364764 1.23143392513 0.00806738530174 0.00806738530174
-1.0367575928 0.767808691271 -0.00308071452521 -0.00308071452521
0.113425909711 1.23385464924 -0.000533353403678 -0.000533353403678
0.245780308538 0.763050634103 0.0033029534943 0.0033029534943
0.821298819722 1.24221094743 -0.00551751559194 -0.00551751559194
-0.493263600061 0.749008974268 0.00734918847405 0.00734918847405
0.519927458011 1.26623187763 -0.00890702442267 -0.00890702442267
0.423907203778 0.704158442922 0.0102637019769 0.0102637019769
0.529907085016 1.37103256191 -0.0114697687103 -0.0114697687103
0.966804187605 0.108039707699 0.0125617224591 0.0125617224591
1.09399236412 0.870060733611 -0.013566842725 -0.013566842725
0.889375526505 0.0346017802233 0.014506214049 0.014506214049
1.11300455664 0.0748967611715 -0.0153966995947 -0.0153966995947
0.892256176371 -0.120977162904 0.016252285216 0.016252285216
1.09596540778 0.178696471964 -0.0170850387073 -0.0170850387073
0.924372919738 -0.848567290345 0.0179058342759 0.0179058342759
1.0392189364 -0.170531188275 -0.0187249403165 -0.0187249403165
1.0415796972 -1.00292652958 0.0195525406985 0.0195525406985
0.585977680358 -1.05506776549 -0.0203992469357 -0.0203992469357
0.402907121995 -0.436701481963 0.0212766568857 0.0212766568857
0.570753450829 -0.524478667094 -0.0221980245161 -0.0221980245161
0.493621085279 -0.438339020224 0.0231791274333 0.0231791274333
0.273811928553 -0.778691420031 -0.0242394613449 -0.0242394613449
-0.240369274309 -1.19780761844 0.025403968069 0.025403968069
0.219733846474 -0.81692845777 -0.0267056461297 -0.0267056461297
-0.207739756709 -1.17160007713 0.0281896633176 0.0281896633176
0.211759122502 -0.839161506891 -0.0299201277681 -0.0299201277681
-0.32864000618 -1.14891371317 0.0319918043258 0.0319918043258
-1.08547978505 -0.866473150308 -0.0345516133786 -0.0345516133786
-0.434889163535 -1.11033814473 0.0378410226694 0.0378410226694
-0.525747007188 -0.932465769087 -0.0422876442392 -0.0422876442392
-1.26290568565 -0.947404784603 0.0487287063762 0.0487287063762
-0.800923194959 -0.18709264402 -0.059057919022 -0.059057919022
-1.15177114385 -0.557143243559 0.0786636250583 0.0786636250583
-0.920890659099 1.6182816778 -0.131405960915 -0.131405960915
-0.37853726282 -0.166899416337 0.81377145957 0.81377145957
