7.31120282448 23.5588404442 0.0463875480774 0.0463875480774
0.191522131346 -1.306263752 -0.0103989467788 -0.0103989467788
0.918477936321 -0.777415711499 -0.00111723372709 -0.00111723372709
1.18784016639 -0.989713114419 0.00684194917684 0.00684194917684
0.517346601397 0.0252605443058 -0.0103001946599 -0.0103001946599
0.42272268211 -1.03279184087 0.0126395740335 0.0126395740335
0.596451818394 0.0351231345756 -0.0143455484586 -0.0143455484586
0.39526500003 -1.03756989345 0.0156589352274 0.0156589352274
0.609244486204 0.0434561642958 -0.0167129040466 -0.0167129040466
0.38668246176 -1.05906464857 0.0175872028437 0.0175872028437
0.621283711602 0.110698081996 -0.0183326223359 -0.0183326223359
0.349484578341 -1.8697509795 0.0189831627012 0.0189831627012
1.47735036383 -0.200866474018 -0.0195625613459 -0.0195625613459
0.553393849417 -0.884847743147 0.0200880169573 0.0200880169573
0.458072458973 -0.0976902805136 -0.0205724263475 -0.0205724263475
0.644995722597 -0.902356922824 0.0210257900952 0.0210257900952
1.43073732742 -0.108007026692 -0.0214561338237 -0.0214561338237
0.320400796014 -0.869968458865 0.021870138302 0.021870138302
0.596672026513 -0.172642195908 -0.0222735913815 -0.0222735913815
0.462176725085 -0.729585340831 0.0226717314462 0.0226717314462
0.456511580225 -0.735852055894 -0.0230695282615 -0.0230695282615
0.725641059522 -1.36013513705 0.023471934424 0.023471934424
-0.930703493129 -0.600127949651 -0.0238841349603 -0.0238841349603
-0.268816881291 -1.41741162814 0.0243118222717 0.0243118222717
-0.607435962641 -0.592957289041 -0.0247615284766 -0.0247615284766
-1.24409745135 -0.65369927472 0.0252410587255 0.0252410587255
-0.779048151263 1.49016986867 -0.0257600909297 -0.0257600909297
-1.23547862679 0.416719983643 0.0263310471927 0.0263310471927
-0.674960176067 0.613970036658 -0.0269704156766 -0.0269704156766
-0.262010064322 0.404003490787 0.0277008415873 0.0277008415873
-0.967623622633 0.521339033297 -0.0285545854569 -0.0285545854569
-1.10126320189 0.783164495659 0.0295795386052 0.0295795386052
-0.852888238595 1.28529264973 -0.030850331031 -0.030850331031
-1.22474711411 0.698590856272 0.0324904075322 0.0324904075322
-0.331765839205 1.29158684212 -0.0347202189329 -0.0347202189329
-0.0500620671664 0.764332026141 0.0379764489439 0.0379764489439
0.687693289093 0.649918816647 -0.0432642620011 -0.0432642620011
1.09445852108 -0.44728269004 0.0535306571714 0.0535306571714
0.971205742938 0.394966198816 -0.0827405176714 -0.0827405176714
0.167322843326 -0.357711329947 0.945492529128 0.945492529128
