11.707590556 10.9271625591 0.0677191564491 0.0677191564491
0.144286582477 1.01301103576 -0.0205767714385 -0.0205767714385
-0.334019627883 0.987106730027 0.00572843925721 0.00572843925721
-0.703352997796 1.06850431675 0.00161068756522 0.00161068756522
-0.265520276385 0.601557567124 -0.00603075951334 -0.00603075951334
-0.807681344521 0.23788044091 0.00901506873318 0.00901506873318
0.325823650674 1.3309991211 -0.0111884543258 -0.0111884543258
-0.171222448656 0.749605332229 0.01286002633 0.01286002633
-0.598914779532 1.21433094051 -0.014200387383 -0.014200387383
-0.43100360658 0.80731812176 0.0153115519148 0.0153115519148
0.332359927421 1.18220046953 -0.0162584164421 -0.0162584164421
0.780927272538 0.776837526821 0.017084382077 0.017084382077
1.18882866743 -0.0129674473865 -0.0178197244317 -0.0178197244317
0.845877820853 0.0795528816417 0.0184863629584 0.0184863629584
1.10447758835 -0.451864155445 -0.0191007227477 -0.0191007227477
0.996603182801 -0.612466200302 0.0196755312526 0.0196755312526
0.443433652034 -0.373757944926 -0.0202209948535 -0.0202209948535
0.485646532527 -0.622079745448 0.0207456028068 0.0207456028068
0.528170871909 -0.393912172939 -0.0212567032451 -0.0212567032451
0.48532511905 -0.57711711979 0.0217609403109 0.0217609403109
0.474227625785 -0.472617104582 -0.0222646109946 -0.0222646109946
0.615291845761 -0.431701323674 0.0227739839563 0.0227739839563
0.114332803516 -0.843131191743 -0.0232956152925 -0.0232956152925
0.120280576439 -0.918726935913 0.0238366956316 0.0238366956316
1.01925453402 0.055154093847 -0.0244054689377 -0.0244054689377
-0.488861700465 -1.52164903893 0.0250117777799 0.0250117777799
0.408785877403 -0.56202765819 -0.0256678171606 -0.0256678171606
-0.379655238461 -1.40400203684 0.026389228818 0.026389228818
0.369517980518 -0.613713399392 -0.0271967596963 -0.0271967596963
-0.372790859809 -1.37541734758 0.0281188830227 0.0281188830227
-0.514178109239 -0.636745924076 -0.0291961290124 -0.0291961290124
-0.485293780739 -1.30494683786 0.0304886092009 0.0304886092009
-0.665656829501 0.52680358276 -0.0320898912846 -0.0320898912846
-1.45017698579 -0.58094377338 0.0341545265232 0.0341545265232
-0.172091165427 0.941859295373 -0.0369580053644 -0.0369580053644
-0.756325578439 0.133354042446 0.0410446328003 0.0410446328003
-0.272619205002 0.842112841475 -0.047662439055 -0.047662439055
-0.706317949367 0.164571554589 0.060446073622 0.060446073622
-0.329673475505 0.840756050222 -0.0963555810701 -0.0963555810701
0.141586018835 0.138199763493 0.91857400033 0.91857400033
