18.0143785282 4.79593219295 0.0463875480774 0.0463875480774
-1.36767067722 -0.150834311253 -0.0103989467788 -0.0103989467788
-0.664448552534 0.247207682993 -0.00111723372709 -0.00111723372709
-1.29096266192 0.892126333812 0.00684194917684 0.00684194917684
-0.796581275577 -0.266658016006 -0.0103001946599 -0.0103001946599
-0.863174679514 0.541304906766 0.0126395740335 0.0126395740335
-0.0269501649013 0.592605209833 -0.0143455484586 -0.0143455484586
-1.08380815888 0.282166056414 0.0156589352274 0.0156589352274
0.631269100817 1.28318734441 -0.0167129040466 -0.0167129040466
-0.475693001031 0.820089214175 0.0175872028437 0.0175872028437
-0.240341486286 1.11682015399 -0.0183326223359 -0.0183326223359
-0.881032244883 0.95668197513 0.0189831627012 0.0189831627012
1.55330262528 0.175010491362 -0.0195625613459 -0.0195625613459
0.418359211326 -0.0481732232111 0.0200880169573 0.0200880169573
1.58902502189 -0.091940130162 -0.0205724263475 -0.0205724263475
0.390151578271 -0.780049999385 0.0210257900952 0.0210257900952
1.66740919435 0.966582936097 -0.0214561338237 -0.0214561338237
0.0963059802584 0.0711329191438 0.021870138302 0.021870138302
0.798150429384 0.941430889593 -0.0222735913815 -0.0222735913815
0.323038752853 -0.0184724139358 0.0226717314462 0.0226717314462
0.198917791213 1.46767497844 -0.0230695282615 -0.0230695282615
-0.286585103383 0.642130371255 0.023471934424 0.023471934424
0.320342686005 1.30506228409 -0.0238841349603 -0.0238841349603
-0.335152475698 0.728114687809 0.0243118222717 0.0243118222717
0.338445114528 1.24766385296 -0.0247615284766 -0.0247615284766
-0.323773644958 0.772417293192 0.0252410587255 0.0252410587255
-0.562263106085 1.20788758033 -0.0257600909297 -0.0257600909297
-1.39463609752 0.818704564967 0.0263310471927 0.0263310471927
-0.61738833381 1.1051520031 -0.0269704156766 -0.0269704156766
-1.37503455427 -0.273482996153 0.0277008415873 0.0277008415873
-0.63249009351 0.237043616772 -0.0285545854569 -0.0285545854569
-1.35797435446 -0.225247304978 0.0295795386052 0.0295795386052
-0.656257596892 0.223822366706 -0.030850331031 -0.030850331031
-1.31809205985 -0.235717534225 0.0324904075322 0.0324904075322
-0.747172810077 0.287581510104 -0.0347202189329 -0.0347202189329
-0.748704427072 -0.777570017771 0.0379764489439 0.0379764489439
0.487178591181 -0.977168052682 -0.0432642620011 -0.0432642620011
-0.432200524654 -1.05621897292 0.0535306571714 0.0535306571714
0.403825305976 -0.956376110676 -0.0827405176714 -0.0827405176714
-0.379618803294 -0.193205728406 0.945492529128 0.945492529128
