7.71479973742 11.0240132267 0.140885425841 0.140885425841
-0.448364453114 0.876144501933 -0.0538003035115 -0.0538003035115
-0.573871227109 1.14564586772 0.027992846759 0.027992846759
0.0544261013717 0.857778751289 -0.0155049531587 -0.0155049531587
0.0111369495706 1.11836798542 0.00806738530174 0.00806738530174
0.0122249960793 0.942345771612 -0.00308071452521 -0.00308071452521
1.11572075853 0.828832434882 -0.000533353403678 -0.000533353403678
0.888148311066 0.197582569598 0.0033029534943 0.0033029534943
1.1106252804 0.811417230519 -0.00551751559194 -0.00551751559194
0.89166410259 -0.434773867153 0.00734918847405 0.00734918847405
1.10395824216 0.347339572532 -0.00890702442267 -0.00890702442267
0.90334322962 -0.301087111935 0.0102637019769 0.0102637019769
1.08507052885 0.266168898215 -0.0114697687103 -0.0114697687103
0.933561372271 -0.231931155333 0.0125617224591 0.0125617224591
1.03415304507 0.188919816643 -0.013566842725 -0.013566842725
0.199454248737 -0.948680330706 0.014506214049 0.014506214049
0.730913909933 -0.122542874265 -0.0153966995947 -0.0153966995947
0.310299868176 -0.8444364396 0.016252285216 0.016252285216
0.652485343324 -0.151463181478 -0.0170850387073 -0.0170850387073
0.398199514532 -1.46826159412 0.0179058342759 0.0179058342759
1.31286286509 -0.621765943946 -0.0187249403165 -0.0187249403165
-0.359721531539 -1.33038779159 0.0195525406985 0.0195525406985
0.317270255161 -0.704889879886 -0.0203992469357 -0.0203992469357
-0.297448450895 -1.26259722864 0.0212766568857 0.0212766568857
0.293603400926 -0.77381600635 -0.0221980245161 -0.0221980245161
-1.16995779952 -1.17584771879 0.0231791274333 0.0231791274333
-0.7844532258 -0.918556590706 -0.0242394613449 -0.0242394613449
-1.22018404579 -0.693789201726 0.025403968069 0.025403968069
-0.782105785837 -0.314925324271 -0.0267056461297 -0.0267056461297
-1.21216559827 -0.627701534005 0.0281896633176 0.0281896633176
-0.798287511335 1.16707981142 -0.0299201277681 -0.0299201277681
-1.17995871303 -0.0391131557188 0.0319918043258 0.0319918043258
-0.882297857692 0.977127668609 -0.0345516133786 -0.0345516133786
-0.618964055371 0.0595332895483 0.0378410226694 0.0378410226694
-0.316169310191 0.916744183313 -0.0422876442392 -0.0422876442392
-0.70838811196 0.0988489445509 0.0487287063762 0.0487287063762
-0.278434426534 0.891918947693 -0.059057919022 -0.059057919022
-0.727691492429 0.110740130415 0.0786636250583 0.0786636250583
-0.288668808419 0.896071993766 -0.131405960915 -0.131405960915
-0.0934563227009 0.0772786672097 0.81377145957 0.81377145957
