14.6106190602 2.64382019742 0.140885425841 0.140885425841
-0.338198902914 1.09907035815 -0.0538003035115 -0.0538003035115
-0.0391300054964 0.524484444253 0.027992846759 0.027992846759
-0.981560415063 0.46201601796 -0.0155049531587 -0.0155049531587
-0.017523688669 0.517158074787 0.00806738530174 0.00806738530174
-0.982311550786 0.56734430451 -0.00308071452521 -0.00308071452521
-0.0155379563156 1.389766138 -0.000533353403678 -0.000533353403678
-0.990623829722 0.292689336314 0.0033029534943 0.0033029534943
0.00350995670957 0.633455468682 -0.00551751559194 -0.00551751559194
-1.03086387924 1.01004996721 0.00734918847405 0.00734918847405
0.115422948689 1.08824775633 -0.00890702442267 -0.00890702442267
-0.0762328790626 0.724641739428 0.0102637019769 0.0102637019769
1.45065805134 -0.034305336847 -0.0114697687103 -0.0114697687103
0.570296784292 -0.0324857230284 0.0125617224591 0.0125617224591
1.43352874139 0.0736120952514 -0.013566842725 -0.013566842725
0.555309656608 -0.126104309864 0.014506214049 0.014506214049
1.46249209401 0.302172945465 -0.0153966995947 -0.0153966995947
0.507536183944 1.00700472368 0.016252285216 0.016252285216
1.55974895145 1.06737157479 -0.0170850387073 -0.0170850387073
-0.262586973577 0.875709498928 0.0179058342759 0.0179058342759
0.486940148908 1.20794819976 -0.0187249403165 -0.0187249403165
-0.755231257481 0.541281906799 0.0195525406985 0.0195525406985
-0.191061051309 0.515024050905 -0.0203992469357 -0.0203992469357
-0.852010562021 0.429029968181 0.0212766568857 0.0212766568857
-0.0946940495381 0.649907334439 -0.0221980245161 -0.0221980245161
-1.02817230702 0.171449655183 0.0231791274333 0.0231791274333
-0.852894173489 0.160315002525 -0.0242394613449 -0.0242394613449
-1.18758612676 0.824184520437 0.025403968069 0.025403968069
-0.79488574755 -0.276623520253 -0.0267056461297 -0.0267056461297
-1.20997535632 0.175934349682 0.0281896633176 0.0281896633176
-0.796315491093 -0.106682820164 -0.0299201277681 -0.0299201277681
-1.18121181688 -0.069129572912 0.0319918043258 0.0319918043258
-0.884016671396 -1.25296362655 -0.0345516133786 -0.0345516133786
-0.628416420976 -0.793822147041 0.0378410226694 0.0378410226694
0.292952670362 -1.2004884332 -0.0422876442392 -0.0422876442392
-0.128159132139 -0.779356316495 0.0487287063762 0.0487287063762
0.99316720098 -1.29000878738 -0.059057919022 -0.059057919022
0.0548030451686 -0.345777132934 0.0786636250583 0.0786636250583
0.942082520319 -0.637316607304 -0.131405960915 -0.131405960915
-0.553201102841 -0.341958628415 0.81377145957 0.81377145957
