6.91442891622 15.5926314917 0.124357347884 0.124357347884
-0.155981481912 0.769674250297 -0.0465496018039 -0.0465496018039
0.201003585297 1.2578152984 0.0231456066618 0.0231456066618
-0.275001276945 0.76835439974 -0.0117629979388 -0.0117629979388
0.859733710879 0.684083034556 0.00496572276495 0.00496572276495
0.909542771814 -0.480751940284 -0.000400801248046 -0.000400801248046
1.14442198371 1.38400080853 -0.00291140082762 -0.00291140082762
0.825992236174 -0.769644188928 0.00545183133335 0.00545183133335
1.19720542994 -0.32531026313 -0.00748450148936 -0.00748450148936
0.779995487761 -0.138244517719 0.00916663895575 0.00916663895575
1.24701923 -0.408437769553 -0.0105979426602 -0.0105979426602
0.713920436226 -1.44029960455 0.0118449118346 0.0118449118346
1.36102168428 -0.577004719881 -0.0129538288559 -0.0129538288559
0.361593530175 -1.42224342904 0.0139581330042 0.0139581330042
0.627093246483 -0.573848715622 -0.014882832681 -0.014882832681
0.404588330974 -1.43226845975 0.0157472685935 0.0157472685935
-0.0681057589303 -0.55986903157 -0.0165669188244 -0.0165669188244
0.0475348227696 -1.4500315701 0.0173546290927 0.0173546290927
0.944102145754 -0.537081436394 -0.0181214915743 -0.0181214915743
-0.235422258562 -1.48093653787 0.0188775093762 0.0188775093762
0.206499529736 -0.490313355026 -0.0196321364047 -0.0196321364047
-0.180985386045 -1.57186000245 0.0203947569906 0.0203947569906
-0.515356052277 0.335773617506 -0.0211751580107 -0.0211751580107
-1.43154768569 -0.524743675565 0.0219840448252 0.0219840448252
-0.362706575657 0.780512015313 -0.0228336607254 -0.0228336607254
-0.653237690623 0.184880615891 0.0237385902642 0.0237385902642
-0.331088799316 0.838895630691 -0.0247168663876 -0.0247168663876
-0.683287440991 0.143718944487 0.0257915733995 0.0257915733995
-0.302556246912 0.870092298492 -0.0269932704425 -0.0269932704425
-0.712848871755 0.11803125003 0.0283638121667 0.0283638121667
-0.267985391269 0.893066900339 -0.0299626444076 -0.0299626444076
-0.761255306712 0.0954291642313 0.0318777083108 0.0318777083108
-0.172890657634 0.918654639433 -0.0342454716833 -0.0342454716833
-1.50618853228 0.0559897108937 0.0372904836761 0.0372904836761
-0.476946091902 1.76689367877 -0.0414109999446 -0.0414109999446
-0.634989125388 0.109168963248 0.0473884122849 0.0473884122849
-0.328492045185 0.922417438355 -0.0569957016241 -0.0569957016241
-0.68831574312 0.0551783061252 0.0753047087293 0.0753047087293
-0.323313208602 0.971587301851 -0.125042434478 -0.125042434478
-0.0176209823868 -0.01481160527 0.839300801651 0.839300801651
