6.57888395044 20.499131564 0.0677191564491 0.0677191564491
0.827504150983 0.608863193156 -0.0205767714385 -0.0205767714385
1.18785707889 1.23628269347 0.00572843925721 0.00572843925721
0.804766126201 -0.477341243999 0.00161068756522 0.00161068756522
1.19926115066 0.101649969532 -0.00603075951334 -0.00603075951334
0.798428749655 -1.26695693379 0.00901506873318 0.00901506873318
1.20334765291 0.899165193724 -0.0111884543258 -0.0111884543258
0.792748842381 -1.44561939425 0.01286002633 0.01286002633
1.22772172245 0.325847058638 -0.014200387383 -0.014200387383
-0.0210127087037 -1.27437091912 0.0153115519148 0.0153115519148
0.961807947037 0.25513448488 -0.0162584164421 -0.0162584164421
0.0602214626698 -1.26329269455 0.017084382077 0.017084382077
0.938516217494 0.318221262442 -0.0178197244317 -0.0178197244317
0.0406895883971 -1.5835343031 0.0184863629584 0.0184863629584
1.02797657048 -0.493382579244 -0.0191007227477 -0.0191007227477
-0.432458362789 -1.45118664007 0.0196755312526 0.0196755312526
-0.103601869104 -0.643134936973 -0.0202209948535 -0.0202209948535
-1.6425193163 -0.706005367618 0.0207456028068 0.0207456028068
0.30635818093 -0.232812891068 -0.0212567032451 -0.0212567032451
-1.23113307849 -0.769291697796 0.0217609403109 0.0217609403109
-0.66979304135 -0.271858836762 -0.0222646109946 -0.0222646109946
-1.3678947359 -0.583934821607 0.0227739839563 0.0227739839563
-0.593013259979 0.540922138681 -0.0232956152925 -0.0232956152925
-1.48056875511 -0.475533160846 0.0238366956316 0.0238366956316
-0.198787893241 0.182881794676 -0.0244054689377 -0.0244054689377
-0.363571960617 -1.70259332351 0.0250117777799 0.0250117777799
0.971990672436 -0.364367055383 -0.0256678171606 -0.0256678171606
0.0935767268865 -1.60848247726 0.026389228818 0.026389228818
0.865888098965 -0.405714998108 -0.0271967596963 -0.0271967596963
0.932873749946 -1.5891027896 0.0281188830227 0.0281188830227
1.12910114387 0.517592787847 -0.0291961290124 -0.0291961290124
0.839023082513 -0.538464155267 0.0304886092009 0.0304886092009
1.18111178086 0.538199354794 -0.0320898912846 -0.0320898912846
0.804419692413 -0.534376723148 0.0341545265232 0.0341545265232
1.20720129012 0.529373297917 -0.0369580053644 -0.0369580053644
0.782198109089 -0.523675450646 0.0410446328003 0.0410446328003
1.22934725658 0.517304089523 -0.047662439055 -0.047662439055
0.754098682614 -0.510110560851 0.060446073622 0.060446073622
1.28469255097 0.501969033372 -0.0963555810701 -0.0963555810701
-0.109075429075 -0.493757598492 0.91857400033 0.91857400033
