8.0 22.0 3.52021934637e-17 3.52021934637e-17
0.81669027543 -0.542352700314 0.0123826178158 0.0123826178158
1.18783822037 0.549590043162 -0.0164756780662 -0.0164756780662
0.809376716502 -0.560877825655 0.0185347976164 0.0185347976164
1.19298109173 0.584198855438 -0.019786673058 -0.019786673058
0.804525183592 -0.666072689827 0.0206369581156 0.0206369581156
1.19856698845 -0.44737518208 -0.0212587795628 -0.0212587795628
0.79707935063 -0.348454206283 0.0217385179891 0.0217385179891
1.20988560815 0.294178418836 -0.0221241389519 -0.0221241389519
0.776949719391 -1.59887149495 0.0224444563122 0.0224444563122
1.25589180713 -0.438938382506 -0.0227178669031 -0.0227178669031
0.586429000424 -1.55650818397 0.0229567111664 0.0229567111664
0.0222108426965 -0.433869228446 -0.0231696199267 -0.0231696199267
-0.0429993485792 -1.60296834286 0.0233628565914 0.0233628565914
-0.150899696545 -0.183981049868 -0.0235411250866 -0.0235411250866
-1.34334558158 -0.330491222073 0.0237080785581 0.0237080785581
-0.684231210833 0.362332589925 -0.0238666534135 -0.0238666534135
-1.37024709495 -0.309555387565 0.0240192982475 0.0240192982475
-0.272039722107 -0.0483842743407 -0.0241681384263 -0.0241681384263
-0.47149633843 -1.20597667001 0.024315101533 0.024315101533
-1.09381438451 0.766880083217 -0.0244620203335 -0.0244620203335
-0.958544477723 -0.706669513188 0.024610725378 0.024610725378
-1.08242095187 0.733602267258 -0.0247631373625 -0.0247631373625
-0.466683379577 -1.15663160539 0.024921369333 0.024921369333
0.122460547409 -0.572088816537 -0.0250878506979 -0.0250878506979
0.426163770789 -1.45402415294 0.0252654894082 0.0252654894082
1.31205070396 -0.590004429066 -0.0254578969632 -0.0254578969632
0.743442128648 -0.859351252033 0.0256697160196 0.0256697160196
1.23338903577 0.664811206309 -0.0259071182813 -0.0259071182813
0.778896068329 -0.631931203257 0.0261785936118 0.0261785936118
1.21377055558 0.627938560085 -0.0264962579393 -0.0264962579393
0.790885499547 -0.642722499601 0.0268781339259 0.0268781339259
1.20609919015 0.700263253165 -0.0273523749998 -0.0273523749998
0.795785994677 -1.4910818068 0.0279656919041 0.0279656919041
1.20322596222 0.36816237469 -0.0288018377032 -0.0288018377032
0.796888719063 -0.471456423504 0.0300276478108 0.0300276478108
1.20413825514 0.501361919874 -0.0320304125295 -0.0320304125295
0.79261617049 -0.51574462976 0.035962395607 0.035962395607
1.21845244705 0.524557424815 -0.0474746648521 -0.0474746648521
-0.169723764178 -0.531006019073 0.998972844211 0.998972844211
