9.0 8.0 5.35969736026e-17 5.35969736026e-17
3.79359995075 3.62152395636 -0.141135780989 -0.141135780989
-0.873135772972 -1.1160868103 0.129841883884 0.129841883884
1.68061879971 0.509803159067 -0.0534304078756 -0.0534304078756
1.31096001921 0.242436572871 -0.0259875743926 -0.0259875743926
0.233712490691 -0.605779636333 0.0663251854744 0.0663251854744
1.63483923318 0.505337500541 -0.0561007594754 -0.0561007594754
0.852955791023 -0.117739488813 0.0131614568064 0.0131614568064
0.665759162277 -0.269840060596 0.0301699355757 0.0301699355757
1.51971742943 0.425448933223 -0.0472297991906 -0.0472297991906
0.658500314761 -0.28652069305 0.0312837744598 0.0312837744598
0.964755390608 -0.0309365606279 0.00327474825967 0.00327474825967
1.33503179237 0.321501534526 -0.0321460307856 -0.0321460307856
0.64705901594 -0.416066941316 0.0370852084768 0.0370852084768
1.10321529904 0.251571130557 -0.0167455062139 -0.0167455062139
0.293437540565 1.00701056398 -0.0137481176416 -0.0137481176416
-0.63181359658 0.864317084966 0.033502217209 0.033502217209
0.580627817246 1.15487360454 -0.0296411902139 -0.0296411902139
-0.127490499297 0.968770193345 0.00540070788472 0.00540070788472
-1.23680975234 0.863424803599 0.0224047016561 0.0224047016561
-0.105219662428 1.21814049727 -0.0346860899662 -0.0346860899662
-0.277071015238 0.853807905386 0.0227915511371 0.0227915511371
-0.996699243746 0.96368013712 0.00559002709689 0.00559002709689
-0.913937324838 1.20460687781 -0.0312305600455 -0.0312305600455
-0.964923037318 0.763233025673 0.0359566970367 0.0359566970367
0.254586085353 1.09932290847 -0.0150452122249 -0.0150452122249
0.337488153495 1.12357317407 -0.0187102602867 -0.0187102602867
-1.21274729343 0.720505038089 0.0423813444708 0.0423813444708
-0.393638386921 1.24752615319 -0.0376620004492 -0.0376620004492
-0.0343707045041 0.974211855252 0.00394540578568 0.00394540578568
-1.10877708421 0.747632740825 0.0389187602131 0.0389187602131
-0.227739884286 1.39129242863 -0.0610131988939 -0.0610131988939
-0.251794724751 0.74233661363 0.040792314088 0.040792314088
-1.03545786387 0.883486260384 0.0188410959769 0.0188410959769
-0.166797794394 1.51916203039 -0.0865488573501 -0.0865488573501
-0.154345208408 0.349579278957 0.11355473607 0.11355473607
0.0920814597807 1.27668313492 -0.0521374444278 -0.0521374444278
-0.417121210561 1.65016222385 -0.141928876754 -0.141928876754
-2.24172356253 -1.15241947718 0.698923378313 0.698923378313
2.96439201512 2.39249731224 0.880292882129 0.880292882129
