15.8110553891 16.5290521385 0.191862004307 0.18402748378
-1.39551765548 -0.0345914325864 -0.0824358014728 -0.0718658719778
-0.136932866387 -0.418311795213 0.0530595953978 0.0400379628756
-0.85611780932 -0.565031033997 -0.0401623161055 -0.0248575745586
-0.090007712228 -0.644865208138 0.0333915080673 0.0158836368426
-1.23918662125 -0.987044633781 -0.0296034251661 -0.00989472163643
-0.77089094659 0.467597263171 0.0275541800863 0.00556816886198
-1.2219449082 -0.392757010276 -0.0266928108554 -0.00226042978669
-0.792017064776 0.353178269111 0.0267929455727 -0.0003795313902
-1.18202367536 -0.317337167446 -0.0278360609479 0.00255977509992
-0.867281650789 0.268225967588 0.030014546963 -0.00441173932052
-0.165971705111 0.688360739866 -0.033871088518 0.0060228229432
-0.226978547983 0.943182207393 0.0408010826993 -0.00745369309225
-0.663699761931 0.113692709587 -0.0551788087816 0.00874807774278
-0.533610690308 0.812688951576 0.10057103451 -0.00993860635755
0.269839598572 -0.699799276303 0.752949634338 0.0110504570345
2.53267078668 -0.700483185529 -0.045005816863 -0.0121037324152
-0.530550471128 -0.739122224789 -0.00235290612956 0.0131150742864
1.63447262853 0.346058790916 0.766916709097 -0.014098813056
3.36066339434 -2.29179506178 0.0411877792966 0.015067833218
0.679219231809 -0.390256141029 -0.0209852400319 -0.016034272771
0.126691140947 -0.962725886653 0.0128560331288 0.0170101405852
0.93315842736 0.00308905951698 -0.00793733478551 -0.0180079198383
0.0357658475554 -1.02148485694 0.00431693861963 0.019041223005
0.990392187521 0.0412773837368 -0.00125169563525 -0.0201255737216
-0.0254750659785 -1.07411983929 -0.00168393503936 0.0212794160923
1.09933640444 0.14889102511 0.00485153580745 -0.0225255006388
-0.481215749307 -1.53477723486 -0.00870509191174 0.0238928848492
0.494095309697 -0.444351935201 0.0140210124619 -0.0254199493029
-0.553635559027 -1.62971940842 -0.022491516246 0.0271591392176
0.813145452202 -0.0824681450002 0.0389286805028 -0.0291847534313
0.178065922332 -0.997480027867 -0.0848887856097 0.0316063868883
0.216421181405 0.1201021088 0.733753152353 -0.0345935193438
-2.06335459135 0.394630520444 0.162155592327 0.0384238101889
-0.579311729125 0.740055638571 -0.0903837685239 -0.0435869220644
-1.47452833395 0.174157098972 0.0743772109703 0.0510360830892
0.263497041914 0.947385452792 -0.0745291957138 -0.0629089956628
-0.45674895142 0.843378199252 0.0895601531963 0.085200901599
0.879606650966 1.25850852718 -0.14288758019 -0.143630455072
0.106552530438 0.146774158862 0.736216750785 0.740865022728
