15.0392459302 3.55053394226 0.133660703662 0.140885425841
0.0333818652356 1.0142054893 -0.0484580492422 -0.0538003035115
-0.403683022068 0.607725860078 0.0236099778135 0.027992846759
-0.604263440289 0.388523532214 -0.0114181705334 -0.0155049531587
-0.432512025648 0.572116720309 0.00374934651591 0.00806738530174
-0.478461938618 0.546264005671 0.00193264934211 -0.00308071452521
-0.81976691224 1.33481147289 -0.00669332714727 -0.000533353403678
-0.79755808926 0.70875558924 0.0110913200269 0.0033029534943
-0.158417101484 1.26760650575 -0.01549316616 -0.00551751559194
-1.47918925728 0.74729333073 0.0202093030979 0.00734918847405
0.267413328712 1.24252697522 -0.0255800970958 -0.00890702442267
-0.228485804424 0.764864061442 0.0320675958146 0.0102637019769
-0.111445718565 1.22927001845 -0.0404084769391 -0.0114697687103
-0.995819914511 0.776473922485 0.0519479047796 0.0125617224591
1.31659650617 1.21485152336 -0.0695304364191 -0.013566842725
0.563669939693 -0.0247760239102 0.100517513152 0.014506214049
0.18015281036 1.04989726491 -0.171864103476 -0.0153966995947
-1.37619837776 -0.409195191956 0.526096779517 0.016252285216
1.90795103859 0.430993021766 0.534435359415 -0.0170850387073
0.20286988174 -1.12673238625 -0.18031213482 0.0179058342759
0.281411521995 -0.605108661408 0.109190426536 -0.0187249403165
0.543061162098 -0.544041545183 -0.0785563486163 0.0195525406985
0.464756017558 -0.394971139822 0.0614759421611 -0.0203992469357
1.00350980092 -0.649311258831 -0.0506199826888 0.0212766568857
1.06922150194 -0.299388102748 0.0431922322339 -0.0221980245161
0.926391567878 0.0364604996474 -0.037920287057 0.0231791274333
0.936365773902 0.17924380733 0.0341793003298 -0.0242394613449
-0.278133160131 1.13119230621 -0.0316850183369 0.025403968069
0.23624702012 0.914782890176 0.0303935117826 -0.0267056461297
-0.216194064394 1.0947874087 -0.0305216566421 0.0281896633176
-0.67140411422 -0.0212855894016 0.0327289668981 -0.0299201277681
-1.27962875805 0.276730446417 -0.0387333419561 0.0319918043258
-0.718384433744 0.745075658661 0.0537163098969 -0.0345516133786
-1.32089082488 -0.217584888298 -0.101250760686 0.0378410226694
-0.0191212200345 0.126351723502 0.777359423004 -0.0422876442392
4.90506709771 -3.39128181474 0.185470124563 0.0487287063762
1.27957139866 -0.126381577164 -0.110392435041 -0.059057919022
0.434741681647 -1.17270717117 0.105837927921 0.0786636250583
0.0208652092719 -0.935318980788 -0.14772945797 -0.131405960915
-0.0562662101118 -0.36658697838 0.824304632364 0.81377145957
