11.0 5.0 -5.69345140833e-18 -5.69345140833e-18
1.26668076321 1.13026370627 -0.0126987193734 -0.0126987193734
0.722924587224 -0.099976765602 0.0170394541689 0.0170394541689
1.29337438715 1.03543249049 -0.0192511077136 -0.0192511077136
0.676586348764 0.0971884528981 0.0206049999974 0.0206049999974
1.39812294627 -0.134471554387 -0.021528612988 -0.021528612988
-0.280606232544 1.01331501005 0.0222061391504 0.0222061391504
1.19151364478 0.0679479952877 -0.0227300593561 -0.0227300593561
-0.0925289438736 0.849876262216 0.0231519577695 0.0231519577695
0.964571213756 0.249978692747 -0.0235029277516 -0.0235029277516
0.239706864989 0.592642471511 0.023802875328 0.023802875328
-0.103219488724 1.18423069504 -0.0240651832856 -0.0240651832856
0.147354072637 0.97882394535 0.0242992296542 0.0242992296542
-0.773546733513 0.322666296098 -0.0245118320896 -0.0245118320896
-0.460676563811 0.511400433448 0.0247081193806 0.0247081193806
-0.263386095993 0.65192027019 -0.0248920813543 -0.0248920813543
-1.51489665003 0.129755825456 0.0250669307312 0.0250669307312
-0.102062223095 1.52174036945 -0.0252353516641 -0.0252353516641
-0.187693769136 0.608231067546 0.0253996788933 0.0253996788933
0.57002447254 1.00289348578 -0.0255620347504 -0.0255620347504
1.17964316143 -0.738481934149 0.0257244420801 0.0257244420801
0.471263539473 1.07641146067 -0.0258889263018 -0.0258889263018
0.254017615104 0.205715739153 0.026057617748 0.026057617748
0.995410428246 0.540940304929 -0.0262328654719 -0.0262328654719
-0.464570540943 0.929074275238 0.0264173759163 0.0264173759163
0.356839733232 1.17952110439 -0.026614394861 -0.026614394861
-0.285986683399 0.755426042687 0.0268279605161 0.0268279605161
0.0955791221817 1.32352998631 -0.0270632728502 -0.0270632728502
-1.56145214264 0.448427670532 0.0273272560562 0.0273272560562
-0.333000616963 0.33955247488 -0.0276294519257 -0.0276294519257
-0.401337068992 0.827609696269 0.0279835040757 0.0279835040757
-0.884907644933 -0.0725392715801 -0.0284097532263 -0.0284097532263
-1.18714326199 -0.0221932574349 0.0289400600007 0.0289400600007
-0.788472004087 0.0605147449815 -0.0296274663537 -0.0296274663537
-1.22289924754 -0.0809048659963 0.0305675057107 0.0305675057107
-0.770918607962 0.0931080246286 -0.0319516796148 -0.0319516796148
-1.23248605893 -0.100874152634 0.0342288041485 0.0342288041485
-0.766819929345 0.106102419214 -0.0387566747277 -0.0387566747277
-1.22539138375 -0.11018412167 0.0524666014946 0.0524666014946
0.285517196332 0.115128099488 0.99897290848 0.99897290848
