7.3585560242 10.7361791474 0.170671241135 0.170671241135
0.655266283287 -0.48881555417 -0.0664195490452 -0.0664195490452
0.381689963258 -0.928363790905 0.0364116612637 0.0364116612637
1.16136938329 -1.09578958484 -0.0220321765691 -0.0220321765691
0.926243879561 -0.932536017502 0.0135111817645 0.0135111817645
1.03308679089 -0.870625463459 -0.00781603967365 -0.00781603967365
0.991559266609 0.259121576195 0.00369747177368 0.00369747177368
0.991180600981 -0.202926076408 -0.000546336481484 -0.000546336481484
1.0223486402 0.175032507236 -0.0019701335544 -0.0019701335544
0.965643801018 -0.146668664132 0.00404939333283 0.00404939333283
1.04707558783 0.0889229961425 -0.00581629175274 -0.00581629175274
0.935176644924 0.525741932261 0.00735390687096 0.00735390687096
0.302984752822 1.27119043724 -0.00871994260917 -0.00871994260917
0.700785381618 0.77106227733 0.00995601446532 0.00995601446532
-0.0972364226491 1.20909775334 -0.0110931920473 -0.0110931920473
0.0582843031944 0.804064972334 0.0121554624364 0.0121554624364
-0.865388667787 1.18503019517 -0.0131619878464 -0.0131619878464
0.123228334817 0.825750442355 0.0141286409156 0.0141286409156
-0.543473695505 1.16171089184 -0.0150690985855 -0.0150690985855
-0.480780907936 0.855579421115 0.0159956665154 0.0159956665154
-0.539256138073 0.315003341908 -0.0169199461588 -0.0169199461588
-0.384507263952 0.954929083814 0.0178534244753 0.0178534244753
-1.08437803983 0.617999633886 -0.0188080512904 -0.0188080512904
-0.332306381858 0.360327383722 0.0197968669823 0.0197968669823
-0.719489132312 0.622464504041 -0.0208347527783 -0.0208347527783
-1.18310350303 0.440209451071 0.0219394003646 0.0219394003646
-0.842071755128 0.140148855241 -0.0231326444712 -0.0231326444712
-1.14755564499 -0.1729572425 0.024442387773 0.024442387773
-0.857475191717 0.177650384025 -0.0259055048771 -0.0259055048771
-1.13960997719 -0.174989472942 0.0275724106136 0.0275724106136
-0.863405066984 0.167504789669 -0.0295145698455 -0.0295145698455
-1.12957869683 -0.150565645725 0.0318374689753 0.0318374689753
-0.0960268643035 -0.718706353864 -0.0347043669559 -0.0347043669559
-0.923645608917 -1.21143660087 0.0383830031083 0.0383830031083
0.342775315062 -0.807496951672 -0.0433461714037 -0.0433461714037
-0.343673141685 -1.18068247821 0.0505159445871 0.0505159445871
0.467502697407 -0.83130814567 -0.0619657881195 -0.0619657881195
0.392591458066 -1.1502968136 0.0835374926753 0.0835374926753
0.678610465336 -0.897500135736 -0.140542709141 -0.140542709141
0.237002526304 -0.503056985145 0.764510213178 0.764510213178
