5.166725772 7.43548604954 0.109706139118 0.140885425841
0.919910227862 0.0996260918307 -0.0273733461627 -0.0538003035115
1.09984223882 -0.426114869369 0.00545547373175 0.027992846759
0.893179296871 -0.656060305747 0.00375318208414 -0.0155049531587
1.10893993964 0.318760284115 -0.00835629041879 0.00806738530174
0.891552391877 -0.260038837424 0.0108396737648 -0.00308071452521
1.1059616872 0.236543303297 -0.0122005806636 -0.000533353403678
0.898780100721 -0.217150733978 0.0129072517115 0.0033029534943
1.09273212607 0.172732841201 -0.0132033380317 -0.00551751559194
0.925041258435 0.490095185181 0.013224796147 0.00734918847405
0.177612315997 1.36453914739 -0.0130510320764 -0.00890702442267
-0.103938058038 0.645920891901 0.0127294894694 0.0102637019769
0.0375922221813 1.39747861016 -0.0122883126062 -0.0114697687103
0.431755093353 0.143621079373 0.0117431785631 0.0125617224591
1.27841514579 0.136825878768 -0.0111010552325 -0.013566842725
0.753729775826 0.705278660096 0.0103622063953 0.014506214049
1.27663658869 1.25422033937 -0.00952109192177 -0.0153966995947
0.431046336694 0.756892222106 0.00856646277624 0.016252285216
0.0644205512957 1.22739013285 -0.00748074049007 -0.0170850387073
-0.76207949686 0.807258906359 0.006238607016 0.0179058342759
-0.282639891184 1.08282736995 -0.00480455202652 -0.0187249403165
-0.716390333919 0.0277461744781 0.00312886497802 0.0195525406985
-0.233655195362 0.935241943804 -0.00114111169279 -0.0203992469357
-1.25756463747 0.0858713790167 -0.00126071614149 0.0212766568857
-0.812123226084 0.892187637291 0.00422893283279 -0.0221980245161
-1.16013947331 -0.679483533011 -0.00800015928886 0.0231791274333
-0.855652655611 0.642270424862 0.0129611320875 -0.0242394613449
-1.13307182486 -0.648831355967 -0.0197870253759 0.025403968069
-0.876519984479 0.683427002783 0.0297655748981 -0.0267056461297
-1.11417709754 -0.749624580486 -0.0456797646524 0.0281896633176
-0.895031530149 0.867147433121 0.0748161116512 -0.0299201277681
-1.10290900698 -1.09585877445 -0.144028140254 0.0319918043258
-0.731753072995 1.68025445428 0.495692127858 -0.0345516133786
1.24765679841 -5.80957078948 0.568084763906 0.0378410226694
1.54918573307 -2.46582543571 -0.218307588819 -0.0422876442392
0.681523972276 -0.0157562896604 0.153464945795 0.0487287063762
1.26664678873 -0.410650692437 -0.132927346992 -0.059057919022
0.74276848546 0.230913258044 0.135134846086 0.0786636250583
1.29279146529 -0.134784194916 -0.17659695436 -0.131405960915
0.0365325056101 0.0825270247905 0.850972053002 0.81377145957
