16.0 5.0 6.72862439167e-18 6.72862439167e-18
4.00338395806 0.86166550081 -0.0915924040904 -0.0915924040904
-1.48937179404 -0.509046805625 0.108168727803 0.108168727803
2.77938287088 -0.173994891929 -0.0930047642914 -0.0930047642914
-0.00758168143906 -0.912290391675 0.0615938384848 0.0615938384848
1.30882205701 1.29818592723 -0.02473802562 -0.02473802562
0.172548912503 1.07825809523 -0.00883371268776 -0.00883371268776
-0.550036284573 0.761472205818 0.0327359575025 0.0327359575025
0.699605389868 1.26870594647 -0.043532895711 -0.043532895711
-0.843147406949 0.786714544984 0.040993638597 0.040993638597
-0.916782729196 1.11751981205 -0.027787485742 -0.027787485742
-0.985540469657 0.972945276418 0.00864068647186 0.00864068647186
-0.0800311636642 0.981025393592 0.0108730445906 0.0108730445906
-0.620493928023 0.993399136846 -0.0256471788823 -0.0256471788823
-0.746771229646 1.12356851043 0.0321783640477 0.0321783640477
0.0416505000584 0.572460876034 -0.0292826634529 -0.0292826634529
-1.15529496904 0.0821810388911 0.0182473481505 0.0182473481505
0.0358358934425 1.00813094773 -0.00240118236081 -0.00240118236081
-0.703317569882 0.149404060059 -0.0137836690885 -0.0137836690885
-0.756211715421 0.510157985049 0.0258411668186 0.0258411668186
0.222399273991 0.892224237118 -0.0304408689144 -0.0304408689144
-1.63589073269 -0.209949402736 0.0262325057699 0.0262325057699
-0.74386256977 1.30618730906 -0.0142069965659 -0.0142069965659
-0.972251134206 1.04218338918 -0.00251385840185 -0.00251385840185
-0.419830613265 0.716732981935 0.0194158903943 0.0194158903943
-0.0496970172007 1.42389935448 -0.0316944674954 -0.0316944674954
-1.419436109 0.546722871792 0.0354696980658 0.0354696980658
0.705194489416 1.37298810652 -0.0288352382472 -0.0288352382472
-0.217634063877 0.808083032232 0.0124941783925 0.0124941783925
0.725178568177 -0.0307081975259 0.0101752137761 0.0101752137761
1.75189053857 0.189395050801 -0.033654482335 -0.033654482335
-0.0319223018474 -0.31449523816 0.0513138542459 0.0513138542459
2.05136274199 0.347244344388 -0.0567073208219 -0.0567073208219
0.228260317614 -0.265078197116 0.0448211313347 0.0448211313347
1.20606555142 0.0720607974373 -0.0129083110059 -0.0129083110059
1.57928635863 0.203354598449 -0.0395607975914 -0.0395607975914
-0.477014408394 -0.514049691105 0.112864080394 0.112864080394
3.36712923048 0.803478263417 -0.215846696917 -0.215846696917
-2.21179199197 -1.0166538658 0.43661117861 0.43661117861
3.18621826197 1.11046254177 0.950423728894 0.950423728894
