23.0 5.0 4.62592926927e-18 4.62592926927e-18
11.3610311381 2.91923259425 -0.186432046766 -0.186432046766
-3.50940041261 0.456992909563 0.0826804065155 0.0826804065155
-2.95463302998 0.678908056025 0.063801372214 0.063801372214
1.2622952941 1.32635800761 -0.0830804771504 -0.0830804771504
-1.0 1.0 9.25185853854e-18 9.25185853854e-18
-1.74173258264 0.943789876311 0.0576581590828 0.0576581590828
0.666291323494 0.904408916972 -0.0302439306962 -0.0302439306962
-0.218329764581 0.180029773862 -0.0258081840333 -0.0258081840333
-1.67963282466 0.0853701683952 0.0356806305678 0.0356806305678
-1.48029736617e-16 1.0 1.85037170771e-17 1.85037170771e-17
0.32521558088 1.3027713029 -0.0257343051351 -0.0257343051351
-1.58346572181 0.855847284159 0.0132975563707 0.0132975563707
-1.46250253674 0.884224458355 0.0109041189634 0.0109041189634
-0.394500247043 1.15248342416 -0.0140327823311 -0.0140327823311
-1.0 1.0 0.0 0.0
-1.37337878155 0.904356940586 0.00734449610025 0.00734449610025
-0.84134163692 1.0412480185 -0.00257411331011 -0.00257411331011
-0.933504532741 1.01929817374 -0.000641320771502 -0.000641320771502
-0.799016724703 1.02260434375 -0.00207678166632 -0.00207678166632
-4.4408920985e-16 1.0 1.38777878078e-17 1.38777878078e-17
-0.27339096827 0.419447371739 0.00842305429407 0.00842305429407
-1.28456110657 -0.0540495147339 -0.0072545801612 -0.0072545801612
-1.25281182697 0.629814576091 -0.00940123411164 -0.00940123411164
-0.425275962609 1.49138879594 0.0189012786869 0.0189012786869
1.25825276124e-15 1.0 1.61907524425e-17 1.61907524425e-17
-0.489180900685 0.013954177598 -0.0272351264252 -0.0272351264252
-1.10835766627 0.215369025456 0.0198324630106 0.0198324630106
-0.399589209724 0.958197279084 0.0232411407193 0.0232411407193
0.314252466727 0.661180908878 -0.0440106362211 -0.0440106362211
-1.0 -1.85037170771e-17 7.40148683083e-17 7.40148683083e-17
-1.38625894563 0.470449190683 0.0610207753354 0.0610207753354
0.691000379659 1.07677656515 -0.0451069068713 -0.0451069068713
0.0539926149631 0.333603159289 -0.0550078038253 -0.0550078038253
-2.5551849588 -0.167346762517 0.111904197971 0.111904197971
-5.55111512313e-17 1.0 5.55111512313e-17 5.55111512313e-17
2.38007709986 1.26206652343 -0.213810073642 -0.213810073642
-3.4440960897 -0.732661182561 0.233016796297 0.233016796297
-3.92526859224 -0.920143453946 0.935275549273 0.935275549273
11.9812591257 2.66402909128 0.756134974383 0.756134974383
