11.0 10.0 4.80096443081e-17 4.20084387696e-17
0.0744807996654 1.90958668452 -0.0300544182643 -0.0387739529946
-1.33745923314 -0.0135743175889 0.0383389109473 0.0512034122389
1.38294221588 2.07194939619 -0.0414808216119 -0.0557108302197
-1.99478050276 -0.101412109278 0.0424451762988 0.0562728570465
0.520296500064 2.13603789875 -0.0420154784211 -0.0543227039723
-0.272492972826 -0.482909128991 0.0404343275559 0.050565236266
1.9268480709 0.682871959235 -0.0377883484742 -0.0454420084493
0.230949211911 -0.612218966474 0.0341239755496 0.0392864535487
1.62192901057 0.466982700546 -0.0294873868086 -0.032384035739
0.526895979074 -0.201714518855 0.0239388286382 0.024997171394
1.323802932 1.30829882294 -0.0175569788676 -0.0173751995037
0.82186265704 -0.29429036999 0.0104388771038 0.00975735611871
1.04188901348 0.0625645439054 -0.00269755492352 -0.00237226171898
1.0751878455 0.111791340432 -0.00554178341712 -0.00456436229954
0.859014427052 -0.228602247975 0.014146744241 0.0108528231536
0.492030583541 -0.369364916084 -0.0229839520949 -0.0163128852412
-0.501231894726 -1.69197203345 0.0319269133383 0.0207871453423
0.545068197884 -0.211435045542 -0.040866606608 -0.024144110531
-0.577528662165 -1.87300856005 0.049727259799 0.0262808009946
0.590456499335 -0.064976292358 -0.0584932119943 -0.0271247442289
-0.582081515451 -1.96967227925 0.067262401582 0.0266352593538
0.554225041491 -0.0266996717717 -0.0763735702808 -0.0248039550539
-0.515684656031 -1.94182056652 0.0867820116007 0.0216543833936
0.515492842506 -0.132657312809 -0.101576704656 -0.0172408038475
0.805355818421 -1.72042307473 0.137079041925 0.0116460144956
-0.000271084888943 0.623104970782 0.997055080713 -0.00497819442303
-0.959219621388 10.0237006926 0.0263772075985 -0.00263333900444
-0.293818281024 1.8168825224 -0.0556817883786 0.0110436460451
0.442080712532 0.494195402325 0.0675507074006 -0.0200993350737
-0.608974342574 1.26683858004 -0.0757248737975 0.0296481758853
0.773475527508 0.968021258234 0.0842397558384 -0.0395528311575
-0.896634316219 0.787128001311 -0.0967259616151 0.0497124394316
0.664601328306 1.47644367121 0.120273905189 -0.0601009854277
-2.07074760438 0.228649922592 -0.177725059668 0.0708461268973
3.58549772949 2.06248105824 0.426585951388 -0.0824207239241
-4.82249140217 -2.94650941735 0.923912403231 0.0962176704529
-8.15376608573 -6.13146706109 -0.262967565935 -0.116907271432
0.269825206032 -0.727984621822 0.222627554094 0.170159050841
0.591622673956 0.542480383084 0.973718275027 0.990779592424
