8.75408174075 6.28736610755 0.207921470355 0.207921470355
-0.394295673476 0.924980012721 -0.081220662091 -0.081220662091
0.369460612834 1.07209709339 0.0462562962492 0.0462562962492
0.35473892236 0.24531786722 -0.0297293417643 -0.0297293417643
0.63005192274 0.685086260727 0.0200042663921 0.0200042663921
0.869517552299 0.368057116839 -0.0135325178809 -0.0135325178809
0.334901982718 1.19556688455 0.00886630947432 0.00886630947432
-1.39971750719 -0.0266522886958 -0.00530406383716 -0.00530406383716
-0.166169229055 1.42883805044 0.00246418344122 0.00246418344122
-0.783674229981 0.626824715541 -0.000120976971713 -0.000120976971713
-0.235276559223 1.36261667717 -0.00186789191914 -0.00186789191914
-0.769421230724 0.623470452158 0.00359693833325 0.00359693833325
1.06450417692 1.42950374441 -0.00513169147147 -0.00513169147147
-0.000417178002923 0.317018606474 0.00651933372428 0.00651933372428
1.39019783598 0.74939548992 -0.00779503700436 -0.00779503700436
0.654748030979 0.202117483616 0.00898591432305 0.00898591432305
1.33557688355 0.87841115728 -0.0101135908444 -0.0101135908444
0.654325443145 -0.331780348914 0.0111959488523 0.0111959488523
1.39060503807 0.375964375453 -0.0122483681938 -0.0122483681938
0.388235571242 -0.6142467104 0.0132846585128 0.0132846585128
0.691986970615 -0.283206958454 -0.0143178108629 -0.0143178108629
0.230380053818 -0.822451361405 0.01536065926 0.01536065926
-0.018150378322 -0.926892173329 -0.0164265252897 -0.0164265252897
-0.00612826487412 -1.15934507083 0.0175299156778 0.0175299156778
-0.0427187948343 -0.747232620377 -0.0186873528327 -0.0186873528327
-0.718239858942 -0.509616551069 0.0199184447783 0.0199184447783
-0.354267006218 -0.417859319057 -0.0212473519615 -0.0212473519615
-0.574182422757 -0.630070354369 0.0227049016372 0.0227049016372
-0.624445591003 -0.302153822051 -0.0243317716598 -0.0243317716598
-1.2869047621 -1.05446702851 0.0261834893497 0.0261834893497
-0.215592299273 -0.974840261811 -0.0283386319951 -0.0283386319951
0.224585796448 -0.88099498627 0.0309129573574 0.0309129573574
0.647074457925 -0.166811004272 -0.0340852022365 -0.0340852022365
0.476526564788 -1.38169502363 0.0381476349365 0.0381476349365
0.17238849254 -0.529267081455 -0.0436144035451 -0.0436144035451
-0.905851072782 -0.524895158908 0.0514829855417 0.0514829855417
-0.213523729775 -0.983163427037 -0.0639789813865 -0.0639789813865
-1.43820300475 -0.2141140813 0.0872911553302 0.0872911553302
-0.695866522958 0.166888290185 -0.14748433512 -0.14748433512
-0.734238959894 -0.17474588557 0.695666026473 0.695666026473
