19.0 7.0 5.35969736026e-17 5.35969736026e-17
5.5602495049 2.24635193552 -0.141135780989 -0.141135780989
-5.24937491741 -1.4312679227 0.129841883884 0.129841883884
0.504328668345 0.504330252359 -0.0534304078756 -0.0534304078756
-0.327521526102 0.22989366411 -0.0259875743926 -0.0259875743926
-2.6255256628 -0.604235438953 0.0663251854744 0.0663251854744
0.322482436107 0.685653403527 -0.0561007594754 -0.0561007594754
-1.30053753151 0.970747092887 0.0131614568064 0.0131614568064
-1.66628006641 0.906858592526 0.0301699355757 0.0301699355757
-0.013455488306 1.14305224745 -0.0472297991906 -0.0472297991906
-1.53435488039 0.91901326296 0.0312837744598 0.0312837744598
-0.098599952647 0.994043258803 0.00327474825967 0.00327474825967
0.922171676278 1.01830173317 -0.0321460307856 -0.0321460307856
-1.10712191903 1.06235643282 0.0370852084768 0.0370852084768
0.582301226271 0.879391988263 -0.0167455062139 -0.0167455062139
1.32345580983 0.0506476581006 -0.0137481176416 -0.0137481176416
-0.415946477646 0.510161762288 0.033502217209 0.033502217209
0.821405324458 0.981495283629 -0.0296411902139 -0.0296411902139
0.90397855165 -0.0528246674926 0.00540070788472 0.00540070788472
-0.178305498897 0.52305539721 0.0224047016561 0.0224047016561
0.810596749792 1.51367882873 -0.0346860899662 -0.0346860899662
0.863082512088 0.719553922902 0.0227915511371 0.0227915511371
0.95018525667 0.938999642987 0.00559002709689 0.00559002709689
1.30867045464 1.31234027613 -0.0312305600455 -0.0312305600455
0.653913717752 0.663923624339 0.0359566970367 0.0359566970367
1.10366859049 1.13312976654 -0.0150452122249 -0.0150452122249
0.378219637401 1.15822064823 -0.0187102602867 -0.0187102602867
-0.709829082274 0.654832988591 0.0423813444708 0.0423813444708
0.581493745127 1.29768557767 -0.0376620004492 -0.0376620004492
-0.0569297566891 0.969434972738 0.00394540578568 0.00394540578568
-0.503862148359 0.699377724088 0.0389187602131 0.0389187602131
0.48551449621 1.48945037538 -0.0610131988939 -0.0610131988939
-1.72816401707 0.60788649152 0.040792314088 0.040792314088
-1.30296504114 -0.038896222442 0.0188410959769 0.0188410959769
0.290992276909 0.286940630739 -0.0865488573501 -0.0865488573501
-2.56065437054 -0.370231053212 0.11355473607 0.11355473607
-0.362636859218 0.127423576918 -0.0521374444278 -0.0521374444278
0.397665821541 -0.412499636938 -0.141928876754 -0.141928876754
-4.64267713997 -2.09724959635 0.698923378313 0.698923378313
6.55140036272 2.533109456 0.880292882129 0.880292882129
