13.9690910242 7.9981788723 0.228394319123 0.228394319123
0.212237310574 -1.23203135501 -0.0887608147718 -0.0887608147718
0.682993213743 -0.756044965126 0.0512593452856 0.0512593452856
-0.348446473605 -1.28883229092 -0.0336839201125 -0.0336839201125
-0.110850941932 -0.334533489458 0.0233866599225 0.0233866599225
-1.45415051175 -0.0328036466536 -0.0165524236952 -0.0165524236952
-0.667069198251 0.0314388765619 0.0116338917405 0.0116338917405
-0.816853501645 0.435138267621 -0.00788410197502 -0.00788410197502
-0.230046084923 0.544913282276 0.00489785545886 0.00489785545886
-0.41581676594 0.793248976599 -0.00243598046027 -0.00243598046027
-0.13732974287 0.662123180611 0.000347875480408 0.000347875480408
-0.904188869208 0.295614648406 0.00146633425725 0.00146633425725
-0.07016410598 0.71629496277 -0.00307581770902 -0.00307581770902
-0.422194077449 0.865538615205 0.00453032886127 0.00453032886127
-0.320838354731 1.24298671147 -0.00586692218603 -0.00586692218603
-0.766484038704 0.239853790713 0.00711413563019 0.00711413563019
-0.0850599960367 0.879320898166 -0.00829470912487 -0.00829470912487
-0.0167622877494 0.988685210016 0.00942742743286 0.00942742743286
-0.541204152106 1.02824339296 -0.010528428379 -0.010528428379
-0.188212660337 1.01272553976 0.0116121843579 0.0116121843579
1.46050496072 0.582893240592 -0.0126922919665 -0.0126922919665
-0.140558006256 0.481376544924 0.0137821651972 0.0137821651972
0.480589450099 1.37314637765 -0.014895708922 -0.014895708922
0.922011217941 0.188255209489 0.0160480456724 0.0160480456724
1.11440376202 0.0890512812596 -0.0172563788722 -0.0172563788722
0.894845531581 -0.12279029873 0.0185411027431 0.0185411027431
1.04923372008 0.122799744678 -0.0199273215981 -0.0199273215981
0.218521221706 -1.06323774418 0.0214470371144 0.0214470371144
0.726116272448 -0.894527484412 -0.0231424380784 -0.0231424380784
-0.292902773076 -1.10816665729 0.0250710596276 0.0250710596276
0.201876323616 -0.898365651854 -0.0273142361881 -0.0273142361881
-0.121220222744 -1.09014117913 0.0299916458781 0.0299916458781
-0.791294288786 -0.162644415777 -0.0332878186546 -0.0332878186546
-0.735519158935 0.434542024433 0.0375039671711 0.0375039671711
-0.419172304952 0.464232555247 -0.0431687657929 -0.0431687657929
-1.08617817634 -0.00193294028455 0.0513046593655 0.0513046593655
-0.0916236260022 0.853779007057 -0.0641823695324 -0.0641823695324
-0.821762406297 0.195258745562 0.0880672546544 0.0880672546544
-0.272455125605 0.782639076533 -0.14891272833 -0.14891272833
-0.209520701966 0.229227631438 0.653308608648 0.653308608648
