15.8099177726 5.24680841923 0.106678401451 0.106678401451
-1.27311275485 0.000666364299193 -0.0386198285181 -0.0386198285181
-0.777621414263 -0.0780362747396 0.0178365494932 0.0178365494932
-0.854169155903 0.470784874293 -0.00767553570551 -0.00767553570551
-0.0166457473403 0.637310902645 0.00159110820153 0.00159110820153
-1.66142385611 -0.30995292882 0.00250208821776 0.00250208821776
-0.375629442415 1.01633501591 -0.00547555138759 -0.00547555138759
-1.65338059169 0.950531325826 0.00775818913588 0.00775818913588
-0.172903655563 1.01106550092 -0.00958585460569 -0.00958585460569
-0.592263112614 1.0820428515 0.0110991898635 0.0110991898635
1.09369481625 0.457733771741 -0.0123874688029 -0.0123874688029
-0.0625684889249 0.499576669173 0.0135102877648 0.0135102877648
1.07372938299 0.492996600032 -0.0145091551538 -0.0145091551538
0.663791759171 -0.228028531723 0.0154140807819 0.0154140807819
0.459043588724 1.08420292047 -0.0162475222392 -0.0162475222392
0.734539362989 -0.113878438074 0.0170268583187 0.0170268583187
1.10953281621 1.50989454765 -0.0177660060442 -0.0177660060442
-1.14630560136 0.09279883349 0.0184765236671 0.0184765236671
0.0128477032421 0.773701492499 -0.0191683993197 -0.0191683993197
-0.274762471816 0.985256331206 0.0198506480202 0.0198506480202
-0.526649607569 0.187539325482 -0.0205317974483 -0.0205317974483
-0.384083609011 0.9328026401 0.0212203202937 0.0212203202937
0.425390353412 1.06507242488 -0.0219250606741 -0.0219250606741
-0.499425412301 0.945920712322 0.0226557009985 0.0226557009985
0.984036449804 1.02945818061 -0.0234233233872 -0.0234233233872
0.711275087833 1.04007446805 0.0242411386667 0.0242411386667
1.36147090829 -0.635030292397 -0.0251254920612 -0.0251254920612
0.547325961211 -1.18168723913 0.026097320507 0.026097320507
0.323322654615 -0.865673666901 -0.027184357638 -0.027184357638
-0.359475533349 -1.10864255074 0.0284246127249 0.0284246127249
0.379842467997 -0.912103326094 -0.0298721081928 -0.0298721081928
-0.397580557339 -1.06501187812 0.0316068269117 0.0316068269117
0.423461503094 -0.972381811388 -0.0337530077361 -0.0337530077361
-1.25765799859 -0.168081232839 0.0365153267304 0.0365153267304
0.339344499774 -0.982956409553 -0.0402573720228 -0.0402573720228
-0.220498898693 -0.771434184516 0.0456940932212 0.0456940932212
1.6866804272 -0.139764938919 -0.0544530895758 -0.0544530895758
-0.128821093116 -1.37987652712 0.0712166405387 0.0712166405387
1.05374574928 -0.137951934649 -0.117232928949 -0.117232928949
-0.0362751314421 -0.0272993979339 0.865343171344 0.865343171344
