13.0 26.0 6.72862439167e-18 6.72862439167e-18
2.43666705997 4.33116748812 -0.0915924040904 -0.0915924040904
-1.31611947349 -5.46648296359 0.108168727803 0.108168727803
2.14518683053 2.23107034199 -0.0930047642914 -0.0930047642914
-0.869340155444 -2.74912154169 0.0615938384848 0.0615938384848
1.43588399041 0.791966949807 -0.02473802562 -0.02473802562
0.214952780035 -0.658698504029 -0.00883371268776 -0.00883371268776
-0.764723493053 -2.23010630146 0.0327359575025 0.0327359575025
1.47279779126 1.08961225206 -0.043532895711 -0.043532895711
0.107449130166 -1.47337833532 0.040993638597 0.040993638597
0.208873057043 -0.395985000555 -0.027787485742 -0.027787485742
-0.075309017983 -1.19913698579 0.00864068647186 0.00864068647186
-0.0924057631817 -1.25022787599 0.0108730445906 0.0108730445906
0.194563345642 -0.425896672983 -0.0256471788823 -0.0256471788823
-0.190876617255 -1.68090264828 0.0321783640477 0.0321783640477
0.0838782212742 -0.450655636244 -0.0292826634529 -0.0292826634529
0.0938276175658 -1.21628999366 0.0182473481505 0.0182473481505
1.01173247499 0.0574252370734 -0.00240118236081 -0.00240118236081
0.171903216154 -0.499838496463 -0.0137836690885 -0.0137836690885
0.510394128457 -1.76858582662 0.0258411668186 0.0258411668186
0.565542316825 -0.177065467368 -0.0304408689144 -0.0304408689144
-1.50877304932 -1.65786691893 0.0262325057699 0.0262325057699
0.449982519869 -0.674410725278 -0.0142069965659 -0.0142069965659
0.0728011112817 -0.952828892648 -0.00251385840185 -0.00251385840185
-1.20223921304 -0.646280215154 0.0194158903943 0.0194158903943
-0.580712547517 0.863330353394 -0.0316944674954 -0.0316944674954
-1.44811372654 -0.869877357228 0.0354696980658 0.0354696980658
-0.688235203863 0.631149045893 -0.0288352382472 -0.0288352382472
-1.07834507425 -0.21159022721 0.0124941783925 0.0124941783925
-0.152426561178 0.741777186069 0.0101752137761 0.0101752137761
-0.286300686221 1.05604270296 -0.033654482335 -0.033654482335
-1.40441152053 -0.913975442315 0.0513138542459 0.0513138542459
1.12826249025 2.67325755529 -0.0567073208219 -0.0567073208219
-0.793804600023 -0.200983724763 0.0448211313347 0.0448211313347
0.222864086634 1.3233563077 -0.0129083110059 -0.0129083110059
1.41540673018 1.94118989818 -0.0395607975914 -0.0395607975914
-0.20271775507 -1.95105190239 0.112864080394 0.112864080394
2.99277009255 3.42924847727 -0.215846696917 -0.215846696917
-1.75163832024 -4.60353680822 0.43661117861 0.43661117861
2.65257196892 5.3459988502 0.950423728894 0.950423728894
