10.8478584727 9.7982951396 0.106678401451 0.106678401451
0.541784103243 -0.284942951839 -0.0386198285181 -0.0386198285181
0.371971596307 -1.07315852191 0.0178365494932 0.0178365494932
1.10581374787 -0.552450129193 -0.00767553570551 -0.00767553570551
0.417533170879 -0.386795055669 0.00159110820153 0.00159110820153
0.518630663498 -0.624302167355 0.00250208821776 0.00250208821776
0.460200368774 -0.387441744615 -0.00547555138759 -0.00547555138759
0.670557345924 -0.543964252112 0.00775818913588 0.00775818913588
1.22786345613 0.678939524959 -0.00958585460569 -0.00958585460569
0.882416453784 0.369206848175 0.0110991898635 0.0110991898635
0.654792850246 0.552684817437 -0.0123874688029 -0.0123874688029
0.294758868241 1.01421392571 0.0135102877648 0.0135102877648
0.720752099107 1.05639537698 -0.0145091551538 -0.0145091551538
-0.523701327734 0.920371877233 0.0154140807819 0.0154140807819
0.51098944855 1.08663916204 -0.0162475222392 -0.0162475222392
-0.702475786393 0.91479539697 0.0170268583187 0.0170268583187
-0.403810546851 1.07748674533 -0.0177660060442 -0.0177660060442
-0.108394940261 0.93686962734 0.0184765236671 0.0184765236671
0.200639880168 1.03914711237 -0.0191683993197 -0.0191683993197
-0.936312680435 1.00388962409 0.0198506480202 0.0198506480202
-0.116748869021 0.889740691486 -0.0205317974483 -0.0205317974483
-0.87964430305 0.218018816167 0.0212203202937 0.0212203202937
-0.0666389852521 0.734537628007 -0.0219250606741 -0.0219250606741
-1.31481579469 0.297695996613 0.0226557009985 0.0226557009985
-0.765426040545 0.673958465561 -0.0234233233872 -0.0234233233872
-1.19181730853 0.358104125099 0.0242411386667 0.0242411386667
-0.846773615486 0.589307075257 -0.0251254920612 -0.0251254920612
-1.10370822659 -0.43984076682 0.026097320507 0.026097320507
-0.986452260788 0.424489472671 -0.027184357638 -0.027184357638
-0.674188743179 -0.639646193431 0.0284246127249 0.0284246127249
-0.294420750384 -0.862818289504 -0.0298721081928 -0.0298721081928
-0.734198160613 -1.17767172514 0.0316068269117 0.0316068269117
0.385276768502 -0.815780858487 -0.0337530077361 -0.0337530077361
-0.273377085519 -1.18207905637 0.0365153267304 0.0365153267304
0.169801685665 -0.823740442643 -0.0402573720228 -0.0402573720228
0.099068689841 -1.16774113278 0.0456940932212 0.0456940932212
0.918460762022 -0.844360510043 -0.0544530895758 -0.0544530895758
0.0227725202708 -1.13590753808 0.0712166405387 0.0712166405387
1.6073671922 -0.911355400697 -0.117232928949 -0.117232928949
-0.271622109903 -0.346008103707 0.865343171344 0.865343171344
