8.12397232582 10.6114296086 0.201694311663 0.196427185606
0.699400207039 -0.795808388599 -0.0767175346816 -0.0767873924899
1.35737315718 -0.6802693495 0.0379502602431 0.0433110255989
0.531290100697 -0.701964784708 -0.0163170684697 -0.027417012882
0.670435329042 -0.229668099028 0.000125631845881 0.0180431501637
0.255448592969 -0.801667372514 0.015076942826 -0.0117963803944
0.819284012001 -0.156909724161 -0.03292237148 0.00728804171908
0.963429883829 -0.0221583685418 0.060232840007 -0.00384386360595
0.817294348454 -0.265705984822 -0.123364330628 0.0010965859977
-0.420189061124 -0.773553688496 0.698479685092 0.00117123106561
-0.306943042555 2.16328400294 0.213143229571 -0.00309683339551
-0.771689391679 0.299066567825 -0.0910756701104 0.00477141765457
-0.166483659495 0.705815634042 0.0553857674405 -0.00625824903496
-0.300459157544 0.953573491525 -0.0374369088304 0.00760290352102
-0.430082235819 1.09013876064 0.026123787174 -0.00883937221386
-0.675781241879 0.915314326476 -0.0180183907584 0.00999387063136
-0.235521028648 1.03273799854 0.0117023317308 -0.0110873186909
-0.906695180424 0.200380697318 -0.00647471116671 0.0121370249293
0.593496413986 0.764354012774 0.00194303688701 -0.0131578846346
0.903341005782 -0.234760767281 0.00213548776257 0.0141632810944
1.22631011191 0.861948156616 -0.00592513704258 -0.0151658130615
0.448246812819 0.253551915982 0.00954759682231 0.0161779359465
0.605419143513 0.649979727993 -0.0131023924422 -0.0172125875436
0.325871934017 0.522830205574 0.0166803881989 0.0182838661723
-0.351728789588 1.04519901825 -0.0203748192264 -0.019407839113
-0.680768761435 0.0526013739285 0.0242930288716 0.0206035851193
0.279945273546 1.47152126787 -0.028572505691 -0.0218946247773
-1.18561206961 -0.320541793181 0.0334073631818 0.023310983729
-0.780664337725 0.300635948531 -0.0390986883748 -0.0248923013194
-1.24093216934 -0.252480324825 0.0461633522683 0.0266927144764
0.0902882846288 -0.629122944102 -0.0556064777457 -0.0287888749297
-0.168496689893 -1.24949421419 0.0697555618944 0.0312937745217
0.181038970315 -0.836007684665 -0.0957698712302 -0.0343820098619
-0.166311973609 -0.996445836133 0.17387534208 0.0383393454376
0.0119187429275 -0.435391208517 0.693544966648 -0.0436690990451
-1.40995399666 -1.46115688879 -0.0434222513209 0.0513493710978
-0.00821959590053 -0.0256064180592 -0.0161087685304 -0.0635679526583
-0.9920151451 -0.815212825954 0.0573782586321 0.0864338421908
0.328916173087 -0.615058534386 -0.127356784419 -0.145907342784
-0.341865603225 -0.826146745715 0.706717819 0.717912384993
