11.0 6.0 -1.08175576758e-16 -5.69345140833e-18
1.27121536445 0.193002134464 -0.00892260700907 -0.0126987193734
0.722171515908 -0.223805186354 0.0103264455282 0.0170394541689
1.28363568434 0.250201209178 -0.0101623077651 -0.0192511077136
0.708194723618 -0.275577536516 0.00953243965156 0.0206049999974
1.30700344698 0.305890092527 -0.00875534217572 -0.021528612988
0.658019237767 -0.366320145508 0.0079415237806 0.0222061391504
1.45526979592 1.14290986152 -0.00713157614434 -0.0227300593561
-0.962940051192 0.777534078938 0.0063391913315 0.0231519577695
-0.179254371502 1.22839762364 -0.00556683439131 -0.0235029277516
0.097971540213 0.828164228336 0.00481204382596 0.023802875328
-0.707346184961 0.501361310008 -0.00407010900349 -0.0240651832856
-1.12594117902 0.217420801101 0.00333521617406 0.0242992296542
-0.986395204705 1.61893065078 -0.00260089673332 -0.0245118320896
-0.430533823651 0.373058640597 0.0018601303639 0.0247081193806
0.128990056733 1.72559354653 -0.00110525469935 -0.0248920813543
0.423443411371 -0.3016360289 0.000327741019091 0.0250669307312
1.24765364116 1.09692513168 0.000482152997954 -0.0252353516641
0.924498591836 0.0835758094301 -0.00133587505699 0.0253996788933
0.559023324726 0.695608762696 0.00224726736859 -0.0255620347504
0.238702577819 0.869960744556 -0.00323354668292 0.0257244420801
0.928777215297 1.24423270421 0.0043167326421 -0.0258889263018
-0.106651894552 0.691661033156 -0.00552579138573 0.026057617748
1.35382101769 1.35858884247 0.00689996051775 -0.0262328654719
-1.0520498946 0.589520764036 -0.00849410259876 0.0264173759163
-0.592301962695 1.48701350346 0.0103877039492 -0.026614394861
-1.41808593273 0.267808299577 -0.0127007904299 0.0268279605161
-0.590265624334 0.310944136483 0.0156238678299 -0.0270632728502
-1.40114341443 -0.444878982514 -0.019478748487 0.0273272560562
-0.604805646291 0.666228013845 0.0248550249866 -0.0276294519257
-1.39309443028 0.551946922884 -0.0329602169127 0.0279835040757
-0.602851385462 0.110206903398 0.0467100499908 -0.0284097532263
-1.41521096097 -1.49971632651 -0.0753683064144 0.0289400600007
-0.504281805163 0.938608101411 0.172116708922 -0.0296274663537
-0.275081197442 -1.51777710789 0.993988710803 0.0305675057107
0.371468244021 -7.65093715548 -0.14037728835 -0.0319516796148
0.774396606511 0.5732979006 0.08129254804 0.0342288041485
1.2729276593 -0.143695492002 -0.0631707631292 -0.0387566747277
0.700001240489 -0.0147507295385 0.0649824130911 0.0524666014946
0.254383401166 0.0994772986714 0.993864535837 0.99897290848
