6.0 12.0 1.86230958969e-16 1.86230958969e-16
2.38171715238 2.31168660223 -0.117095666001 -0.117095666001
-0.0501580591317 -3.03703881116 0.124673597788 0.124673597788
1.59916518126 1.62572187427 -0.0831905697179 -0.0831905697179
0.838995131065 -0.432990555073 0.0246954827946 0.0246954827946
0.842520552591 -0.424013707296 0.0260332268769 0.0260332268769
1.30135866114 0.813394837046 -0.05304908531 -0.05304908531
0.722313136764 -0.748074712067 0.0517536905637 0.0517536905637
1.14441841318 0.383173168473 -0.0284433661724 -0.0284433661724
1.01680052129 0.042282072272 -0.00350038904346 -0.00350038904346
0.866989907003 -0.274715220895 0.0294315297035 0.0294315297035
1.16522201751 -0.0673262433425 -0.0391125095844 -0.0391125095844
0.882232386076 -1.32101336233 0.0301936517265 0.0301936517265
1.02948508829 0.197371918237 -0.00835676352864 -0.00835676352864
1.04833037434 0.320844120972 -0.0157072202943 -0.0157072202943
0.922543069361 -0.600137856395 0.0311138641579 0.0311138641579
1.05154067282 0.596270663059 -0.0313873510294 -0.0313873510294
0.996710126388 -0.332304080187 0.017007892689 0.017007892689
1.01659571092 -0.112141133378 0.00505412189747 0.00505412189747
0.311623155899 1.13152290883 -0.0245356027672 -0.0245356027672
-0.202961432666 0.648375559033 0.0324244237486 0.0324244237486
0.0913472594895 1.30447092436 -0.0249314969372 -0.0249314969372
-0.00681207143555 0.933612041103 0.00521959159441 0.00521959159441
0.0459877706121 0.769261041627 0.0178591228835 0.0178591228835
-0.610292599489 1.43525468259 -0.0335323702709 -0.0335323702709
-0.877460757593 0.561196629712 0.0338502434734 0.0338502434734
0.0982565267645 1.22471289269 -0.0174238634655 -0.0174238634655
-0.872484003918 1.121130917 -0.00946749559345 -0.00946749559345
-0.775251667554 0.556721269574 0.0350111207589 0.0350111207589
0.773758853106 1.58179689576 -0.0465526594556 -0.0465526594556
-0.648836762921 0.555993905236 0.0360949181722 0.0360949181722
-0.962311616228 1.05364741467 -0.00444658577425 -0.00444658577425
0.0400136742722 1.44402695437 -0.0377012559539 -0.0377012559539
-0.273521737074 0.173785925731 0.0723474118799 0.0723474118799
0.3429373723 1.87140650397 -0.0795037033267 -0.0795037033267
-0.184182445185 0.55557651425 0.0429748034991 0.0429748034991
-0.187216860331 0.554045408844 0.0471950504899 0.0471950504899
0.685425948659 2.64833752738 -0.205449889999 -0.205449889999
-1.18239744087 -2.03090066605 0.571916017471 0.571916017471
1.55308266188 3.22309969103 0.918860662701 0.918860662701
