13.0 16.0 2.16628882854e-17 3.52021934637e-17
0.693636812247 -0.388308227532 0.0104566938534 0.0123826178158
1.32994660939 0.392586689189 -0.0126579340147 -0.0164756780662
0.601298996674 -0.428529320515 0.0128354774213 0.0185347976164
0.366549594928 -0.688748822961 -0.0121926740293 -0.019786673058
0.656733800397 -1.35219810205 0.0111111736366 0.0206369581156
0.316947508521 -0.551962163414 -0.00973820004956 -0.0212587795628
0.717386999462 -0.31232612437 0.0081308787773 0.0217385179891
0.233030739759 -0.912648263737 -0.0063027220863 -0.0221241389519
0.851641176462 -1.12656945281 0.00424038900582 0.0224444563122
-0.0857101511969 -0.879662445243 -0.00190884396906 -0.0227178669031
-0.00888992440133 -1.09207411417 -0.000749623379676 0.0229567111664
0.0756582080527 -0.969342149935 0.00382136894843 -0.0231696199267
-0.284774149911 -0.801573777904 -0.00743357700244 0.0233628565914
-1.15851751576 0.207101572732 0.0117765235427 -0.0235411250866
-0.890975518589 -0.102485557693 -0.0171446846459 0.0237080785581
-1.10893479039 0.0263383508628 0.024016741075 -0.0238666534135
-0.868544776192 0.0563601211099 -0.0332242571761 0.0240192982475
-1.17579331745 -0.163070625049 0.0463486722409 -0.0241681384263
-0.746510441562 0.319293836368 -0.066811181319 0.024315101533
-1.40643704187 -0.590416850143 0.103643982144 -0.0244620203335
-0.029561460989 1.3796367152 -0.190986038689 0.024610725378
-0.732363008237 -0.938376700954 0.67402190747 -0.0247631373625
3.29341620733 5.92682351612 0.563382446184 0.024921369333
3.29592547506 5.04064172326 -0.214769342265 -0.0250878506979
0.144430099467 -1.61148154634 0.138054939593 0.0252654894082
0.938079766186 2.70951392607 -0.104183271318 -0.0254578969632
0.0186961231435 -0.397488058662 0.084984436053 0.0256697160196
1.14641104222 2.30146263519 -0.0725547160126 -0.0259071182813
-1.54744375091 -0.892291619354 0.0638139672503 0.0261785936118
0.316494647495 1.70895865949 -0.0573185926094 -0.0264962579393
-1.12518245794 -0.589366114016 0.0523100261362 0.0268781339259
-0.737619848132 1.50088842262 -0.0483636946 -0.0273523749998
-1.28590869867 -0.429434568574 0.0452439925499 0.0279656919041
-0.71037709719 1.36425694584 -0.0428489284253 -0.0288018377032
-1.28773023103 -0.281839754802 0.0412175658241 0.0300276478108
-0.716000549485 0.369874341455 -0.0406458398334 -0.0320304125295
-1.27904856648 -0.390223105667 0.0422183602178 0.035962395607
-0.731444358978 0.394609803699 -0.0515343796417 -0.0474746648521
-0.322418590456 -0.393295646981 1.00095847134 0.998972844211
