8.83667973105 7.47337689748 0.0152254867243 0.0677191564491
0.476573512181 -0.340974286584 0.023165588096 -0.0205767714385
1.47521828496 -0.676116196942 -0.0314351355696 0.00572843925721
0.56580764023 -0.0969504594158 0.0335915718337 0.00161068756522
1.39962722018 0.245536802235 -0.0337761326755 -0.00603075951334
0.630134624413 -0.705826937997 0.0331939607124 0.00901506873318
1.34348574017 -0.436902740796 -0.0322878422769 -0.0111884543258
0.680741833843 0.0959396200124 0.0312422064119 0.01286002633
1.29576056889 -0.0471269976222 -0.030138858156 -0.014200387383
0.73013510603 0.824023755932 0.0290142906705 0.0153115519148
1.22337381577 0.213754948723 -0.0278833970946 -0.0162584164421
-0.26933977145 0.8809275454 0.0267501079853 0.017084382077
0.249014084824 1.12031205975 -0.025612421203 -0.0178197244317
-0.239634028143 0.879309134509 0.0244648314081 0.0184863629584
0.259892586675 1.11799195497 -0.0232994647795 -0.0191007227477
-0.57941584178 0.890505944782 0.022106514794 0.0196755312526
-1.15126886872 1.08842010874 -0.0208742541247 -0.0202209948535
-0.239900538825 0.973567610257 0.019588738901 0.0207456028068
-0.699902833166 0.292049127018 -0.0182332310226 -0.0212567032451
-0.277120625285 0.673838891744 0.0167872984089 0.0217609403109
0.072411178038 1.16298673889 -0.0152254867243 -0.0222646109946
-0.950453893681 -0.0844408456605 0.013515367334 0.0227739839563
-0.102556595617 1.0880259075 -0.0116146255815 -0.0232956152925
-0.875409894605 -0.164477346896 0.00946660939534 0.0238366956316
-0.114964040146 1.54143984141 -0.00699330839077 -0.0244054689377
-0.964639803694 0.503758014159 0.00408385905333 0.0250117777799
0.550818427729 1.55022163296 -0.000574871178978 -0.0256678171606
-1.06132434772 -0.18132972254 -0.00378508925049 0.026389228818
-0.0916955067758 1.11073127805 0.00940395873105 -0.0271967596963
-0.824076206077 -0.105928905809 -0.016989484431 0.0281188830227
-1.13246472486 1.14988141491 0.0278833970946 -0.0291961290124
-0.810313336128 -0.302394458791 -0.0449651868125 0.0304886092009
-1.30551100227 0.359684114064 0.0756975271179 -0.0320898912846
-0.487222892704 -0.440752287615 -0.147035231418 0.0341545265232
-1.85087137301 0.61199938563 0.484602870063 -0.0369580053644
4.78439764052 -1.48833879933 0.674151238127 0.0410446328003
4.99178872057 -0.811968904047 -0.246958196554 -0.047662439055
-0.585026606477 0.120692127226 0.17892389588 0.060446073622
2.09447623411 0.0399316185979 -0.180458570661 -0.0963555810701
-0.683587855432 -0.125377584898 0.983463287344 0.91857400033
