4.70201543977 3.57647795494 0.278799745425 0.273012395655
1.06957427413 -0.281529148041 -0.110113829592 -0.102940936914
0.962005396573 0.958736341148 0.0689807553144 0.0606606364697
1.03526606585 -0.332360413929 -0.0505969938661 -0.041300276784
0.947205903949 0.342364620812 0.040236279923 0.0300884071665
1.1072369475 -0.392684267207 -0.0336049437309 -0.0226998874787
0.641970066342 0.639307930912 0.0289992640168 0.0174082445164
0.569766009249 0.153507405554 -0.0256112060323 -0.0133884177239
0.862888448771 0.40888280788 0.0230095358442 0.0101959980727
0.319497972974 0.4140951131 -0.0209438687102 -0.00757005040279
0.393928082606 0.866671976578 0.0192593392188 0.00534694729392
-0.343742026685 1.0894621966 -0.0178553722651 -0.00341854212292
0.598160859643 0.649169926127 0.0166641199134 0.00171015332771
0.790173688354 -0.0297525043446 -0.015638465432 -0.000168200188093
0.468014781751 0.762748901628 0.0147450230983 -0.00124712509743
0.489414645472 0.290099170948 -0.013959911236 0.00256640758375
0.512465853884 0.695636003804 0.0132661577208 -0.00381395791259
0.52524245831 0.282270162279 -0.0126521329882 0.005009804784
0.124282824453 1.04716976914 0.012110693032 -0.00617110440855
-0.0877295066012 0.947816324516 -0.0116388886841 0.00731319333622
0.0553158909355 1.02605599737 0.011238227617 -0.00845043076589
-0.667826019305 0.366452351134 -0.0109156107414 0.00959693297301
-0.404305587706 0.549445084872 0.0106852600962 -0.0107672815027
-1.23147077519 -0.16632283418 -0.0105723075265 0.0119772818135
-0.81832210626 0.0879497505476 0.0106194360926 -0.0132448586502
-1.1637143736 -0.0238860863857 -0.010899596048 0.0145912014372
-0.844087499605 -0.0736136806595 0.0115418538834 -0.0160423258745
-1.15338015868 0.398976383156 -0.0127885991397 0.0176313146545
-0.844938307231 -0.122800990755 0.0151379568894 -0.0194016774433
-1.16206836301 -0.251429959392 -0.0197636231311 0.0214126044127
-0.820441296071 -0.498470716328 0.0301281416908 -0.0237475456071
-1.23146730639 -0.0513608043884 -0.0621929082843 0.0265289176978
-0.108228056087 -0.616119346683 0.622396446093 -0.029944788121
0.948813057305 -5.09987381498 0.115332393004 0.0343007605832
1.0754179146 0.797137472206 -0.0695126022314 -0.0401300788866
0.906480117755 -1.02714309344 0.0620750823328 0.0484557648053
1.11055080487 0.109212490888 -0.0674372012344 -0.061523025433
0.864758694643 -0.260804396487 0.0867069811691 0.085406169138
1.19279613299 -0.358480872508 -0.142448654397 -0.144251201178
0.411757738274 -0.315636157252 0.538689432731 0.542746281692
