13.0 25.0 -5.69345140833e-18 -5.69345140833e-18
0.315667186879 -0.343677911547 -0.0126987193734 -0.0126987193734
0.657776874178 -1.64108916107 0.0170394541689 0.0170394541689
0.389811323957 -0.400914521796 -0.0192511077136 -0.0192511077136
0.531249118687 -0.691952939741 0.0206049999974 0.0206049999974
0.618545423407 -0.16625301891 -0.021528612988 -0.021528612988
-0.636894513078 -1.83377955815 0.0222061391504 0.0222061391504
1.46842923591 0.631393982561 -0.0227300593561 -0.0227300593561
-0.348805053161 -1.42884468002 0.0231519577695 0.0231519577695
1.21594541601 -0.469236805767 -0.0235029277516 -0.0235029277516
-0.015791085319 -1.55111444265 0.023802875328 0.023802875328
0.16598287407 -0.443257552607 -0.0240651832856 -0.0240651832856
-0.152983476756 -1.57785025952 0.0242992296542 0.0242992296542
-0.388655987382 0.0366454204751 -0.0245118320896 -0.0245118320896
-1.43839056112 0.414008559242 0.0247081193806 0.0247081193806
-0.591272223677 0.819669929518 -0.0248920813543 -0.0248920813543
-1.40078132367 -0.0183944010051 0.0250669307312 0.0250669307312
-0.601273875542 1.26317668451 -0.0252353516641 -0.0252353516641
-1.39583722644 -0.921361221536 0.0253996788933 0.0253996788933
-0.625907854255 0.885162060162 -0.0255620347504 -0.0255620347504
-1.10496168603 -1.19283914457 0.0257244420801 0.0257244420801
1.15354443588 -0.48522047157 -0.0258889263018 -0.0258889263018
0.163677554271 -1.54175796845 0.026057617748 0.026057617748
0.566075036409 -0.472329307217 -0.0262328654719 -0.0262328654719
0.925081941718 -1.48897313908 0.0264173759163 0.0264173759163
1.14587258509 -0.59368146146 -0.026614394861 -0.026614394861
0.870735241473 -1.11907213934 0.0268279605161 0.0268279605161
0.924048134263 0.325482213949 -0.0270632728502 -0.0270632728502
-0.201243841644 -1.46511353375 0.0273272560562 0.0273272560562
1.54491754345 0.583830920352 -0.0276294519257 -0.0276294519257
0.535653652149 -1.70528759865 0.0279835040757 0.0279835040757
1.43454585726 0.906584747209 -0.0284097532263 -0.0284097532263
0.586204897552 -0.704095771763 0.0289400600007 0.0289400600007
1.3542154724 1.92289812879 -0.0296274663537 -0.0296274663537
-0.664677629553 0.154407405615 0.0305675057107 0.0305675057107
-0.519296606135 1.82094290471 -0.0319516796148 -0.0319516796148
-0.390695087702 0.158621166704 0.0342288041485 0.0342288041485
-0.666479538274 0.725992839903 -0.0387566747277 -0.0387566747277
-0.288548564797 0.333976007229 0.0524666014946 0.0524666014946
0.32605479104 0.632278398222 0.99897290848 0.99897290848
