20.0916806694 21.0115101206 0.0878094067108 0.0878094067108
-0.57556090802 -1.64182091789 -0.0299737243302 -0.0299737243302
0.64271106816 -0.364976020902 0.0120390973011 0.0120390973011
-0.957844896468 -1.6349478038 -0.00322348195754 -0.00322348195754
-0.18093936891 -0.36178563984 -0.00207029023193 -0.00207029023193
-0.239570890274 -1.64407509675 0.00563791865112 0.00563791865112
0.30034011507 -0.347359362514 -0.0082327891933 -0.0082327891933
-0.307604970463 -1.66465560392 0.0102266236483 0.0102266236483
-0.603903516602 0.570679925461 -0.011824197472 -0.011824197472
-0.217847954866 -1.70771139493 0.0131477865421 0.0131477865421
-0.0350459884409 -0.248223864372 -0.0142750899139 -0.0142750899139
-0.983487773461 -1.84751600468 0.0152580228411 0.0152580228411
-0.0178883262351 0.311405633174 -0.0161327714552 -0.0161327714552
-0.979818239949 -1.25582898922 0.0169255156343 0.0169255156343
-0.0045682997703 0.256580560831 -0.0176558596291 -0.0176558596291
-1.73702853447 -1.28966698634 0.0183389840367 0.0183389840367
-0.3395356269 -0.502920252081 -0.0189870538115 -0.0189870538115
-1.62145612366 -0.490294441122 0.0196101795032 0.0196101795032
-0.402806711733 0.553135600892 -0.0202171052344 -0.0202171052344
-1.5803439037 -0.637245511045 0.0208157301381 0.0208157301381
-0.432269638545 1.03468272335 -0.0214135333118 -0.0214135333118
-1.55766946002 0.56443016204 0.0220179527486 0.0220179527486
-0.451004141794 1.54357344542 -0.0226367598356 -0.0226367598356
-1.54021371711 -0.358010991337 0.0232784701722 0.0232784701722
0.415177440402 1.39818818181 -0.0239528384101 -0.0239528384101
-1.46013034319 0.527583629352 0.0246715016407 0.0246715016407
0.850700873661 1.50775537863 -0.0254488679072 -0.0254488679072
0.561642756853 0.457858186063 0.0263034048467 0.0263034048467
1.47253041989 1.60852522115 -0.0272595910423 -0.0272595910423
0.523196436508 -0.108113061265 0.0283509973236 0.0283509973236
1.47189673839 0.371596590541 -0.0296253730734 -0.0296253730734
0.540101487346 -0.411748082021 0.0311534737046 0.0311534737046
1.43658103369 -0.477457975752 -0.0330453170173 -0.0330453170173
0.6166538792 -0.371445413696 0.0354823822929 0.0354823822929
1.16546982265 0.161686571906 -0.0387875907689 -0.0387875907689
-0.272349227338 -1.27265594731 0.04359740178 0.04359740178
1.72838419657 0.727963843059 -0.0513657886783 -0.0513657886783
0.335610522494 -0.654344559359 0.0663005423375 0.0663005423375
1.67416501132 0.625913469107 -0.107755572169 -0.107755572169
-0.439065020815 -0.606931989869 0.891807092478 0.891807092478
