22.1781108415 18.3812085246 0.106001683542 0.124357347884
-1.97755738915 -0.389620240889 -0.029767045133 -0.0465496018039
0.224855492769 0.0436868317895 0.00786419581582 0.0231456066618
-1.09823183995 -1.09643845553 0.00206693094328 -0.0117629979388
-0.546713145883 0.672270504908 -0.00744274777526 0.00496572276495
-0.761996135556 -1.28065760658 0.0105981365132 -0.000400801248046
-0.275733658182 0.153094582894 -0.0124952323953 -0.00291140082762
-1.69513737484 -1.07710561465 0.0135972052882 0.00545183133335
-0.283721549189 0.0183008501265 -0.0141491011439 -0.00748450148936
-1.81222060446 -0.963636463168 0.0142869559155 0.00916663895575
1.0517072526 -0.096847632015 -0.0140857540086 -0.0105979426602
0.569968222072 -0.818753173985 0.013582024474 0.0118449118346
0.481063612076 -0.376753640575 -0.0127843772433 -0.0129538288559
-0.491583378429 -1.53045913288 0.0116772604741 0.0139581330042
0.49663243809 -0.530866943143 -0.0102197973909 -0.014882832681
-0.494687502297 -1.41484075645 0.00833958039905 0.0157472685935
0.484896100108 -0.641507636463 -0.00591936169379 -0.0165669188244
-0.45808238934 -1.2907214507 0.00277141020937 0.0173546290927
0.33501045541 -0.811810981753 0.00141257344024 -0.0181214915743
-1.60449405205 -0.875214747288 -0.00716554152902 0.0188775093762
-0.432536155378 0.202529817073 0.0154835360609 -0.0196321364047
-1.58056362739 0.49652265706 -0.0284536878409 0.0203947569906
0.279764420118 1.09521293805 0.0512887674164 -0.0211751580107
-1.2456032238 0.343921760834 -0.101625882037 0.0219840448252
0.402569957418 0.150940257134 0.300774231433 -0.0228336607254
-0.329172601517 2.87198326628 0.750506483048 0.0237385902642
-0.114838836155 4.64033355296 -0.208643015238 -0.0247168663876
-1.51767281641 -1.88000354585 0.13460792119 0.0257915733995
-0.595992439296 2.08554329363 -0.105671472197 -0.0269932704425
-1.21653874933 -0.83377487198 0.090635950024 0.0283638121667
0.0955689162357 1.90148344272 -0.0818124248751 -0.0299626444076
-0.798894860882 0.263050012637 0.0764442944705 0.0318777083108
1.82193386105 1.19834581692 -0.0733772518109 -0.0342454716833
0.346211619458 -0.857557783158 0.0721649191961 0.0372904836761
1.55326188463 0.782786964157 -0.0728218278482 -0.0414109999446
0.565388691777 -0.826980186062 0.0758935989375 0.0473884122849
1.09484893727 -0.469674558878 -0.0829999406908 -0.0569957016241
-0.0277055011051 -1.51053905316 0.0991083211959 0.0753047087293
0.482301257561 -0.56218600835 -0.146871780439 -0.125042434478
-1.18952251251 -0.697179483852 0.859327920877 0.839300801651
