8.0 17.0 0.0 4.20084387696e-17
1.69212762603 0.467778255828 -0.0324605086322 -0.0387739529946
-0.597299480759 -2.46910577608 0.0388523469282 0.0512034122389
1.34199685792 0.456679759171 -0.0378255404228 -0.0557108302197
0.636679872364 -2.43429350671 0.033574848139 0.0562728570465
0.822647131743 0.412808313045 -0.0277390572986 -0.0543227039723
-0.21218833888 -2.42697738199 0.0212138200499 0.050565236266
1.91560429997 0.732310101106 -0.0146156339204 -0.0454420084493
-0.0992613899356 -1.30706691826 0.00843771335518 0.0392864535487
0.702457934743 -0.0616303001532 -0.00311337385652 -0.032384035739
0.597077810311 -0.609859402336 -0.000951925742156 0.024997171394
0.167540480035 -0.675258991204 0.00335721649077 -0.0173751995037
1.01230722956 -0.084156444246 -0.00367882092994 0.00975735611871
1.00802843308 0.0343045713651 0.00142648369157 -0.00237226171898
1.02470779691 0.0849657916778 0.00403959742214 -0.00456436229954
0.927221734528 -0.273470320416 -0.0136823816212 0.0108528231536
1.12616543525 1.22349919481 0.0291926209262 -0.0163128852412
0.819323174683 -0.136186417295 -0.0540807789761 0.0207871453423
1.23315413032 1.0245911695 0.0973482000164 -0.024144110531
0.728719605633 -0.205416829423 -0.191453543449 0.0262808009946
1.09771860671 -0.937297603148 0.609686302388 -0.0271247442289
-1.40548773196 1.02159751964 0.755063832092 0.0266352593538
-1.3355429473 2.00824734377 -0.235350779509 -0.0248039550539
0.00771186812416 0.640652705905 0.128712206228 0.0216543833936
-1.1916535902 1.22635365404 -0.0764345176915 -0.0172408038475
-0.929374927798 0.86316587018 0.0417886830614 0.0116460144956
-1.02544451773 1.05339516501 -0.0151472751223 -0.00497819442303
-1.02130714856 1.02454293728 -0.00699797147496 -0.00263333900444
-0.0310072707129 0.935081158359 0.0261485634138 0.0110436460451
-0.80680789231 0.330511804642 -0.0430020342443 -0.0200993350737
-0.454840139189 0.285624594294 0.0578996865844 0.0296481758853
-0.147121974016 1.71373396401 -0.0710273842456 -0.0395528311575
-1.8092746742 0.19339227051 0.0825259985791 0.0497124394316
0.287544295263 1.91664102295 -0.0925751656895 -0.0601009854277
-1.01642165709 -0.0287618834975 0.101496238714 0.0708461268973
-0.194360480241 2.13684294341 -0.109956635406 -0.0824207239241
-0.633265077606 -0.23803384593 0.119551023519 0.0962176704529
-0.504088956059 2.33357086834 -0.135161123394 -0.116907271432
-0.375665851858 -0.445543525712 0.182677440041 0.170159050841
0.533571615133 1.32087627568 0.984423792149 0.990779592424
