9.90476190476 10.380952381 3.38353683695e-16 0.0238095238095
-1.41466603469 0.092639968693 0.0228518795933 0.000583000741789
-0.541258507147 1.03667144256 -0.0302157460613 -0.00851511321389
-0.275931009746 0.954644595695 0.0342282960646 0.0124814417139
0.270245513443 1.075813645 -0.0371093046154 -0.0148849997004
-0.124483591362 0.788591003597 0.0395551202301 0.016514152402
1.47911842963 -0.19764195306 -0.0418630564993 -0.0177038481231
0.575931365948 0.417115688553 0.0442008627572 0.0186207139904
1.40728799358 0.797991408491 -0.0466970408121 -0.0193570800385
0.594427404718 -0.257185237783 0.049484109907 0.0199683222892
1.43206533154 0.122888369644 -0.0527337684286 -0.0204897520254
0.228780339495 0.322651511199 0.0567061035751 0.020945030949
-0.43267404597 1.34434583724 -0.0618456221929 -0.0213506929179
-0.848462143031 0.722076586816 0.0690100373093 0.0217187267508
0.667407256085 1.24285890856 -0.0801313649743 -0.0220581292269
-1.32328605028 0.789190410656 0.100724023936 0.0223758819255
0.193488138141 1.17291575576 -0.155554579496 -0.0226775920543
-0.435575883402 0.282657424058 0.962393825687 0.0229679311678
3.00926465912 -5.32709737754 0.110485951789 -0.0232509501987
1.00411372592 -0.923274401786 -0.0264137315846 0.0235303192108
1.09523809524 0.619047619048 2.00897499694e-16 -0.0238095238095
-0.160678194631 -1.57430230851 0.0138051257907 0.0240920413768
0.201006980938 -0.457327814576 -0.023031576466 -0.0243815164194
1.01982536393 -1.53297443443 0.0303342025874 0.0246819541514
0.823723634497 -0.466719756088 -0.0369800063865 -0.0249979549275
0.106956745485 -1.53487660716 0.0438499606279 0.0253350203546
0.925297211763 -0.484170613969 -0.0518864260812 -0.0256999774643
0.0489721086595 -1.3037106901 0.0625648743238 0.0261015956663
0.980950147378 0.603956216022 -0.0789470662991 -0.0265515234665
-0.0273449402667 -2.2316826315 0.109270209787 0.0270657716102
1.12671576157 0.432422426166 -0.185899342682 -0.0276671686087
-0.630919189425 -2.83414474687 0.653717554531 0.0283896371375
0.4609452655 7.8583489608 0.582669945992 -0.0292861021864
0.135537987053 4.17672337315 -0.331975797872 0.0304442366887
1.14357822364 -1.3924987526 0.901456925913 -0.0320209154583
-2.23085475276 0.745821167284 0.295376064425 0.0343277335849
-0.83134773146 -0.461246958373 -0.124631913161 -0.0380848797746
-1.31008572702 0.302758034085 0.0935839668628 0.0454189056865
-0.678939599225 -0.203211649543 -0.100258224991 -0.0665749720287
-0.426275044744 0.137078437941 0.999429336437 0.972371702816
