6.87938390281 2.80619037223 0.267079151744 0.267079151744
-0.671269364225 1.03627143098 -0.101301933709 -0.101301933709
-0.0859819641968 0.997607200549 0.0595721531703 0.0595721531703
-0.497388521051 0.990947984347 -0.0403942127617 -0.0403942127617
-0.28859427279 1.01232558798 0.0292678884858 0.0292678884858
0.109814054211 0.988552286155 -0.0219276669492 -0.0219276669492
-0.0703603647812 1.00782887797 0.0166666666667 0.0166666666667
0.0711476151088 0.998126439505 -0.0126679130261 -0.0126679130261
-0.122241840135 0.993361379421 0.00949087181034 0.00949087181034
0.542792546647 1.01869405693 -0.00687667264161 -0.00687667264161
0.241994050101 0.962931029792 0.00466287960054 0.00466287960054
0.309761522691 1.07176270915 -0.00274207774332 -0.00274207774332
1.25920196588 0.796437593581 0.00104005788533 0.00104005788533
0.812916098144 0.00918760670834 0.000496442849726 0.000496442849726
1.14572529083 -0.0692751553037 -0.00190701080049 -0.00190701080049
0.905482544939 0.15099142259 0.00322207200394 0.00322207200394
0.258635858325 -1.0572216301 -0.00446581987385 -0.00446581987385
0.24779799582 -0.00516231124981 0.00565819464627 0.00565819464627
1.34159990149 0.392619382477 -0.00681628437024 -0.00681628437024
0.71133472879 -0.118024415196 0.00795537211166 0.00795537211166
1.27599638093 -0.125334678568 -0.00908977447025 -0.00908977447025
0.715802745055 -0.643483102525 0.0102335734564 0.0102335734564
0.662622859873 -0.575297342416 -0.0114013230358 -0.0114013230358
0.281090647251 -1.23257928366 0.0126088068597 0.0126088068597
0.111460589175 -0.828924471095 -0.0138739334323 -0.0138739334323
-0.166259246284 -1.1340253064 0.0152178821383 0.0152178821383
0.194567176332 -0.896698176911 -0.0166666666667 -0.0166666666667
-0.223528868286 -1.06832757143 0.0182533794948 0.0182533794948
-0.386391893709 -0.328948887006 -0.0200215590721 -0.0200215590721
-0.675953064632 -0.599840290772 0.0220304570344 0.0220304570344
-0.930707667168 0.193204949613 -0.0243636441934 -0.0243636441934
-1.11587895021 -0.11988286533 0.0271437713289 0.0271437713289
-0.226917878733 0.714585881619 -0.0305593696177 -0.0305593696177
-0.760739467784 0.354442186999 0.0349170062543 0.0349170062543
-0.214508263095 0.582215698687 -0.0407520817339 -0.0407520817339
-0.849037352866 0.802109640854 0.0490930049501 0.0490930049501
0.0728005215901 1.18419551861 -0.0622008467928 -0.0622008467928
-0.654902296953 0.808696776508 0.0862109156586 0.0862109156586
-0.118284352714 1.23819686887 -0.145661355304 -0.145661355304
-0.0929833663642 0.358209272506 0.55953626471 0.55953626471
