11.688697498 6.66683335627 0.303071429211 0.253528245596
-0.427371453644 -0.745049936641 -0.132906222444 -0.0972277052062
-0.366672502092 -0.409756264488 0.084734432972 0.0568707554508
-1.42183194804 0.200185816312 -0.0611101712812 -0.0381832805864
-0.681557281641 -0.1771432463 0.0468807560836 0.0273006000043
-1.02375926699 0.410402359266 -0.037308894455 -0.0201045923773
-0.0919800937732 0.505094910028 0.0304055935964 0.014938850827
-1.65047559315 0.716867042554 -0.0251825177542 -0.0110079649705
0.0641742948457 1.17263152176 0.0210917786484 0.00788204810983
-0.406328660753 0.900542770367 -0.017805792969 -0.00530805636917
0.833685266505 0.693003551231 0.0151180952711 0.00312699806864
0.107842940193 0.36743359559 -0.0128941123159 -0.00123362118673
1.22829590112 0.271705581888 0.0110450462407 -0.000444856853241
0.743666425103 0.368198630234 -0.0095135265164 0.00196071841475
1.26432953436 0.363336678419 0.00826589223984 -0.00335285140064
0.744405058069 0.178979232063 -0.00728877112738 0.00465116805928
1.11493067933 0.864088158741 0.00658913596956 -0.0058794722508
-1.0177776504 0.0799182985491 -0.00619816551029 0.00705739997234
-0.594690215659 1.13016508715 0.00618065950013 -0.00820179436092
-0.124607813104 0.72737092211 -0.00665440104442 0.00932773491512
0.120275184248 1.36176245675 0.00783000134899 -0.0104493630842
0.217144085216 0.265205367291 -0.0100983110913 0.0115806044334
1.36413584412 -0.417044150084 0.0142443069167 -0.0127358675023
0.700387151074 -0.676578883244 -0.0220635675244 0.0139307950635
0.721440529074 -0.805874730502 0.0386589337052 -0.0151831534647
-0.797939372368 -1.29445296362 -0.0861649691859 0.0165139730644
-0.104324011432 -0.183163630021 0.615568602488 -0.01794910604
-0.233346379493 -1.7858073058 0.197018721157 0.0195214652043
0.743756516559 -0.715191392082 -0.107026150942 -0.0212743859428
0.915741900467 -1.2992470428 0.0845420314913 0.0232668903173
1.1507144572 -0.685637519837 -0.0769055068228 -0.0255822969855
0.747576204192 -0.681048350828 0.0757484100555 0.0283430064848
0.100211194975 -0.562536991137 -0.0790137215557 -0.0317373847287
-0.149707205706 -1.50050385963 0.0867957448336 0.0360721736123
-0.939792014686 -0.200993308345 -0.101103004031 -0.0418840857716
-1.00518259038 -0.400333047641 0.128281756224 0.0502067057904
-1.09976132354 0.546355930384 -0.194117683676 -0.0633211134767
-0.281488114584 -0.710322303776 0.720814187507 0.0874558427301
-1.35339742495 8.95051321254 0.0442817534711 -0.147849742307
-1.83390250694 3.75146975761 0.515153738558 0.59502989116
