19.0 8.0 6.49886648561e-17 3.52021934637e-17
-1.46607784863 -1.20270484703 0.0142975224991 0.0123826178158
-0.552074264722 0.252075838358 -0.0202945435868 -0.0164756780662
-1.43066314235 -0.210782723627 0.0242703034641 0.0185347976164
-0.585206781467 1.33496692534 -0.0274757579593 -0.019786673058
-1.4043397701 0.682278211594 0.0303427091376 0.0206369581156
-0.562573836343 1.31925448005 -0.0330737844338 -0.0212587795628
-0.0876340927801 0.673779232408 0.0357900730731 0.0217385179891
1.26510772218 1.33660432669 -0.0385819699621 -0.0221241389519
-0.528588865027 0.648420271098 0.0415320243389 0.0224444563122
0.595517796881 1.37986154185 -0.0447290235953 -0.0227178669031
0.789022269607 0.490519949658 0.0482806759057 0.0229567111664
1.24355869447 -0.06369289808 -0.0523294744234 -0.0231696199267
0.748979990713 -1.2461437804 0.0570770690855 0.0233628565914
1.28234474894 0.729274989052 -0.0628265546453 -0.0235411250866
0.470439212622 -0.97035359501 0.0700629068417 0.0237080785581
0.235701197068 -0.268525648563 -0.0796209651725 -0.0238666534135
1.31301761664 -0.254701401044 0.0930786179465 0.0240192982475
0.65237091928 0.102412169091 -0.113830617367 -0.0241681384263
1.49697181098 -1.8689707044 0.150777313229 0.024315101533
0.210500162037 0.359419316807 -0.237136553011 -0.0244620203335
2.26525862789 -1.12331911705 0.692818546466 0.024610725378
-6.75510934044 3.52825807415 0.547026036071 -0.0247631373625
-5.67223146727 3.08554715269 -0.172073903582 0.024921369333
2.19813675081 0.374846747864 0.0921208246026 -0.0250878506979
-1.42313771107 1.29117551742 -0.0569126594151 0.0252654894082
1.05351437711 0.857277558105 0.036844724215 -0.0254578969632
-0.772387937531 1.06210795289 -0.0236958367022 0.0256697160196
-0.0233705706682 0.9792297269 0.0142701711614 -0.0259071182813
-1.02268401518 1.03230849273 -0.00706139451436 0.0261785936118
0.0933428405817 0.353203586513 0.00126034368032 -0.0264962579393
-1.82929246752 -0.248565399699 0.00361478924645 0.0268781339259
-0.314867384078 0.284381558325 -0.00788094916029 -0.0273523749998
-0.877065663466 -1.03874540408 0.0117746268398 0.0279656919041
0.745085318468 -0.856712300417 -0.015509991949 -0.0288018377032
-0.717026093606 -1.17751577434 0.0193470429578 0.0300276478108
1.52551116794 -0.798659722581 -0.0237420056158 -0.0320304125295
0.45159964418 -1.23259552147 0.0298998971981 0.035962395607
1.54377757466 0.157794878754 -0.0435135445387 -0.0474746648521
-0.472500361538 -0.192034050791 0.997022823869 0.998972844211
