12.4444648595 7.98188371664 0.0877989267312 0.124357347884
0.594435841101 -1.49688721919 -0.0130310762114 -0.0465496018039
1.38770390514 -0.182806926821 -0.00813210893989 0.0231456066618
0.636693462446 -0.795581422323 0.0177755913591 -0.0117629979388
1.33493364342 -0.190748666504 -0.0231683549996 0.00496572276495
0.703584348234 -0.847306356888 0.026562129647 -0.000400801248046
1.2013484339 0.936361570679 -0.028871449128 -0.00291140082762
-0.329558000863 0.954195177813 0.0305333373814 0.00545183133335
0.265119058154 1.08250097406 -0.0317809299258 -0.00748450148936
-0.17493783956 0.899737358389 0.0327489447433 0.00916663895575
-0.501868477562 1.10961018762 -0.0335201012384 -0.0105979426602
-0.480241591026 0.885834477771 0.0341476537124 0.0118449118346
-0.725532764785 1.115485661 -0.0346671886784 -0.0129538288559
-0.964132920924 0.885707083629 0.0351031813797 0.0139581330042
0.00371724911966 1.11093783871 -0.0354728163809 -0.014882832681
-1.50243813382 0.894189213164 0.0357882958672 0.0157472685935
-0.601002555397 1.1009753511 -0.0360582672183 -0.0165669188244
-0.518084250714 0.882191652382 0.0362887093129 0.0173546290927
-0.646914532966 0.00829113886141 -0.0364834634932 -0.0181214915743
-1.31515772908 0.0723646411279 0.0366445081173 0.0188775093762
-0.715292808342 -0.517150484608 -0.0367720201579 -0.0196321364047
-1.25387219999 -0.541468521723 0.0368642239996 0.0203947569906
-0.7823646186 0.211559063497 -0.0369169823816 -0.0211751580107
-1.1671492361 -0.033307337306 0.0369230218671 0.0219840448252
-0.925861996844 0.928862325121 -0.0368705803536 -0.0228336607254
-0.711396962416 0.0624496212144 0.0367410674284 0.0237385902642
-0.269407182853 1.36260078667 -0.0365049296763 -0.0247168663876
-0.751695214908 0.762108522433 0.0361140465697 0.0257915733995
1.23335931865 0.405205248017 -0.0354869507285 -0.0269932704425
0.781893198483 -0.272708021662 0.0344779480334 0.0283638121667
1.14600569308 0.206943963921 -0.0328061829761 -0.0299626444076
0.980852278991 -0.111310059982 0.0298703185565 0.0318777083108
0.429094737121 -0.425174576523 -0.0241654856658 -0.0342454716833
0.631133618392 -0.609803288247 0.0108088916879 0.0372904836761
0.115820690518 -0.424460582341 0.0377678066622 -0.0414109999446
0.720770560595 -0.406926804393 0.902776757969 0.0473884122849
4.57724878442 0.364439876021 -0.157210907209 -0.0569957016241
-0.0975539925467 -0.347864324257 0.137205771346 0.0753047087293
1.83711659607 0.342033163144 -0.173178378044 -0.125042434478
-0.420620502078 -0.341687424494 0.88028470061 0.839300801651
