10.5596626278 6.41454812431 0.146027265936 0.124357347884
0.74058958789 -0.635349054318 -0.0673063435349 -0.0465496018039
1.26669771841 -0.361045205818 0.0430210867571 0.0231456066618
0.738729398282 -0.626800162292 -0.0307770634337 -0.0117629979388
1.24862519121 -0.428224540979 0.0231271775267 0.00496572276495
0.775314361293 0.899708252262 -0.0177078491787 -0.000400801248046
1.1451459265 1.05681253029 0.0135287543506 -0.00291140082762
-0.293035676431 0.941664742762 -0.0100976227365 0.00545183133335
0.259912489356 1.05979982822 0.00713787588058 -0.00748450148936
-0.242075366483 0.939613683192 -0.00447771930604 0.00916663895575
0.231503095218 1.0641283764 0.0019998880828 -0.0105979426602
-0.244655642758 0.907754444873 0.000384083071624 0.0118449118346
-0.714417543387 0.155656869396 -0.00274889993151 -0.0129538288559
0.0189714143314 1.09391899506 0.00516603460617 0.0139581330042
-0.376632179554 0.899183219523 -0.00771317561818 -0.014882832681
-0.75136543627 1.16931748955 0.0104854190939 0.0157472685935
1.09005445212 0.105416945318 -0.0136119307809 -0.0165669188244
0.829653987787 0.981761444909 0.0172850582257 0.0173546290927
1.19678469831 0.726367940093 -0.0218177620595 -0.0181214915743
0.56944883988 0.341131558143 0.0277710624756 0.0188775093762
0.27329527537 0.65567162879 -0.0362799600558 -0.0196321364047
1.40938135225 -0.158692481909 0.0500691720296 0.0203947569906
0.471545685965 0.000988080784927 -0.0777979188234 -0.0211751580107
1.88727638005 0.18768959328 0.169817413114 0.0219840448252
-2.76386239903 -0.798088328958 0.806504515055 -0.0228336607254
-6.96749382004 -2.38265153227 -0.112210738722 0.0237385902642
0.527639764321 1.14654091708 0.056586426391 -0.0247168663876
-1.29685386845 0.794430263849 -0.0351591076741 0.0257915733995
0.0939363186361 0.378353395009 0.0232261176827 -0.0269932704425
-0.920485886835 0.700112261842 -0.0151607871251 0.0283638121667
-0.412662226067 -0.0518049793465 0.0089388270318 -0.0299626444076
-1.52131102783 0.49284149865 -0.00360307541261 0.0318777083108
-0.569639997124 0.0963133639924 -0.00142707366476 -0.0342454716833
-0.754224481471 -1.41883501579 0.00662704516001 0.0372904836761
0.589697486075 -0.759523322966 -0.0125477747795 -0.0414109999446
0.506996663718 -1.01631550352 0.0200691524455 0.0473884122849
1.46353052759 -0.0413701706742 -0.0310308030858 -0.0569957016241
0.544543118067 -0.982360833545 0.0505515282554 0.0753047087293
1.48357394504 0.512579641414 -0.101392641512 -0.125042434478
-0.178901136741 -0.444222680018 0.816672003838 0.839300801651
