7.0 18.0 -1.34572487833e-17 6.72862439167e-18
1.96528566511 3.57563024916 -0.12166220586 -0.0915924040904
0.341948119432 -2.9705815334 0.153805732252 0.108168727803
1.39526091673 2.09501133891 -0.139263311542 -0.0930047642914
0.805780731768 -1.03112855872 0.0961003673762 0.0615938384848
1.05920610231 1.50201528798 -0.0399268130531 -0.02473802562
1.01615598845 0.230847430746 -0.0146730884277 -0.00883371268776
0.954208767168 -0.742041149803 0.0557506215444 0.0327359575025
1.04690265234 0.891347503173 -0.0758003259007 -0.043532895711
0.964633032857 -0.732442351063 0.0728247431454 0.040993638597
1.02168212715 0.318424853948 -0.0502831325417 -0.027787485742
0.992141761564 -1.18216128505 0.0159075783372 0.00864068647186
0.983830306328 -0.354125237507 0.0203468862066 0.0108730445906
1.08862538619 0.762638881799 -0.0487526422456 -0.0256471788823
0.497489305505 -1.28640674186 0.0621086528347 0.0321783640477
-0.197045531639 -0.521060502858 -0.0573764258833 -0.0292826634529
0.0886677850721 -1.30919121833 0.0362948577921 0.0182473481505
-0.00894624694454 -0.961384498446 -0.00484911436325 -0.00240118236081
-0.0189797867196 -0.818016081994 -0.0282715087345 -0.0137836690885
-0.474568660277 -0.80397832378 0.0538631294855 0.0258411668186
-1.47786752176 0.75739845048 -0.064533827683 -0.0304408689144
-0.424374609683 -0.752363776649 0.0566245312981 0.0262325057699
-0.0815026748517 -0.882637138355 -0.0312711461874 -0.0142069965659
-0.0324706155397 -0.985753555544 -0.00565334014856 -0.00251385840185
1.03157408719 -0.352312441231 0.0447261646769 0.0194158903943
0.239096387234 -0.133304915976 -0.0750444694912 -0.0316944674954
0.344575711006 -1.31741705991 0.0867259578998 0.0354696980658
1.12119118599 0.508507807594 -0.0732817838739 -0.0288352382472
0.994506200874 -1.31041231426 0.0333152396135 0.0124941783925
1.01746388455 -0.333790255197 0.0288758447409 0.0101752137761
0.884061351366 0.953772864385 -0.104026990679 -0.033654482335
1.2661561552 -1.40896158629 0.180089719443 0.0513138542459
0.58774410619 1.75554304011 -0.246647627594 -0.0567073208219
1.43522917298 -0.0512064612949 0.311806168971 0.0448211313347
-0.366797456244 0.249418434596 0.982988184987 -0.0129083110059
-7.56799423294 2.38950805813 0.0998139527152 -0.0395607975914
-4.10643737691 0.122279045279 -0.0392804532096 0.112864080394
1.23972773366 2.59644807387 -0.0889534827851 -0.215846696917
-2.7145457774 -3.16195481229 0.350497269439 0.43661117861
1.84596162428 3.66353744936 0.991328511686 0.950423728894
