10.1711753697 3.89882671272 0.207921470355 0.207921470355
-0.576930859939 1.03175764094 -0.081220662091 -0.081220662091
-0.956789682682 0.956013765902 0.0462562962492 0.0462562962492
-0.206476207777 1.10978509312 -0.0297293417643 -0.0297293417643
-0.182691217661 0.579257816669 0.0200042663921 0.0200042663921
-0.735693940659 0.492291604008 -0.0135325178809 -0.0135325178809
0.285723082986 1.05754441941 0.00886630947432 0.00886630947432
-1.10962352529 0.122755642544 -0.00530406383716 -0.00530406383716
0.517757298045 1.27819188495 0.00246418344122 0.00246418344122
-1.15775095246 0.092462088427 -0.000120976971713 -0.000120976971713
0.333243060423 1.06715397417 -0.00186789191914 -0.00186789191914
-0.344409731177 0.94713688732 0.00359693833325 0.00359693833325
0.355139859885 1.01624691139 -0.00513169147147 -0.00513169147147
-0.398463279434 1.06061798395 0.00651933372428 0.00651933372428
0.812646725694 0.470858190248 -0.00779503700436 -0.00779503700436
0.851810873451 0.570067791462 0.00898591432305 0.00898591432305
1.18575455516 0.183375138436 -0.0101135908444 -0.0101135908444
0.812061395871 -0.101119794203 0.0111959488523 0.0111959488523
1.17092638874 0.0442485129226 -0.0122483681938 -0.0122483681938
0.883704142948 0.0396363957233 0.0132846585128 0.0132846585128
0.724093242807 -0.462968862686 -0.0143178108629 -0.0143178108629
-0.312631716481 -1.07275612685 0.01536065926 0.01536065926
1.23740999627 -0.204841261997 -0.0164265252897 -0.0164265252897
0.770885910406 -0.744231353823 0.0175299156778 0.0175299156778
1.19575934239 0.307564250618 -0.0186873528327 -0.0186873528327
0.875274370776 -0.359476604942 0.0199184447783 0.0199184447783
0.731496989186 -0.978789883456 -0.0212473519615 -0.0212473519615
0.297386039872 -1.00625502776 0.0227049016372 0.0227049016372
0.556441393034 -1.06570973174 -0.0243317716598 -0.0243317716598
-0.774475532846 -0.550382566415 0.0261834893497 0.0261834893497
-0.826435233608 -0.484205692577 -0.0283386319951 -0.0283386319951
-1.19361109433 0.475278900273 0.0309129573574 0.0309129573574
-0.82186373034 0.0979179722437 -0.0340852022365 -0.0340852022365
-1.13322479417 -0.0323831223232 0.0381476349365 0.0381476349365
-0.155192406455 0.731625624331 -0.0436144035451 -0.0436144035451
-0.766226946295 0.35262031497 0.0514829855417 0.0514829855417
-0.302071133033 0.579918321558 -0.0639789813865 -0.0639789813865
-0.532481964422 0.573756557849 0.0872911553302 0.0872911553302
0.395232535858 1.33564705403 -0.14748433512 -0.14748433512
-0.356123907513 0.175468238959 0.695666026473 0.695666026473
