6.59403122229 7.08667653046 0.26673683713 0.253528245596
-0.733308144689 0.986964795837 -0.111054349401 -0.0972277052062
-0.0941103003597 0.946406756586 0.071291454139 0.0568707554508
1.03030674723 0.217007658906 -0.0531823923108 -0.0381832805864
0.988140719464 0.767539142427 0.0428700232852 0.0273006000043
1.05262766561 0.216543379805 -0.0362433555305 -0.0201045923773
0.397318986935 0.842669238797 0.031653063356 0.014938850827
-0.0938788710622 0.862761395542 -0.0283111252886 -0.0110079649705
-0.401770692355 1.20193789807 0.0257957410952 0.00788204810983
-1.29142699068 0.753620332721 -0.0238631194065 -0.00530805636917
-0.417871334467 1.30472254016 0.0223652951049 0.00312699806864
0.200997489746 0.534239137993 -0.0212106552349 -0.00123362118673
0.632528863367 0.680335304676 0.0203438833482 -0.000444856853241
0.499698147769 0.166018054944 -0.0197358273768 0.00196071841475
1.26715420588 0.0841517947151 0.0193792914705 -0.00335285140064
0.791690968965 -0.164990450929 -0.019289394269 0.00465116805928
1.17531121893 0.248651266078 0.0195089804436 -0.0058794722508
0.850493270184 -0.772911647914 -0.0201218995487 0.00705739997234
0.236980353613 -0.918024042643 0.0212817105497 -0.00820179436092
-0.123074729476 -1.14721395381 -0.0232758418396 0.00932773491512
-0.0532297507533 -0.809681313681 0.0266844621642 -0.0104493630842
-0.769702128699 -1.24751010749 -0.0328447898473 0.0115806044334
-0.356369477046 -0.0246095456757 0.0456204897824 -0.0127358675023
-1.516548579 -0.145154531761 -0.0825042120361 0.0139307950635
0.259368851273 0.173460870436 0.668712817127 -0.0151831534647
2.19183926827 -1.27798583717 0.107626565843 0.0165139730644
0.878432133725 -0.131613923263 -0.0514496311068 -0.01794910604
0.288151789336 -1.13212866829 0.0355353209671 0.0195214652043
1.10240611081 -0.285296256464 -0.0287569689505 -0.0212743859428
0.240505403316 -0.919592530237 0.0256465865798 0.0232668903173
0.730004491407 -0.910141281308 -0.0245314897796 -0.0255822969855
-1.07963012881 -1.18505486511 0.0248013413435 0.0283430064848
-0.848150098526 -0.468073740293 -0.0262842470649 -0.0317373847287
-1.15407074393 -0.0109680088056 0.0290889834881 0.0360721736123
-0.849345465329 0.0727299225885 -0.0336342764695 -0.0418840857716
-1.14562488161 -0.0942127507148 0.0408788485965 0.0502067057904
-0.861715989749 0.0811057448353 -0.0530538214335 -0.0633211134767
-1.12445176569 0.358985643245 0.076352943633 0.0874558427301
-0.916344547863 0.683872103469 -0.135989921564 -0.147849742307
-0.680811563883 0.271315667391 0.58247302384 0.59502989116
