8.0 8.0 0.0 0.0
2.68415121619 1.81498661827 -0.102859012948 -0.102859012948
-0.347969305589 -1.39050088001 0.113895064445 0.113895064445
1.8757967394 0.842687531274 -0.0857067666516 -0.0857067666516
0.608913749579 -0.322254209154 0.0419933981273 0.0419933981273
1.0 -5.55111512313e-17 -1.38777878078e-17 -1.38777878078e-17
1.23224398417 -0.69349892587 -0.0286941013192 -0.0286941013192
0.705220669319 -0.78668922547 0.0392619469173 0.0392619469173
1.22768373536 0.376848510877 -0.0334456179925 -0.0334456179925
0.896656513407 -0.0401361600192 0.0176607693 0.0176607693
1.0 1.0 -1.38777878078e-17 -1.38777878078e-17
1.02168881081 0.44401398555 -0.012801984516 -0.012801984516
1.07584442585 -0.537749033919 0.0174194959284 0.0174194959284
0.602838730057 0.675221726264 -0.0144154849845 -0.0144154849845
0.0240070999796 0.968061807593 0.00718920978687 0.00718920978687
1.0 1.0 0.0 0.0
0.4285228176 1.03162567268 -0.00403012898267 -0.00403012898267
-0.955192981841 0.983280515328 0.00411084549591 0.00411084549591
-0.680263238716 0.969659558855 -0.00175271055308 -0.00175271055308
0.17895958098 1.06308576691 -0.00036070686957 -0.00036070686957
-1.11022302463e-16 1.0 -3.46944695195e-18 -3.46944695195e-18
-0.990331274973 0.0813659898033 0.00328016025086 0.00328016025086
-0.347456441089 0.486638618766 -0.00775546406325 -0.00775546406325
-0.219080634367 1.20748987829 0.0103061766742 0.0103061766742
-1.07419752584 0.930374879734 -0.00803445448003 -0.00803445448003
5.55111512313e-17 1.0 -5.20417042793e-18 -5.20417042793e-18
0.292056786462 1.0194918071 0.011758306767 0.011758306767
-0.920953768724 0.981346183283 -0.0224978420236 -0.0224978420236
-0.591274983061 1.03828337909 0.0264103082049 0.0264103082049
-0.0314594602497 0.887296783189 -0.0191041533913 -0.0191041533913
-1.0 -8.32667268469e-17 -6.93889390391e-18 -6.93889390391e-18
-0.406661856374 0.579747022208 0.0263548237615 0.0263548237615
0.495442049798 1.55833090136 -0.0507080734663 -0.0507080734663
-0.471479358408 0.418283056326 0.061275016431 0.061275016431
0.299067055634 1.41580061962 -0.0469306162593 -0.0469306162593
2.22044604925e-16 1.0 1.12757025938e-17 1.12757025938e-17
0.307420021162 -0.336282955435 0.0837179274327 0.0837179274327
2.26481661582 0.955631053478 -0.214872847973 -0.214872847973
-0.950040231309 -1.51482975128 0.503967456424 0.503967456424
1.76503045896 1.89238927532 0.935369060527 0.935369060527
