18.0 8.0 0.0 0.0
11.6075362283 5.76772932684 -0.208264988505 -0.208264988505
-2.44249065418e-16 1.0 0.0 0.0
-3.90331712913 -0.709205637057 0.120710678119 0.120710678119
-1.30514544126e-17 1.0 0.0 0.0
2.36315956 2.1249029584 -0.0815925843564 -0.0815925843564
3.10862446895e-16 1.0 -8.881784197e-17 -8.881784197e-17
-2.03039296657 -0.23430070929 0.0585424783056 0.0585424783056
-1.0 -3.5527136788e-16 0.0 0.0
0.272553719893 0.762583752639 -0.0427040342732 -0.0427040342732
-8.881784197e-17 1.0 0.0 0.0
-0.288548269453 0.964224378883 0.030640039407 0.030640039407
-2.11176968422e-17 1.0 0.0 0.0
-0.321215741467 0.981765659776 -0.0207106781187 -0.0207106781187
-1.0 1.0 0.0 0.0
-0.709437550656 1.1535895662 0.012003937954 0.012003937954
-8.881784197e-17 1.0 0.0 0.0
-0.289110714748 0.363469896498 -0.00393508534123 -0.00393508534123
-1.0 -8.881784197e-17 0.0 0.0
-0.759851798167 0.42648731969 -0.00393508534123 -0.00393508534123
0.0 1.0 0.0 0.0
0.186757789985 1.07953293545 0.012003937954 0.012003937954
-5.3290705182e-16 1.0 0.0 0.0
-0.245220224808 1.08633082815 -0.0207106781187 -0.0207106781187
-1.0 1.0 0.0 0.0
-1.7103731555 0.773263182046 0.030640039407 0.030640039407
-1.0 1.0 0.0 0.0
0.329085601511 1.41084190566 -0.0427040342732 -0.0427040342732
2.11176968422e-17 1.0 0.0 0.0
-1.36978942373 0.0538581645878 0.0585424783056 0.0585424783056
-1.0 1.7763568394e-16 0.0 0.0
0.53295335212 0.813435718326 -0.0815925843564 -0.0815925843564
0.0 1.0 0.0 0.0
-1.82730521909 0.557827576128 0.120710678119 0.120710678119
-1.0 1.0 0.0 0.0
1.36222395516 1.88988507986 -0.208264988505 -0.208264988505
1.30514544126e-17 1.0 0.0 0.0
-3.41221304369 -0.96493345237 0.635310236809 0.635310236809
-3.5527136788e-16 0.0 1.0 1.0
11.21250503 4.69871154958 0.635310236809 0.635310236809
