16.0 6.0 2.16201325848e-16 2.16201325848e-16
10.9479199539 4.62730035429 -0.217285719563 -0.217285719563
0.89372387573 1.30024820013 -0.0259835809839 -0.0259835809839
-4.05596242676 -0.301816080098 0.131120357848 0.131120357848
-1.82181179327 0.675656071506 0.0352538503838 0.0352538503838
1.20312158669 1.81334121449 -0.0918272163877 -0.0918272163877
0.617941648146 1.35137104624 -0.0401952990971 -0.0401952990971
-0.915375186517 0.397282531283 0.0684382411206 0.0684382411206
0.0809545085512 0.606499746553 0.0433929463529 0.0433929463529
1.93978577706 1.50261914686 -0.0522643316833 -0.0522643316833
1.2768440483 1.49023815162 -0.045728580249 -0.045728580249
-1.12380112632 0.467879352146 0.0398882640476 0.0398882640476
-1.82363917386 -0.169493344097 0.0475896345297 0.0475896345297
-0.370924826752 0.240416098826 -0.0296651319808 -0.0296651319808
0.498038274584 0.875162140613 -0.0491779843751 -0.0491779843751
-0.276006214784 0.97922742798 0.0206732247631 0.0206732247631
-0.734748478444 0.877659011614 0.0506150097582 0.0506150097582
0.185577627401 1.03897220156 -0.0123169976045 -0.0123169976045
0.79861342447 1.18812246671 -0.051985373439 -0.051985373439
-0.0643892302184 0.983754518032 0.00414503370385 0.00414503370385
-0.834635720216 0.779710503248 0.053359330669 0.053359330669
-0.0668854541256 0.981792743806 0.00425535595474 0.00425535595474
0.865110570227 1.24051426851 -0.0548078860276 -0.0548078860276
0.211664781198 1.05962952485 -0.0133450729976 -0.0133450729976
-0.901109264417 0.744690160075 0.0564183032986 0.0564183032986
-0.383648760943 0.891646528727 0.0237432954652 0.0237432954652
0.962474649286 1.26741171997 -0.0583177864349 -0.0583177864349
0.627553754562 1.16725851305 -0.0364232186977 -0.0364232186977
-1.16331500244 0.721682204655 0.060721061365 0.060721061365
-1.60006401595 0.757714665424 0.0531478511229 0.0531478511229
-0.100414128371 1.28917930848 -0.0640468616055 -0.0640468616055
0.60535356319 1.34541238624 -0.0776463020008 -0.0776463020008
-0.648597965184 0.698547448431 0.0692688219208 0.0692688219208
-1.1549152455 0.495801482553 0.119658454333 0.119658454333
0.74256230704 1.3184699279 -0.0793449383704 -0.0793449383704
1.85038315667 1.80157059565 -0.215730035776 -0.215730035776
-0.784676058084 0.643995566437 0.109696831196 0.109696831196
-3.33154558915 -0.770657068122 0.728870229817 0.728870229817
0.813526383215 0.258230138237 0.995904080056 0.995904080056
10.5089999816 3.67874859928 0.605195297462 0.605195297462
