16.0 24.0 3.08395284618e-18 3.08395284618e-18
1.7484856715 1.70871169636 -0.0512947984164 -0.0512947984164
-1.62425900994 -3.55890927477 0.0654854967475 0.0654854967475
1.37942939017 1.3222404959 -0.0671638034914 -0.0671638034914
-0.640301972782 -3.01382071982 0.0622374651096 0.0622374651096
1.81880057429 0.655900080782 -0.0533606146381 -0.0533606146381
-1.16430210339 -2.27415049819 0.0422780161694 0.0422780161694
0.822392378091 -0.105000410522 -0.0303701033022 -0.0303701033022
-0.542391879977 -1.5432100624 0.0187824884574 0.0187824884574
0.305031071922 -0.760265056852 -0.00843528207301 -0.00843528207301
1.0 -1.0 -6.16790569236e-18 -6.16790569236e-18
-0.0370406915857 -1.16724239819 0.0061227688875 0.0061227688875
0.139612028185 -0.739610294122 -0.00981047251521 -0.00981047251521
-0.200458519613 -1.28475957899 0.0112044720555 0.0112044720555
0.227463194634 -0.748315168859 -0.0106736604121 -0.0106736604121
-0.233389239052 -1.17702678947 0.00875829969108 0.00875829969108
0.241883079524 -0.92074908262 -0.0060991304882 -0.0060991304882
-0.351035853426 -0.977228973666 0.00335856666438 0.00335856666438
-1.06505003134 -1.11214022572 -0.00114172080001 -0.00114172080001
-0.983199336089 -0.822984359869 -7.49097348613e-05 -7.49097348613e-05
-1.0 1.0 -6.16790569236e-18 -6.16790569236e-18
-1.01861647378 0.0849451756074 0.00143643639137 0.00143643639137
-0.958885835877 0.690262160261 -0.00407087008485 -0.00407087008485
-1.05572127199 1.25740625124 0.00751925832543 0.00751925832543
-0.976851851948 0.317534258491 -0.01121387611 -0.01121387611
-0.668321553116 0.169581018733 0.0144601958487 0.0144601958487
0.111477437378 1.50059841397 -0.0165079463602 -0.0165079463602
-1.58157090559 0.560758091611 0.0166289190243 0.0166289190243
-0.49658027479 1.3630706151 -0.0141931645695 -0.0141931645695
-0.131147887724 0.775272253435 0.00873494383417 0.00873494383417
1.97372982156e-16 1.0 -1.23358113847e-17 -1.23358113847e-17
1.09601717414 1.35267464229 -0.0120340513397 -0.0120340513397
0.675639646799 -0.535217592242 0.0271733037616 0.0271733037616
1.57783778143 1.6590226385 -0.0450732516507 -0.0450732516507
0.154349760779 -0.695319914283 0.0653874300094 0.0653874300094
2.11361149003 1.37834896961 -0.0880998556212 -0.0880998556212
-0.367321467351 -1.8273016156 0.114429954317 0.114429954317
2.59708022891 2.18699959013 -0.150368308578 -0.150368308578
-0.825591831015 -2.45827655475 0.233492242324 0.233492242324
1.69070486035 2.62709110783 0.983606673679 0.983606673679
