15.5162010013 7.32203074947 0.0878094067108 0.0878094067108
-1.49668596242 -0.110222197347 -0.0299737243302 -0.0299737243302
-0.482321657487 1.34859566128 0.0120390973011 0.0120390973011
-1.58659195318 0.656624123906 -0.00322348195754 -0.00322348195754
0.00730850101533 1.41220731629 -0.00207029023193 -0.00207029023193
-0.85587472551 0.0388575717878 0.00563791865112 0.00563791865112
-0.876171747957 0.859438106012 -0.0082327891933 -0.0082327891933
-0.386549054291 0.917144676564 0.0102266236483 0.0102266236483
-0.652025429455 1.14224105247 -0.011824197472 -0.011824197472
-1.1501494756 0.827293491519 0.0131477865421 0.0131477865421
0.129265917758 1.19355337382 -0.0142750899139 -0.0142750899139
-1.13520951959 0.789438766936 0.0152580228411 0.0152580228411
0.17166928738 1.22619891671 -0.0161327714552 -0.0161327714552
-1.29346843057 0.758185275623 0.0169255156343 0.0169255156343
1.61998685183 1.25812115469 -0.0176558596291 -0.0176558596291
-0.499689386076 0.725933740449 0.0183389840367 0.0183389840367
1.52877942243 0.382371111685 -0.0189870538115 -0.0189870538115
0.403732252363 -0.397140914941 0.0196101795032 0.0196101795032
1.63388767784 0.486323348713 -0.0202171052344 -0.0202171052344
0.318098916092 -0.849696134749 0.0208157301381 0.0208157301381
1.7804885256 -0.184498956257 -0.0214135333118 -0.0214135333118
-0.361952908624 -0.826868246573 0.0220179527486 0.0220179527486
1.32210119173 -0.139411755236 -0.0226367598356 -0.0226367598356
-0.359891678076 -0.923690566581 0.0232784701722 0.0232784701722
1.49635644811 0.0663055929551 -0.0239528384101 -0.0239528384101
0.24813402638 -0.313368799814 0.0246715016407 0.0246715016407
0.819015643484 -0.648597405992 -0.0254488679072 -0.0254488679072
0.138659392645 -0.312207707546 0.0263034048467 0.0263034048467
0.892507819922 -1.10561113323 -0.0272595910423 -0.0272595910423
0.0815975284 -0.993139159111 0.0283509973236 0.0283509973236
0.942572524013 -0.960789911332 -0.0296253730734 -0.0296253730734
0.0318277192536 -1.0674527578 0.0311534737046 0.0311534737046
0.110688557591 -0.912948506582 -0.0330453170173 -0.0330453170173
-0.0459423718414 -1.10148835935 0.0354823822929 0.0354823822929
1.1365996259 -0.887768813986 -0.0387875907689 -0.0387875907689
-0.4929866712 -1.11965525244 0.04359740178 0.04359740178
0.445247238434 -0.877048419427 -0.0513657886783 -0.0513657886783
-0.43474079677 -1.11839329469 0.0663005423375 0.0663005423375
0.432759495677 -0.91284319555 -0.107755572169 -0.107755572169
-0.430567129846 -0.314689209041 0.891807092478 0.891807092478
