12.0 25.0 4.20084387696e-17 4.20084387696e-17
1.93403064542 1.04944023905 -0.0387739529946 -0.0387739529946
-0.699148070826 -2.95247036606 0.0512034122389 0.0512034122389
0.594463679554 0.769926150344 -0.0557108302197 -0.0557108302197
0.163373870757 -1.97366690029 0.0562728570465 0.0562728570465
1.02524182354 1.17386006639 -0.0543227039723 -0.0543227039723
-0.224954025724 -2.76079089787 0.050565236266 0.050565236266
1.46859228438 0.533527903167 -0.0454420084493 -0.0454420084493
-0.949481686127 -2.35726762777 0.0392864535487 0.0392864535487
0.938529046493 0.334647208447 -0.032384035739 -0.032384035739
0.533853395148 -0.799679151394 0.024997171394 0.024997171394
0.0728297883055 -0.668304876387 -0.0173751995037 -0.0173751995037
-0.0165504961728 -1.21026937517 0.00975735611871 0.00975735611871
1.03479853972 -0.949043602279 -0.00237226171898 -0.00237226171898
0.140942908059 -0.916056231781 -0.00456436229954 -0.00456436229954
-1.10170050718 -0.384980518068 0.0108528231536 0.0108528231536
-0.79143251147 0.517617892766 -0.0163128852412 -0.0163128852412
-1.27931074235 -0.703144424649 0.0207871453423 0.0207871453423
-0.668975057028 1.37799848484 -0.024144110531 -0.024144110531
-1.36793836655 -0.050485515842 0.0262808009946 0.0262808009946
-0.60471942761 0.357740341176 -0.0271247442289 -0.0271247442289
-1.43034072033 -0.366075956131 0.0266352593538 0.0266352593538
-0.400334986793 0.149844482233 -0.0248039550539 -0.0248039550539
-0.0957091137006 -1.54511211341 0.0216543833936 0.0216543833936
0.0995401358819 -0.620307284638 -0.0172408038475 -0.0172408038475
-0.022972904863 -1.23474196154 0.0116460144956 0.0116460144956
1.08675313181 -0.910850364078 -0.00497819442303 -0.00497819442303
1.03694937366 -0.965754480005 -0.00263333900444 -0.00263333900444
0.857086460873 -0.249753630838 0.0110436460451 0.0110436460451
1.24857352765 -0.424454367792 -0.0200993350737 -0.0200993350737
0.645396208001 -1.0273169222 0.0296481758853 0.0296481758853
1.45888515538 1.08844352313 -0.0395528311575 -0.0395528311575
0.441931206934 -1.22658312884 0.0497124394316 0.0497124394316
1.64652633367 1.33901174239 -0.0601009854277 -0.0601009854277
0.291982286675 -1.20414692405 0.0708461268973 0.0708461268973
1.6127381641 2.93770371111 -0.0824207239241 -0.0824207239241
-1.3467337982 -0.996578085317 0.0962176704529 0.0962176704529
0.0324180437956 3.07688522597 -0.116907271432 -0.116907271432
-0.828799814463 -1.17043728369 0.170159050841 0.170159050841
0.923125679047 2.01567907314 0.990779592424 0.990779592424
