15.0 7.0 -6.16790569236e-18 -6.16790569236e-18
9.82556019777 5.39542939261 -0.21217263557 -0.21217263557
0.618930447132 1.70021053412 -0.049858362025 -0.049858362025
-3.82234383225 -0.350946129794 0.113843039677 0.113843039677
-1.67808524871 0.335579708546 0.0614146266626 0.0614146266626
1.51259393351 1.63069866683 -0.0616630731061 -0.0616630731061
1.3527562613 1.58890629593 -0.059644545166 -0.059644545166
-0.60323937254 0.724543672724 0.0285079396287 0.0285079396287
-1.00217236472 0.512637412875 0.0510235889996 0.0510235889996
0.127485395677 1.06821788748 -0.00716414564048 -0.00716414564048
0.586199459926 1.37223375212 -0.0389004187894 -0.0389004187894
0.051746510138 1.0496551596 -0.00511927455713 -0.00511927455713
0.0564352004058 0.743902261649 0.0257700698092 0.0257700698092
0.832993856203 0.897329665002 0.00993508964873 0.00993508964873
0.868939357355 1.15114610018 -0.0137411842779 -0.0137411842779
-0.332251317164 1.10634006179 -0.00870898885043 -0.00870898885043
-1.26525308907 0.931749674237 0.00458932388794 0.00458932388794
-0.80135268248 0.925668514581 0.00302757186614 0.00302757186614
0.17974037511 1.01601483281 0.000299661761152 0.000299661761152
0.391869206305 1.02062738773 0.00528353167954 0.00528353167954
4.93432455389e-17 1.0 -1.54197642309e-17 -1.54197642309e-17
-0.140749550573 1.04010167345 -0.0141907540412 -0.0141907540412
-0.0116848488248 1.02222577702 -0.00591128245217 -0.00591128245217
-0.0543379679062 0.907172716286 0.0215233701604 0.0215233701604
-0.092543215601 0.918976166879 0.0173628312464 0.0173628312464
0.179772573525 1.12265755635 -0.0250264834172 -0.0250264834172
0.286153344514 1.1712736955 -0.0338687795952 -0.0338687795952
-0.208016698648 0.884950484373 0.0223142702771 0.0223142702771
-0.542426276572 0.714958561861 0.0547137695973 0.0547137695973
0.108464392092 1.05507867287 -0.0105427878265 -0.0105427878265
0.831441704868 1.41267488926 -0.0793415559301 -0.0793415559301
0.154938396673 1.07580779861 -0.0147540567717 -0.0147540567717
-1.12116713234 0.455330178046 0.108330823829 0.108330823829
-0.640087043706 0.689022610863 0.0640290014897 0.0640290014897
1.37963581028 1.67627149268 -0.147009741914 -0.147009741914
1.48770869215 1.74623295878 -0.17719736505 -0.17719736505
-1.57701009562 0.164643813685 0.232350521524 0.232350521524
-3.22690329424 -1.04642686227 0.809323772152 0.809323772152
1.68566586612 0.666820408154 0.983531763944 0.983531763944
10.711704161 4.61339366768 0.569863089361 0.569863089361
