12.8937335879 9.01764615669 0.253528245596 0.253528245596
-0.423356037748 -1.25271251192 -0.0972277052062 -0.0972277052062
0.399188947046 -0.778311717264 0.0568707554508 0.0568707554508
-0.381516211813 -1.19317917179 -0.0381832805864 -0.0381832805864
0.339790526209 -0.859248004653 0.0273006000043 0.0273006000043
-1.3597143628 -0.891091084055 -0.0201045923773 -0.0201045923773
-0.618683248717 0.264553330092 0.014938850827 0.014938850827
-1.38869512347 -0.00239030817486 -0.0110079649705 -0.0110079649705
-0.597335755787 0.887944023444 0.00788204810983 0.00788204810983
-1.44645361919 0.145218809194 -0.00530805636917 -0.00530805636917
-0.172137336102 0.842038846529 0.00312699806864 0.00312699806864
-0.832868259174 0.786456885271 -0.00123362118673 -0.00123362118673
-0.16404478644 1.25169673006 -0.000444856853241 -0.000444856853241
-0.834484199781 0.737438613977 0.00196071841475 0.00196071841475
-0.185233176409 1.26716807592 -0.00335285140064 -0.00335285140064
-0.310285165669 0.729773945474 0.00465116805928 0.00465116805928
0.357695739424 1.27358183627 -0.0058794722508 -0.0058794722508
-0.406820620612 0.721318982465 0.00705739997234 0.00705739997234
0.601366064449 1.28783480658 -0.00820179436092 -0.00820179436092
0.284224474911 0.693050416213 0.00932773491512 0.00932773491512
0.743945960362 0.669957942777 -0.0104493630842 -0.0104493630842
0.241481602106 0.269253781119 0.0115806044334 0.0115806044334
1.35384270424 0.790037820151 -0.0127358675023 -0.0127358675023
0.690249753046 -0.0977562098766 0.0139307950635 0.0139307950635
1.28936299218 0.129914997448 -0.0151831534647 -0.0151831534647
0.732302963833 -0.124452743355 0.0165139730644 0.0165139730644
1.21771238124 0.0731129451593 -0.01794910604 -0.01794910604
0.0383745119066 -0.782562400339 0.0195214652043 0.0195214652043
1.32677492458 -0.291044190846 -0.0212743859428 -0.0212743859428
0.755829453685 -1.35943189334 0.0232668903173 0.0232668903173
0.841954990868 -0.697500079592 -0.0255822969855 -0.0255822969855
-0.444585281514 -1.27939369456 0.0283430064848 0.0283430064848
0.387624182977 -0.733346284452 -0.0317373847287 -0.0317373847287
-0.362395298361 -1.25830953646 0.0360721736123 0.0360721736123
0.345459621864 -0.747825359949 -0.0418840857716 -0.0418840857716
-0.330133238129 -1.24730135608 0.0502067057904 0.0502067057904
0.312009288338 -0.756789483233 -0.0633211134767 -0.0633211134767
-0.286618392274 -1.2368265042 0.0874558427301 0.0874558427301
-0.653834849608 0.109873829255 -0.147849742307 -0.147849742307
-0.85028143168 -0.151503688217 0.59502989116 0.59502989116
