11.0 24.0 5.28677630774e-18 5.28677630774e-18
7.09146817932 13.9281155827 -0.209900426338 -0.209900426338
0.513836460738 -2.1652568518 0.0246750421186 0.0246750421186
-1.3479195422 -5.82240089712 0.123225090117 0.123225090117
0.325453815058 0.151251856085 -0.0328966296333 -0.0328966296333
0.687616017288 1.7650011904 -0.0852426441716 -0.0852426441716
-0.191146682016 -2.13967867528 0.0371633958653 0.0371633958653
0.273800044761 -2.85092165147 0.0630717052242 0.0630717052242
1.257862738 0.128903099582 -0.0398829546279 -0.0398829546279
0.68008763869 0.315526567963 -0.0479265647773 -0.0479265647773
-0.442163044518 -2.11815738613 0.0418491727567 0.0418491727567
-0.302402903973 -1.95025016675 0.0364390285674 0.0364390285674
0.266104010136 0.106809356027 -0.0434038255873 -0.0434038255873
0.0888615880135 -0.325497193692 -0.0270153316643 -0.0270153316643
0.104780846395 -2.09412051146 0.0447223096567 0.0447223096567
0.859486222914 -1.45023265503 0.0187750721565 0.0187750721565
0.959600535931 0.0790071491227 -0.045908603505 -0.045908603505
0.0986683126411 -0.743114353482 -0.0111577006274 -0.0111577006274
0.0248421916812 -2.05958135766 0.0470340938995 0.0470340938995
0.964016706413 -1.08241512798 0.00374560014091 0.00374560014091
0.976478132979 0.0319541647281 -0.0481569206341 -0.0481569206341
-0.0389097220114 -1.07968289003 0.0038355303434 0.0038355303434
0.0278556351144 -1.98614146281 0.0493346680866 0.0493346680866
1.12680521474 -0.77247236701 -0.0119955243999 -0.0119955243999
0.965604322641 -0.11559881248 -0.0506367951042 -0.0506367951042
-0.232652020868 -1.31218460992 0.0212755378375 0.0212755378375
0.0408623954563 -1.26352641852 0.0521629634395 0.0521629634395
1.36632156222 0.592880453641 -0.0325137244376 -0.0325137244376
0.955701160586 0.369835069871 -0.0540790446853 -0.0540790446853
-0.54779959063 -1.92970308653 0.0472069368354 0.0472069368354
0.0376887965444 -1.43540479597 0.0567036155104 0.0567036155104
1.82698292732 1.40561992498 -0.0684674523291 -0.0684674523291
1.00786995957 0.519560182566 -0.0607624718289 -0.0607624718289
-1.43491786919 -3.29347360336 0.104218831308 0.104218831308
-0.829711268629 -2.36718489825 0.0683868368544 0.0683868368544
2.04614104392 2.36124656512 -0.182767164373 -0.182767164373
1.5972101499 1.14131613234 -0.0898259222274 -0.0898259222274
-1.69597131138 -4.84925925478 0.538951292039 0.538951292039
-0.503492060332 -1.16493822092 0.995902022027 0.995902022027
6.58555559725 14.7122651914 0.66862286093 0.66862286093
