8.83894383132 3.69215831581 0.287441282824 0.283372421996
-1.22127171828 0.0468953183018 -0.1082782693 -0.105527917918
-0.626677072357 0.870055758467 0.0638566448661 0.0623842877344
0.0719520622061 1.03573937183 -0.04298479144 -0.0427669641651
0.684360078562 1.00787025632 0.0304166043305 0.0314456948404
0.382570368287 0.401056372516 -0.0217169483957 -0.0240008153442
0.271893723702 0.919811397807 0.0151141018391 0.0186764686214
0.404762326663 1.05233726255 -0.00975439676906 -0.0146360637768
0.24012753878 0.952586722667 0.00516891209194 0.011429921825
0.472786514001 1.05180291937 -0.00107141549453 -0.00879442352765
0.0657476385183 0.933531470705 -0.00273081687755 0.00656445919794
-0.053389611951 1.10340682233 0.00638174105451 -0.00463101084157
-0.0836980198549 0.7528711678 -0.0100022998312 0.0029188588441
-0.681774133652 0.483378039789 0.0137083060248 -0.00137407716367
-0.538975146345 0.297185040562 -0.0176265710687 -4.33702469516e-05
-1.29520532598 -0.137226709934 0.0219143410343 0.00136422237089
-0.758520093621 0.102629971418 -0.0267889585298 -0.00261289458297
-1.16453464382 -0.129732247866 0.0325811858924 0.00380948629831
0.17715821518 -0.94060992426 -0.0398439641157 -0.00497119971104
0.510796603652 -0.461683252468 0.0496041476333 0.0061133982249
1.32589761456 -0.529043114707 -0.064044694093 -0.0072504518885
0.0146383481919 -0.448558555657 0.0888271316098 0.0083964731024
1.43133523193 -0.615314275436 -0.144750255226 -0.0095660244962
0.286051431499 -0.0712927082012 0.421560938694 0.0107748756084
1.43914060684 -1.1172384502 0.385116035505 -0.012040894277
1.01965088358 -0.273914888263 -0.119575625566 0.0133851852353
1.06139143147 -0.414953874428 0.064285802829 -0.0148336406099
0.944983495114 -0.572593569064 -0.0393151399248 0.016419162549
0.86692984557 -0.454911211063 0.0243491745535 -0.0181849931504
0.277225495038 -0.488474406485 -0.0137785342602 0.0201899164464
0.476146753185 -0.7965210267 0.00538064640602 -0.0225167455654
-0.505696539279 -1.0169240918 0.00196633316442 0.0252868556944
-0.254994292612 -0.224668945137 -0.00897946391104 -0.0286865188195
-0.933846627871 -0.744099663381 0.016269210431 0.0330180279022
-0.875048239944 -0.226490496642 -0.0245537152559 -0.0388079619188
-1.18656300319 -0.137598463664 0.0349666004141 0.0470642322766
-0.723968073425 0.263490797525 -0.049798724025 -0.0599914112203
-0.563194516279 0.401661942559 0.075042902696 0.0835207417882
-0.853708107929 0.806002716955 -0.134052786673 -0.140960357766
-0.0545359825687 0.61150519419 0.505536596704 0.510983681355
