13.0 8.0 0.0 0.0
8.95288579363 5.59689416786 -0.208264988505 -0.208264988505
1.0 1.0 0.0 0.0
-2.15372719811 -0.496973013294 0.120710678119 0.120710678119
0.0 1.0 0.0 0.0
1.48168450516 1.80585665307 -0.0815925843564 -0.0815925843564
1.18724377886e-16 1.0 -8.881784197e-17 -8.881784197e-17
-1.14825790702 0.578574419704 0.0585424783056 0.0585424783056
0.0 1.0 0.0 0.0
1.31476987043 0.817191145604 -0.0427040342732 -0.0427040342732
1.0 1.7763568394e-16 0.0 0.0
0.138700269563 0.0351214838721 0.030640039407 0.030640039407
0.0 1.0 0.0 0.0
0.147351489513 1.44345594247 -0.0207106781187 -0.0207106781187
2.03195165255e-16 1.0 0.0 0.0
-0.117888098017 0.722310637097 0.012003937954 0.012003937954
3.5527136788e-16 1.0 0.0 0.0
0.053747930927 1.16955523538 -0.00393508534123 -0.00393508534123
-2.55351295664e-16 1.0 0.0 0.0
0.0193903068236 0.917847009647 -0.00393508534123 -0.00393508534123
0.0 1.0 0.0 0.0
-0.0977952290504 1.00315449893 0.012003937954 0.012003937954
-2.06491583326e-16 1.0 0.0 0.0
0.182756147468 1.07409820439 -0.0207106781187 -0.0207106781187
3.5527136788e-16 1.0 0.0 0.0
-0.277945555707 0.845095891881 0.030640039407 0.030640039407
1.88737914186e-16 1.0 0.0 0.0
0.389613772126 1.24518037217 -0.0427040342732 -0.0427040342732
0.0 1.0 0.0 0.0
-0.528447491485 0.646464367123 0.0585424783056 0.0585424783056
3.88578058619e-17 1.0 0.0 0.0
0.714413098359 1.49532501784 -0.0815925843564 -0.0815925843564
0.0 1.0 0.0 0.0
-0.990157180374 0.296137293432 0.120710678119 0.120710678119
2.6645352591e-16 1.0 0.0 0.0
1.46693555307 2.07395041345 -0.208264988505 -0.208264988505
0.0 1.0 0.0 0.0
-2.55609413303 -1.12380519575 0.635310236809 0.635310236809
-1.54285765676e-16 0.0 1.0 1.0
8.00806405574 4.85456545513 0.635310236809 0.635310236809
