16.0 5.0 4.20084387696e-17 4.20084387696e-17
1.20705493155 1.27869393401 -0.0387739529946 -0.0387739529946
-1.04957564274 0.848094273806 0.0512034122389 0.0512034122389
0.163703985618 0.304186122381 -0.0557108302197 -0.0557108302197
-1.29994072656 0.506629644518 0.0562728570465 0.0562728570465
0.510865897469 0.780895133862 -0.0543227039723 -0.0543227039723
-2.12402034658 -0.522856790325 0.050565236266 0.050565236266
-0.0928045360635 0.72850921006 -0.0454420084493 -0.0454420084493
-1.5580427319 0.967302410986 0.0392864535487 0.0392864535487
1.13860021364 1.03806666052 -0.032384035739 -0.032384035739
0.382948573954 0.984199917515 0.024997171394 0.024997171394
0.207289831111 0.992722043475 -0.0173751995037 -0.0173751995037
-0.153292225869 1.02254151375 0.00975735611871 0.00975735611871
0.0487727214062 0.982669416069 -0.00237226171898 -0.00237226171898
1.02321692971 0.0330529572544 -0.00456436229954 -0.00456436229954
0.899586150908 -0.0159001210075 0.0108528231536 0.0108528231536
1.16696930194 -0.0367169846074 -0.0163128852412 -0.0163128852412
0.785567335952 0.167981069235 0.0207871453423 0.0207871453423
1.23445146441 -0.864470310994 -0.024144110531 -0.024144110531
0.799663290812 -0.0267244256052 0.0262808009946 0.0262808009946
0.862366323839 1.41099965691 -0.0271247442289 -0.0271247442289
-0.5153168518 0.752177554788 0.0266352593538 0.0266352593538
0.464619715798 1.15543751587 -0.0248039550539 -0.0248039550539
-0.548913647769 0.913358751225 0.0216543833936 0.0216543833936
-0.796840580136 1.03034552405 -0.0172408038475 -0.0172408038475
0.0463072188116 1.01433812422 0.0116460144956 0.0116460144956
-0.0287181065114 0.961969414588 -0.00497819442303 -0.00497819442303
-0.987084275 0.00317936734753 -0.00263333900444 -0.00263333900444
-0.12215714838 0.92953385198 0.0110436460451 0.0110436460451
-0.687843828232 0.206161800263 -0.0200993350737 -0.0200993350737
-0.565143004433 0.601823176746 0.0296481758853 0.0296481758853
-0.130883199713 0.63928256597 -0.0395528311575 -0.0395528311575
-1.21764316183 0.0713100713379 0.0497124394316 0.0497124394316
0.625449220756 1.29060948157 -0.0601009854277 -0.0601009854277
-2.30423462753 -0.962277006969 0.0708461268973 0.0708461268973
0.274475971367 1.12495980961 -0.0824207239241 -0.0824207239241
-2.27858793256 0.264732393542 0.0962176704529 0.0962176704529
0.276487297196 0.375233217832 -0.116907271432 -0.116907271432
-2.23097066923 -0.428678256974 0.170159050841 0.170159050841
1.38442767739 0.422573257151 0.990779592424 0.990779592424
