9.0 9.0 0.0 0.0
2.86942550184 2.15087922522 -0.102859012948 -0.102859012948
-0.485937312269 -1.75621239147 0.113895064445 0.113895064445
1.96929747762 1.17384921525 -0.0857067666516 -0.0857067666516
0.561868723389 -0.543135668748 0.0419933981273 0.0419933981273
1.0 -3.33066907388e-16 -1.38777878078e-17 -1.38777878078e-17
1.27371658809 0.357884002491 -0.0286941013192 -0.0286941013192
0.636678555215 -0.492765308739 0.0392619469173 0.0392619469173
1.30043606329 0.428919723729 -0.0334456179925 -0.0334456179925
0.847280423325 -0.235939209856 0.0176607693 0.0176607693
1.0 1.11022302463e-16 -1.38777878078e-17 -1.38777878078e-17
1.08841280597 0.207595759761 -0.012801984516 -0.012801984516
0.939051207325 -0.360961741315 0.0174194959284 0.0174194959284
0.7978699972 0.576356411172 -0.0144154849845 -0.0144154849845
-0.207341266331 1.00001754237 0.00718920978687 0.00718920978687
2.22044604925e-16 1.0 0.0 0.0
0.133234297419 1.04706450907 -0.00403012898267 -0.00403012898267
-0.209112866402 0.907553803989 0.00411084549591 0.00411084549591
0.239207150062 1.13258010916 -0.00175271055308 -0.00175271055308
-0.244703210506 0.819417224528 -0.00036070686957 -0.00036070686957
-1.0 2.77555756156e-16 -3.46944695195e-18 -3.46944695195e-18
-0.275599401214 0.654960122462 0.00328016025086 0.00328016025086
0.343570953726 1.4671893132 -0.00775546406325 -0.00775546406325
-0.571699294468 0.286969906388 0.0103061766742 0.0103061766742
-0.917448517777 0.187397566552 -0.00803445448003 -0.00803445448003
-5.55111512313e-17 1.0 -5.20417042793e-18 -5.20417042793e-18
0.174967997956 0.970330966658 0.011758306767 0.011758306767
-0.735490079954 1.11864352301 -0.0224978420236 -0.0224978420236
-0.78974158298 0.829648170396 0.0264103082049 0.0264103082049
0.117408355357 1.13426540465 -0.0191041533913 -0.0191041533913
-1.0 1.0 -6.93889390391e-18 -6.93889390391e-18
-1.38839826344 0.803362991516 0.0263548237615 0.0263548237615
0.100428026367 1.37997057313 -0.0507080734663 -0.0507080734663
-0.575317891159 0.544202302102 0.061275016431 0.061275016431
-0.965107778086 1.34227510816 -0.0469306162593 -0.0469306162593
-1.0 1.0 1.12757025938e-17 1.12757025938e-17
0.312096490789 0.449230421129 0.0837179274327 0.0837179274327
1.65621815146 2.23969511419 -0.214872847973 -0.214872847973
-1.88800104097 -1.0571982045 0.503967456424 0.503967456424
2.14272973915 1.98595351436 0.935369060527 0.935369060527
