18.0 7.0 3.86164530304e-17 3.86164530304e-17
9.89004950651 4.39150323933 -0.198041504799 -0.198041504799
-2.42137794546 0.196572829241 0.0681897207511 0.0681897207511
-3.38065804751 0.101923252159 0.0909083468511 0.0909083468511
1.11694647442 1.71119052285 -0.0807422950613 -0.0807422950613
0.593665045075 1.26487978782 -0.0329525226768 -0.0329525226768
-1.29364194763 0.445378231292 0.0751950976339 0.0751950976339
0.0794323919209 1.03612092769 -0.00538280992735 -0.00538280992735
0.372993495392 1.35434571334 -0.0597140388673 -0.0597140388673
-1.49911444084 0.852023177626 0.0304138202519 0.0304138202519
-0.93506632549 0.88283702574 0.0385838050668 0.0385838050668
0.741372154565 0.930970962581 -0.04404041323 -0.04404041323
-0.601964724725 0.129650917667 -0.0152413378411 -0.0152413378411
-1.8466254351 -0.013974980349 0.0473270126792 0.0473270126792
0.230220314023 1.09917943283 -0.00720096475253 -0.00720096475253
1.29337264023 1.47426152517 -0.0415230239364 -0.0415230239364
-0.880720972557 0.73497067019 0.0259641371684 0.0259641371684
-1.6146719977 0.73289462894 0.0283758940409 0.0283758940409
0.151316892929 1.3412673551 -0.038747546624 -0.038747546624
0.188291657104 1.08424759111 -0.0101669245718 -0.0101669245718
-1.25386093564 0.658304421946 0.0438870270074 0.0438870270074
-0.838020376759 1.07528997081 -0.0103892872952 -0.0103892872952
0.156292663177 1.26661230568 -0.040472114299 -0.040472114299
-0.256484083996 0.828968141826 0.0303124974515 0.0303124974515
-0.251364022762 0.888001116733 0.0283916209906 0.0283916209906
0.247610324382 0.968356788838 -0.0465364565471 -0.0465364565471
-0.862195952853 0.0826818729553 -0.00828552482854 -0.00828552482854
-1.53967063353 -0.143874058934 0.0560327501681 0.0560327501681
0.410914887362 1.27457184318 -0.0186230705804 -0.0186230705804
1.17234086581 1.75593117407 -0.0557555273777 -0.0557555273777
-1.12815344919 0.254794246448 0.0508803733576 0.0508803733576
-1.60129840053 -0.285601255606 0.0420802615734 0.0420802615734
0.533551001605 0.88614678855 -0.0875788012277 -0.0875788012277
0.0930007713293 1.03199858121 -0.00849564907544 -0.00849564907544
-1.50442024873 0.388923958335 0.130749638601 0.130749638601
0.723817490666 1.31129874243 -0.0656820350471 -0.0656820350471
1.94333936132 1.87143967725 -0.19913567768 -0.19913567768
-2.45810220921 -0.187027423792 0.334401099194 0.334401099194
-2.21759117387 -0.72773849455 0.963465168577 0.963465168577
9.57691016889 3.52893966185 0.728679689665 0.728679689665
