8.54942877167 5.75569971599 0.218560768295 0.218560768295
0.386183654042 -1.15460971662 -0.0852006975277 -0.0852006975277
1.20655331297 -0.282947783811 0.0488980614404 0.0488980614404
0.785172695098 0.0398766093536 -0.031812598788 -0.031812598788
1.2470367942 -0.0167417449243 0.0217809824839 0.0217809824839
0.690058527641 0.0554833662996 -0.0151142914981 -0.0151142914981
0.582444303371 0.680657378854 0.0103120071963 0.0103120071963
0.353867987917 0.38947479898 -0.00664840296605 -0.00664840296605
0.678715312287 0.541313578388 0.00372928168742 0.00372928168742
0.295899201212 0.681146332553 -0.00132173685447 -0.00132173685447
0.741355082575 1.2271794463 -0.000721001106101 -0.000721001106101
-0.376532131863 0.807038005158 0.00249632730477 0.00249632730477
0.394576776408 1.1729181555 -0.00407172988461 -0.00407172988461
-0.835958877046 0.844095985515 0.00549577732455 0.00549577732455
-0.123004992234 1.11118135167 -0.00680465767718 -0.00680465767718
-1.17920529454 -0.222723823543 0.0080262541944 0.0080262541944
-0.311678946578 0.674011862625 -0.00918279554898 -0.00918279554898
-0.0542397270659 1.03700328663 0.0102926534404 0.0102926534404
-1.08694083824 0.977491906025 -0.0113716195655 -0.0113716195655
-0.390378665855 1.06233633678 0.0124338644718 0.0124338644718
-0.768646962726 0.0382967180414 -0.0134927097808 -0.0134927097808
-0.765801874062 0.398373798971 0.0145613069723 0.0145613069723
-0.355132761011 0.482414176095 -0.0156532978063 -0.0156532978063
-1.18333293324 -0.0132497207496 0.0167835279901 0.0167835279901
0.0310646870801 0.846979270441 -0.0179688958407 -0.0179688958407
-1.5193716632 -0.313269165787 0.0192294444922 0.0192294444922
-0.544037985414 0.211549368694 -0.0205898580808 -0.0205898580808
-1.462017455 -0.123029873348 0.0220816170885 0.0220816170885
0.0616896062745 -0.548241273569 -0.0237462419042 -0.0237462419042
-0.0937352704458 -1.23414213555 0.0256403825268 0.0256403825268
1.47461072966 -0.843567325031 -0.0278441627246 -0.0278441627246
-0.101861912094 -1.04348973157 0.0304755474672 0.0304755474672
1.28146990624 -0.193740524991 -0.0337165508304 -0.0337165508304
0.66834171875 -0.722907621277 0.0378645340365 0.0378645340365
1.34870241502 -0.367666372324 -0.0434419954595 -0.0434419954595
0.661634511148 -0.316852384431 0.0514609896811 0.0514609896811
0.935290327657 -0.18799118742 -0.0641742834283 -0.0641742834283
-0.0435875459685 -0.809704672077 0.0878213422685 0.0878213422685
2.8291615978 1.2262194525 -0.148458070257 -0.148458070257
1.54776347312 0.726726748259 0.674131667908 0.674131667908
