17.0 5.0 5.28677630774e-18 5.28677630774e-18
10.4823069125 3.6301298999 -0.209900426338 -0.209900426338
-0.843069362094 0.784848767405 0.0246750421186 0.0246750421186
-3.60517052713 0.0833844774846 0.123225090117 0.123225090117
0.89582291217 1.22337282011 -0.0328966296333 -0.0328966296333
2.27546595708 1.54509284653 -0.0852426441716 -0.0852426441716
-1.03486860845 0.772360413659 0.0371633958653 0.0371633958653
-2.26664516731 0.626099401989 0.0630717052242 0.0630717052242
-0.0436740537493 1.2303591451 -0.0398829546279 -0.0398829546279
0.73114431349 1.27094552975 -0.0479265647773 -0.0479265647773
-0.752376006411 0.767674636767 0.0418491727567 0.0418491727567
-0.706745351337 0.800878936106 0.0364390285674 0.0364390285674
0.899602490868 1.23388001606 -0.0434038255873 -0.0434038255873
0.613279904853 1.14373929131 -0.0270153316643 -0.0270153316643
-1.22443719169 0.764801499867 0.0447223096567 0.0447223096567
-1.30809150152 0.902327106439 0.0187750721565 0.0187750721565
0.0665100313615 1.23638479398 -0.045908603505 -0.045908603505
0.122253926664 1.05688698807 -0.0111577006274 -0.0111577006274
-0.652714700338 0.762489715624 0.0470340938995 0.0470340938995
-0.0586104430566 0.981263598559 0.00374560014091 0.00374560014091
0.835546984113 1.23863311111 -0.0481569206341 -0.0481569206341
-0.0765671214474 0.981173668357 0.0038355303434 0.0038355303434
-1.3638168174 0.760189141437 0.0493346680866 0.0493346680866
-0.827750065425 1.05772481184 -0.0119955243999 -0.0119955243999
0.185805629453 1.24111298558 -0.0506367951042 -0.0506367951042
-0.181643166345 0.899826640758 0.0212755378375 0.0212755378375
-0.536389648756 0.757360846084 0.0521629634395 0.0521629634395
0.362149467961 1.14923768408 -0.0325137244376 -0.0325137244376
0.627246603036 1.24455523516 -0.0540790446853 -0.0540790446853
-0.558583531745 0.790111027838 0.0472069368354 0.0472069368354
-0.67522867106 0.752820194013 0.0567036155104 0.0567036155104
0.811322157419 1.2914864173 -0.0684674523291 -0.0684674523291
0.708329704036 1.25123866231 -0.0607624718289 -0.0607624718289
-1.1784804436 0.584952275905 0.104218831308 0.104218831308
-0.734990482559 0.741136972669 0.0683868368544 0.0683868368544
1.80383260479 1.64261736673 -0.182767164373 -0.182767164373
0.759039351354 1.2803021127 -0.0898259222274 -0.0898259222274
-3.21096559062 -0.332341724437 0.538951292039 0.538951292039
-0.783004830543 -0.186378212503 0.995902022027 0.995902022027
10.1108309981 2.75160661263 0.66862286093 0.66862286093
