7.0 9.0 3.08395284618e-18 3.08395284618e-18
0.664854703513 0.132956868406 -0.0512947984164 -0.0512947984164
0.166725817498 -2.19259022864 0.0654854967475 0.0654854967475
1.68553386377 0.778843170542 -0.0671638034914 -0.0671638034914
0.425945632106 -0.88492129157 0.0622374651096 0.0622374651096
1.46600099162 0.910204576351 -0.0533606146381 -0.0533606146381
0.639650293869 -1.13437570199 0.0422780161694 0.0422780161694
1.26061930366 -0.18749360213 -0.0303701033022 -0.0303701033022
0.829603071134 0.919240970853 0.0187824884574 0.0187824884574
1.08983391107 -0.0746584543645 -0.00843528207301 -0.00843528207301
1.0 1.97372982156e-16 -6.16790569236e-18 -6.16790569236e-18
0.0118882000327 0.940933489085 0.0061227688875 0.0061227688875
0.730393886564 0.347965601296 -0.00981047251521 -0.00981047251521
1.31095315018 -0.395139374652 0.0112044720555 0.0112044720555
0.128217386884 0.93811488798 -0.0106736604121 -0.0106736604121
0.532595907063 0.43574887984 0.00875829969108 0.00875829969108
0.795916675512 0.193860565798 -0.0060991304882 -0.0060991304882
-0.198919047397 1.24729610225 0.00335856666438 0.00335856666438
0.0606232652372 0.868098245455 -0.00114172080001 -0.00114172080001
0.00137249822148 1.0639911776 -7.49097348613e-05 -7.49097348613e-05
0.0 1.0 -6.16790569236e-18 -6.16790569236e-18
-0.952038318232 0.926888392273 0.00143643639137 0.00143643639137
-0.276227087108 1.16160792308 -0.00407087008485 -0.00407087008485
0.158147641643 0.726514141922 0.00751925832543 0.00751925832543
0.308297528379 1.4385311896 -0.01121387611 -0.01121387611
1.51012658752 0.0785700563884 0.0144601958487 0.0144601958487
0.270518600994 0.601530395047 -0.0165079463602 -0.0165079463602
0.340468885136 0.667074405973 0.0166289190243 0.0166289190243
0.918081152731 0.114443774932 -0.0141931645695 -0.0141931645695
-0.0642596591878 1.03983084309 0.00873494383417 0.00873494383417
-1.72701359386e-16 1.0 -1.23358113847e-17 -1.23358113847e-17
-0.920302886874 1.05663498073 -0.0120340513397 -0.0120340513397
-0.311572965757 0.826424754245 0.0271733037616 0.0271733037616
-0.299674093192 1.36668458212 -0.0450732516507 -0.0450732516507
-1.60924040693 0.0156697959666 0.0653874300094 0.0653874300094
-0.36908892066 0.372926681241 -0.0880998556212 -0.0880998556212
-1.66401471225 -0.573885022864 0.114429954317 0.114429954317
-0.318762025825 0.733160875404 -0.150368308578 -0.150368308578
-1.63514036108 -0.861938081405 0.233492242324 0.233492242324
0.868427085715 0.956809985712 0.983606673679 0.983606673679
