13.0 6.0 -7.40148683083e-18 -7.40148683083e-18
3.95603954218 2.61618176649 -0.127173559399 -0.127173559399
-2.86684295572 -0.232641947943 0.124401693586 0.124401693586
1.41960961938 1.6549218458 -0.0665602650296 -0.0665602650296
-1.33226762955e-16 1.0 3.75770396523e-17 3.75770396523e-17
-1.6859475129 -0.228309910657 0.0434109560969 0.0434109560969
0.307712314314 0.765626876939 -0.0513288321272 -0.0513288321272
-0.413275977289 0.91853687693 0.0307173166183 0.0307173166183
-5.63138582459e-17 1.0 -5.27377144186e-19 -5.27377144186e-19
0.488431855796 1.22064168661 -0.022367309341 -0.022367309341
-1.03889572973 0.312047417153 0.0269928011065 0.0269928011065
-0.637407388223 0.128166772597 -0.0161993675469 -0.0161993675469
-1.18423789293e-16 1.0 -4.69817879821e-17 -4.69817879821e-17
-0.102224874513 1.12003374707 0.011242421121 0.011242421121
0.185678337321 0.868788912476 -0.0127954678345 -0.0127954678345
-0.148166615959 1.08440621569 0.00698181903222 0.00698181903222
-3.48038784336e-17 1.0 7.07554983084e-18 7.07554983084e-18
0.191721895878 0.907230115003 -0.00310307912681 -0.00310307912681
-0.347433260331 1.15064517055 0.0017469259761 0.0017469259761
0.405890250528 0.871124118267 0.00061720809044 0.00061720809044
1.0 1.0 4.4408920985e-17 4.4408920985e-17
0.106575115188 1.24522344941 -0.00436848318299 -0.00436848318299
0.445023470399 0.247485951419 0.0089316397477 0.0089316397477
0.971460717494 0.212257709352 -0.00834665479935 -0.00834665479935
3.48038784336e-17 1.0 4.90030742874e-18 4.90030742874e-18
0.513901456043 0.308895280175 0.0127975885699 0.0127975885699
1.46317836951 -0.203796559255 -0.0216469197733 -0.0216469197733
0.724931911666 0.0845281356045 0.0180860705529 0.0180860705529
1.0 -1.18423789293e-16 5.81245412343e-18 5.81245412343e-18
1.2274880004 -0.0413347746433 -0.0248378357489 -0.0248378357489
0.730729041495 0.0729676306531 0.0411632385512 0.0411632385512
1.05919563062 -0.149193293695 -0.0342948916954 -0.0342948916954
5.63138582459e-17 -1.0 -4.04699328455e-18 -4.04699328455e-18
0.320074322627 -1.20777087963 0.0494160065323 0.0494160065323
1.50131844168 -0.692920747168 -0.0868363021565 -0.0868363021565
-0.791441756345 -1.25058550758 0.0795717495672 0.0795717495672
1.0 -1.0 7.02056756838e-17 7.02056756838e-17
2.56129046848 -0.607457146489 -0.179033641378 -0.179033641378
-2.38046802893 -1.62153603815 0.636037889591 0.636037889591
3.83185333894 1.77917046036 0.900110617733 0.900110617733
