8.15982186983 5.25521167538 0.0951417996379 0.106678401451
0.769975972331 -0.182335506448 -0.0253735308347 -0.0386198285181
1.23907043032 -0.926142412703 0.00280033338014 0.0178365494932
0.752826359254 0.686775014194 0.00926055594111 -0.00767553570551
1.2552546061 0.506753127687 -0.0173912607959 0.00159110820153
0.737822515469 -0.206852581761 0.0237234066127 0.00250208821776
1.25928577266 0.188296061188 -0.0291892491905 -0.00547555138759
-0.191225132818 0.704453252696 0.0343002173117 0.00775818913588
1.41292407422 0.263550950051 -0.0394083037286 -0.00958585460569
0.350586038456 1.04413971595 0.0448241822269 0.0110991898635
0.161344429296 0.996890723463 -0.0508977279337 -0.0123874688029
-0.181927241117 1.02799910253 0.0581107677981 0.0135102877648
-0.474202734331 0.296574106222 -0.0672387653517 -0.0145091551538
-0.589481380036 0.652855713265 0.079712537822 0.0154140807819
-0.48878805697 0.261683670443 -0.098605581579 -0.0162475222392
-1.54003256596 -0.308283286516 0.132087249975 0.0170268583187
-0.385068795483 0.650346243532 -0.211756145143 -0.0177660060442
-1.54485238564 0.455417006744 0.692059917699 0.0184765236671
4.26671996967 -0.0592145588338 0.401697945116 -0.0191683993197
1.73734940293 -0.0292722734132 -0.134130595684 0.0198506480202
0.975456634991 0.97779984958 0.070762308844 -0.0205317974483
0.657537786929 0.95609202465 -0.0418265380795 0.0212203202937
0.447538247676 1.07288612867 0.0248923391395 -0.0219250606741
0.526320213017 0.905059877102 -0.0135178250474 0.0226557009985
0.0729305017619 1.11631202737 0.00515192192886 -0.0234233233872
-0.854855575602 0.859365475172 0.00142417317743 0.0242411386667
-0.0998899894606 1.16958310385 -0.00687311078359 -0.0251254920612
-1.08012496472 -0.201997149404 0.0115939709174 0.026097320507
-0.645479789456 0.430935028525 -0.0158509609456 -0.027184357638
-0.327155324401 0.612601126866 0.0198380320794 0.0284246127249
-1.07614907183 -0.00996730233413 -0.0237166876576 -0.0298721081928
-1.0192451719 -0.135488944601 0.027643891818 0.0316068269117
-0.935155377021 0.888120645486 -0.0318009853195 -0.0337530077361
-1.09363398581 0.0678162679236 0.0364364476011 0.0365153267304
-0.886030725363 0.0973200782392 -0.0419486273966 -0.0402573720228
-1.12869314689 -0.364011563594 0.0490810623623 0.0456940932212
-0.861814646457 -0.696742362572 -0.0594857929262 -0.0544530895758
-1.13948367828 0.155646835004 0.0778669016976 0.0712166405387
-0.885979588433 -0.0625390309708 -0.125492939449 -0.117232928949
-0.396973757787 0.0127969239884 0.875225099541 0.865343171344
