11.0 7.0 2.33731163079e-17 0.0
1.59188190438 0.332505905946 -0.030648585004 -0.0253141048256
0.425987552885 -0.252297829672 0.0422475660231 0.0332659354587
0.72250599854 -0.641135922396 -0.0475337545649 -0.0362587720026
0.075977413934 -0.531105090374 0.0493661824374 0.0369108382567
1.8091394186 0.392817367629 -0.0488638138416 -0.0361501990165
0.243573965246 -0.311559768518 0.0466354306429 0.0344217922128
1.71446598792 0.200912796093 -0.0430985048521 -0.0319938149118
0.317363562098 0.31300038404 0.0385879105505 0.0290596878669
1.68668204461 1.39872579513 -0.0333990708083 -0.0257777985526
0.0158828518755 0.688433707195 0.0278061775512 0.0222883367499
0.282458622567 1.25613625326 -0.0220695235227 -0.0187204813349
-0.289720749576 0.787904223555 0.016437609582 0.0151951088208
0.265350584843 1.17434180767 -0.0111466257383 -0.0118252866554
-0.240600355506 0.858739293186 0.00641864793285 0.00871564465372
0.233612099111 1.11232916229 -0.00245933166648 -0.00596120272135
-0.30466249829 0.912636445323 -0.000544380153012 0.00364598765306
-0.91875848837 1.06614160645 0.00242613896661 -0.00184164613246
0.0622282740806 0.95205181131 -0.00304130501037 0.000606191786493
-0.00768510439281 1.03021161261 0.00226691218618 1.70171802408e-05
-7.47939721853e-16 1.0 5.25895116928e-17 1.31473779232e-17
-0.967153035345 0.00113449852618 -0.00384639107439 -0.000669476158262
-0.145913996849 0.914770226977 0.00935070379942 0.00198791492502
-0.635982531591 0.284219577739 -0.016595849414 -0.00393652709454
-1.37741070673 -0.32650321427 0.0256915365975 0.00648210809613
-0.549616168108 1.08537549322 -0.0368137814372 -0.00957838123253
-1.54999648599 0.107533416426 0.0502788747679 0.0131678423169
-0.327676054801 0.665538333651 -0.0666936235928 -0.0171841694633
-1.8199470566 0.680084297624 0.0872959061356 0.0215553218912
0.00139434817782 -0.8244240478 -0.114850725703 -0.0262075748865
-2.23640537793 -0.608098176988 0.1565767489 0.0310709939191
0.570974739355 0.229574918822 -0.237808836694 -0.0360874046928
-3.06693835038 -0.129309944023 0.545360451836 0.0412231944778
5.30877365563 -0.112766295161 0.76361328844 -0.0464924997795
9.12877400518 -1.1964895754 -0.145322131912 0.0520054167113
-0.267971106655 0.534074095498 0.0407930212233 -0.0580856588842
1.27578234451 -0.453012257911 0.00852521072445 0.0656228342677
1.14824542866 0.423933478381 -0.0440588626123 -0.0775032922379
0.591288765927 -0.406777948475 0.0909604385412 0.109090639409
0.444620814766 0.390353562437 1.00341949866 0.995887062876
