16.0 6.0 2.16201325848e-16 2.16201325848e-16
10.8217928695 4.56102380803 -0.217285719563 -0.217285719563
0.861723382667 1.28914147572 -0.0259835809839 -0.0259835809839
-3.63418166624 -0.227251876293 0.131120357848 0.131120357848
-0.88438186597 0.701588254879 0.0352538503838 0.0352538503838
2.16785221315 1.72714657491 -0.0918272163877 -0.0918272163877
0.914057420449 1.30335319383 -0.0401952990971 -0.0401952990971
-1.52433205268 0.502127104372 0.0684382411206 0.0684382411206
-0.960719448197 0.69344915891 0.0433929463529 0.0433929463529
1.17002422337 1.36038263856 -0.0522643316833 -0.0522643316833
1.06340595482 1.30888647499 -0.045728580249 -0.045728580249
-1.02467117985 0.73535366083 0.0398882640476 0.0398882640476
-1.75017574887 0.689252470733 0.0475896345297 0.0475896345297
-0.400973654197 1.19092849728 -0.0296651319808 -0.0296651319808
0.465545668729 1.31233587911 -0.0491779843751 -0.0491779843751
-0.267820289122 0.870323206191 0.0206732247631 0.0206732247631
-0.725942153977 0.686227095505 0.0506150097582 0.0506150097582
0.185977443579 1.07549561842 -0.0123169976045 -0.0123169976045
0.811348884769 1.31514326818 -0.051985373439 -0.051985373439
-0.0664076754257 0.975143990816 0.00414503370385 0.00414503370385
-0.876901130287 0.683482774594 0.053359330669 0.053359330669
-0.0720825279113 0.975033668565 0.00425535595474 0.00425535595474
0.969724225096 1.31796578076 -0.0548078860276 -0.0548078860276
0.254766440583 1.07652369381 -0.0133450729976 -0.0133450729976
-1.28321866317 0.680423801965 0.0564183032986 0.0564183032986
-1.29898277066 0.867253135489 0.0237432954652 0.0237432954652
-0.0227431471774 1.32147568117 -0.0583177864349 -0.0583177864349
0.283392414002 1.197686584 -0.0364232186977 -0.0364232186977
-0.596919557057 0.676121043898 0.060721061365 0.060721061365
-0.565451097955 0.722094073755 0.0531478511229 0.0531478511229
0.701699264129 1.32720475634 -0.0640468616055 -0.0640468616055
0.85372445584 1.38576460887 -0.0776463020008 -0.0776463020008
-0.74984310672 0.667573283342 0.0692688219208 0.0692688219208
-1.25069643099 0.450906891159 0.119658454333 0.119658454333
0.780360143222 1.34250283311 -0.0793449383704 -0.0793449383704
1.91331017834 1.8510493943 -0.215730035776 -0.215730035776
-0.803477273124 0.627145274067 0.109696831196 0.109696831196
-3.38903921526 -0.825001748262 0.728870229817 0.728870229817
0.823299255927 0.267253814681 0.995904080056 0.995904080056
10.5806404272 3.738542791 0.605195297462 0.605195297462
