13.5238095238 7.92857142857 0.047619047619 0.0238095238095
0.751064672226 -0.304090065623 -0.015272540072 0.000583000741789
1.33833809327 -0.755315708641 0.00160276924151 -0.00851511321389
0.500760889871 -0.168730079978 0.00674531098135 0.0124814417139
0.434345264574 -0.949837877918 -0.012643032968 -0.0148849997004
0.760906074777 0.244144796497 0.0171558879126 0.016514152402
1.39263066736 -0.271655546176 -0.0207936702436 -0.0177038481231
0.273982063495 0.567205604673 0.0238391485579 0.0186207139904
0.59816959995 0.568703537264 -0.0264651992564 -0.0193570800385
0.545089368732 0.299281767998 0.0287852083868 0.0199683222892
-0.0556153446416 1.17675131726 -0.0308777410717 -0.0204897520254
0.0200963474501 0.947361914178 0.0327998101886 0.020945030949
-0.457536086911 0.964996462254 -0.0345945569476 -0.0213506929179
-1.27105917312 1.15863208653 0.0362959782639 0.0217187267508
-0.835989938072 0.149827486139 -0.0379320048129 -0.0220581292269
-0.450191872669 0.77164913868 0.0395266245109 0.0223758819255
-0.449538995188 0.267123287996 -0.0411014483477 -0.0226775920543
-0.63294472519 0.688948682489 0.0426769638358 0.0229679311678
0.512495197819 1.15987036451 -0.0442736445032 -0.0232509501987
-0.482982509787 0.896733260269 0.0459130500181 0.0235303192108
0.47619047619 1.07142857143 -0.047619047619 -0.0238095238095
-0.482036309507 0.946134541054 0.0494193094799 0.0240920413768
0.504572516846 1.05591037874 -0.0513472999591 -0.0243815164194
-0.596957628155 0.861307348414 0.0534450818799 0.0246819541514
-0.624128459966 -0.0111355775068 -0.0557674862897 -0.0249979549275
-1.42655772302 1.32699960598 0.0583885993012 0.0253350203546
-0.549747775116 0.512557948007 -0.0614123289292 -0.0256999774643
-1.46849726463 0.102447268573 0.0649905057963 0.0261015956663
-0.514082600816 -0.247492626847 -0.0693557551293 -0.0265515234665
-1.50418038471 0.660048104668 0.0748855928468 0.0270657716102
-0.476338235438 0.524604423042 -0.0822391768681 -0.0276671686087
-1.54174405643 -0.0708622635824 0.0926859678106 0.0283896371375
-0.462921076101 -0.0132280620318 -0.109039044794 -0.0292861021864
-1.09873655786 -0.378944813473 0.139077087537 0.0304442366887
1.03940672012 -1.61911295397 -0.21549213222 -0.0320209154583
-1.44579558523 0.631416523007 0.917703228173 0.0343277335849
6.66610944106 -5.29692853108 0.214770533208 -0.0380848797746
1.85452189331 -1.31508758892 -0.0534096340499 0.0454189056865
0.897087004532 0.602028011535 -0.0105461115893 -0.0665749720287
-0.0238982747422 -0.396547878281 0.936618054884 0.972371702816
