21.0150456918 7.06256698052 0.0878094067108 0.0878094067108
-1.62043208243 -0.928338939026 -0.0299737243302 -0.0299737243302
-0.405712323873 0.146975644074 0.0120390973011 0.0120390973011
-1.57753525502 -0.108064620166 -0.00322348195754 -0.00322348195754
-0.434736560336 0.0937601379755 -0.00207029023193 -0.00207029023193
-1.55567269083 -0.0813652608006 0.00563791865112 0.00563791865112
-0.45209096273 0.0494791249913 -0.0082327891933 -0.0082327891933
-1.54153293068 0.713226141568 0.0102266236483 0.0102266236483
-0.463646763612 0.330741215299 -0.011824197472 -0.011824197472
-1.53240610766 0.695118147343 0.0131477865421 0.0131477865421
-0.469921135695 0.0936869894445 -0.0142750899139 -0.0142750899139
-1.53060749608 -0.184930759118 0.0152580228411 0.0152580228411
-0.461788957975 0.571659902194 -0.0161327714552 -0.0161327714552
-1.57460754796 1.04512498551 0.0169255156343 0.0169255156343
0.163918265161 1.02235996754 -0.0176558596291 -0.0176558596291
0.444092105577 0.938502504903 0.0183389840367 0.0183389840367
1.49117911355 0.221756189582 -0.0189870538115 -0.0189870538115
0.521083069594 0.74525161269 0.0196101795032 0.0196101795032
1.47228439403 0.234137067646 -0.0202171052344 -0.0202171052344
0.533407274917 0.865129730438 0.0208157301381 0.0208157301381
1.46088998333 -0.386744350714 -0.0214135333118 -0.0214135333118
0.54502727066 0.867991441648 0.0220179527486 0.0220179527486
1.44908100577 0.228102075774 -0.0226367598356 -0.0226367598356
0.555431914057 0.755174369285 0.0232784701722 0.0232784701722
1.44810700224 1.0954772421 -0.0239528384101 -0.0239528384101
0.482954011704 0.961487013245 0.0246715016407 0.0246715016407
0.248326965104 0.986273729803 -0.0254488679072 -0.0254488679072
-0.191383185778 1.10718021983 0.0263034048467 0.0263034048467
-0.256216516502 0.439402398644 -0.0272595910423 -0.0272595910423
-0.815459411138 0.483174738355 0.0283509973236 0.0283509973236
-0.146735308622 0.568974171334 -0.0296253730734 -0.0296253730734
-1.59750288436 -0.337564970922 0.0311534737046 0.0311534737046
-0.490685043954 0.289458372495 -0.0330453170173 -0.0330453170173
-1.43937648984 -0.291165144303 0.0354823822929 0.0354823822929
-0.661848259312 0.348862795153 -0.0387875907689 -0.0387875907689
-0.979831889523 -0.674265849353 0.04359740178 0.04359740178
0.0377269372554 -0.413268209199 -0.0513657886783 -0.0513657886783
-1.09704081885 -0.493380602148 0.0663005423375 0.0663005423375
0.743014990628 -1.2136796519 -0.107755572169 -0.107755572169
-0.648132705931 -0.0704887739577 0.891807092478 0.891807092478
