14.8161671005 22.1858342671 0.0677191564491 0.0677191564491
-0.253586252352 -1.40988219152 -0.0205767714385 -0.0205767714385
0.191188769726 -0.653863620852 0.00572843925721 0.00572843925721
0.0692203660472 -1.09248126392 0.00161068756522 0.00161068756522
1.05342470178 0.228960772797 -0.00603075951334 -0.00603075951334
-0.493382509858 -1.69658513638 0.00901506873318 0.00901506873318
0.335994919771 -0.387249780371 -0.0111884543258 -0.0111884543258
0.327515422633 -1.57678705355 0.01286002633 0.01286002633
0.75631270836 -0.444779502716 -0.014200387383 -0.014200387383
-0.568650864136 -1.53940782128 0.0153115519148 0.0153115519148
1.41474828615 0.435027405503 -0.0162584164421 -0.0162584164421
-0.420554532937 -1.51292865839 0.017084382077 0.017084382077
1.63145221344 -0.501135503503 -0.0178197244317 -0.0178197244317
0.20688267539 -1.48185327658 0.0184863629584 0.0184863629584
0.361863136257 -0.541525072935 -0.0191007227477 -0.0191007227477
-0.4263131413 -1.42012908264 0.0196755312526 0.0196755312526
0.493977340722 -0.667035765894 -0.0202209948535 -0.0202209948535
-1.07481633196 -0.685072661745 0.0207456028068 0.0207456028068
-0.726030099261 -0.252970575279 -0.0212567032451 -0.0212567032451
-1.30990496845 -0.749681428963 0.0217609403109 0.0217609403109
-0.679803464094 0.632347551124 -0.0222646109946 -0.0222646109946
-1.32103710878 0.518712948835 0.0227739839563 0.0227739839563
-0.683864181456 1.29034547095 -0.0232956152925 -0.0232956152925
-1.30572982007 -0.378911471948 0.0238366956316 0.0238366956316
-0.712550096606 1.73564323298 -0.0244054689377 -0.0244054689377
-1.25328056 0.355355351814 0.0250117777799 0.0250117777799
-0.830296627375 1.59115425968 -0.0256678171606 -0.0256678171606
-0.524918419144 0.484480086868 0.026389228818 0.026389228818
-0.410884114655 0.781403668371 -0.0271967596963 -0.0271967596963
-0.590624728018 0.164698666759 0.0281188830227 0.0281188830227
0.448888077484 1.74679077631 -0.0291961290124 -0.0291961290124
-0.331881506196 0.20480518339 0.0304886092009 0.0304886092009
1.49453203836 0.606660882143 -0.0320898912846 -0.0320898912846
0.55280231125 -0.657313255964 0.0341545265232 0.0341545265232
1.4256353383 0.735501048923 -0.0369580053644 -0.0369580053644
0.587741574221 -1.1623473973 0.0410446328003 0.0410446328003
1.4037121849 -0.00135860395972 -0.047662439055 -0.047662439055
0.598683562074 -0.327939689254 0.060446073622 0.060446073622
1.41978585168 0.387058518038 -0.0963555810701 -0.0963555810701
-0.217873797816 -0.398086731153 0.91857400033 0.91857400033
