16.0 26.0 4.20084387696e-17 4.20084387696e-17
1.38791982065 1.17026341339 -0.0387739529946 -0.0387739529946
-1.4442399996 -3.12550754435 0.0512034122389 0.0512034122389
1.48535335554 1.04590978586 -0.0557108302197 -0.0557108302197
-1.55439371685 -2.93263840413 0.0562728570465 0.0562728570465
2.07741296992 0.788582497227 -0.0543227039723 -0.0543227039723
-0.634685287398 -2.61744434685 0.050565236266 0.050565236266
0.883995812464 0.423537347341 -0.0454420084493 -0.0454420084493
-0.84974408597 -2.21167225589 0.0392864535487 0.0392864535487
0.760547360014 -0.012956347886 -0.032384035739 -0.032384035739
-0.655213334579 -1.75510312728 0.024997171394 0.024997171394
0.581283615272 -0.478581728064 -0.0173751995037 -0.0173751995037
0.759793923979 -1.29151728591 0.00975735611871 0.00975735611871
0.0346180119422 -0.929284569408 -0.00237226171898 -0.00237226171898
0.111167029682 -0.863909952509 -0.00456436229954 -0.00456436229954
-1.1441261668 -1.32469519223 0.0108528231536 0.0108528231536
0.0337383732036 -0.507950643461 -0.0163128852412 -0.0163128852412
-0.206419512044 -1.63728703036 0.0207871453423 0.0207871453423
0.288453918085 -0.235013797531 -0.024144110531 -0.024144110531
-0.297410024208 -1.90130014027 0.0262808009946 0.0262808009946
-0.0121154543226 0.300855420688 -0.0271247442289 -0.0271247442289
-1.65057159908 -0.690321934684 0.0266352593538 0.0266352593538
-0.424906237002 0.906579456741 -0.0248039550539 -0.0248039550539
-1.50956563806 0.605133932722 0.0216543833936 0.0216543833936
-0.573624905054 1.36710469134 -0.0172408038475 -0.0172408038475
-1.31614502523 0.73970597461 0.0116460144956 0.0116460144956
-0.833983321141 1.11323875821 -0.00497819442303 -0.00497819442303
0.0654087082854 1.06000028709 -0.00263333900444 -0.00263333900444
-1.24039792415 0.751364914117 0.0110436460451 0.0110436460451
1.09173119287 1.43794078984 -0.0200993350737 -0.0200993350737
-0.148972508366 0.412429254148 0.0296481758853 0.0296481758853
1.0689462298 1.22407610479 -0.0395528311575 -0.0395528311575
0.49603534176 -1.22473635386 0.0497124394316 0.0497124394316
1.82932036777 1.04612161 -0.0601009854277 -0.0601009854277
-0.394296994007 -2.97157688061 0.0708461268973 0.0708461268973
1.25302902302 1.3472129645 -0.0824207239241 -0.0824207239241
-0.168257857284 -2.15638082535 0.0962176704529 0.0962176704529
1.11898517404 1.03893631919 -0.116907271432 -0.116907271432
-0.105708312335 -1.93109405048 0.170159050841 0.170159050841
1.13433497247 2.07403294338 0.990779592424 0.990779592424
