13.9310647121 7.35029733766 0.0677191564491 0.0677191564491
-1.32255590085 -1.04705918356 -0.0205767714385 -0.0205767714385
-0.716230091694 0.20164399275 0.00572843925721 0.00572843925721
-1.23523946389 -0.126615441029 0.00161068756522 0.00161068756522
-0.860970642526 0.0253497806171 -0.00603075951334 -0.00603075951334
-0.681062485146 0.4316461274 0.00901506873318 0.00901506873318
-0.225013837667 0.666482716733 -0.0111884543258 -0.0111884543258
-0.853016031324 0.248574306657 0.01286002633 0.01286002633
0.577833369731 1.4861410767 -0.014200387383 -0.014200387383
-0.509127904991 0.569357070634 0.0153115519148 0.0153115519148
0.500470593432 1.42986753668 -0.0162584164421 -0.0162584164421
0.585036243376 0.486566030778 0.017084382077 0.017084382077
1.40505466319 0.378083609176 -0.0178197244317 -0.0178197244317
0.605320641149 -0.657530320948 0.0184863629584 0.0184863629584
1.38485888883 -0.470399974802 -0.0191007227477 -0.0191007227477
0.624749350307 -0.0701982017788 0.0196755312526 0.0196755312526
1.36517771268 0.170136309843 -0.0202209948535 -0.0202209948535
0.646448240354 -0.255448353431 0.0207456028068 0.0207456028068
1.33820854687 0.974113705905 -0.0212567032451 -0.0212567032451
0.686728213427 0.869849993459 0.0217609403109 0.0217609403109
1.25075346972 0.286066298702 -0.0222646109946 -0.0222646109946
-0.204891747644 0.68437306513 0.0227739839563 0.0227739839563
1.24735055824 0.272316254795 -0.0232956152925 -0.0232956152925
-0.514561381584 0.994578458353 0.0238366956316 0.0238366956316
0.451195667873 1.06935713211 -0.0244054689377 -0.0244054689377
-0.42767277333 0.90559012389 0.0250117777799 0.0250117777799
0.417424872578 1.10919959334 -0.0256678171606 -0.0256678171606
-0.417387692525 0.876841431679 0.026389228818 0.026389228818
0.441453508686 1.15418793574 -0.0271967596963 -0.0271967596963
-1.24905641831 0.0373510113704 0.0281188830227 0.0281188830227
-0.68228877525 0.933768826961 -0.0291961290124 -0.0291961290124
-1.32913909888 -0.0163657494481 0.0304886092009 0.0304886092009
-0.669815236279 -0.0367018737577 -0.0320898912846 -0.0320898912846
-1.32732215793 0.285893835511 0.0341545265232 0.0341545265232
-0.677970876122 0.852670127588 -0.0369580053644 -0.0369580053644
-1.31432964104 -0.320926117916 0.0410446328003 0.0410446328003
-0.696880117376 0.236317575666 -0.047662439055 -0.047662439055
-1.28468803402 -0.197629180523 0.060446073622 0.060446073622
-0.758187423532 0.169815662145 -0.0963555810701 -0.0963555810701
-0.410812429735 -0.139380712594 0.91857400033 0.91857400033
