10.0 6.0 0.0 0.0
1.59599316237 -0.67926072203 -0.0329967942572 -0.0253141048256
0.342055023966 -0.425937968897 0.0459405496879 0.0332659354587
1.68399160934 0.396448843361 -0.0520075293718 -0.0362587720026
0.31891153007 -0.392437702865 0.0542814132729 0.0369108382567
1.64617976372 0.409083969067 -0.0540045459864 -0.0361501990165
0.453319915686 -0.484041163144 0.0518571902995 0.0344217922128
0.932284276363 1.08004728023 -0.0482998645808 -0.0319938149118
-0.257536988414 0.218617850077 0.0436940088929 0.0290596878669
2.01699511157 0.431604707604 -0.0383515627013 -0.0257777985526
-0.343824091421 1.30148314009 0.0325567896667 0.0222883367499
0.996236365406 0.405956483657 -0.0265756842909 -0.0187204813349
0.285346333368 0.246255680947 0.0206592778176 0.0151951088208
0.46077208 1.21050952743 -0.0150437832497 -0.0118252866554
0.78690791363 0.890208131918 0.00994910040907 0.00871564465372
-0.113256230618 1.06265715511 -0.00557654935521 -0.00596120272135
0.0341315937273 0.965981961607 0.00210637771499 0.00364598765306
-0.0106947939045 1.01553561203 0.000304580973798 -0.00184164613246
0.000338989474075 0.995523868991 -0.0015248102671 0.000606191786493
0.00610873965975 0.999665255341 0.00144933063284 1.70171802408e-05
-1.68286437417e-15 1.0 -7.01193489237e-17 1.31473779232e-17
-0.973812106098 1.00218557759 -0.0028753690034 -0.000669476158262
-0.13427830318 1.01391142891 0.00720541885827 0.00198791492502
-0.652484453684 0.220467177403 -0.012999695385 -0.00393652709454
-1.35580777958 -0.275704607561 0.0202559781767 0.00648210809613
-0.576063841424 1.03423448993 -0.0289719994027 -0.00957838123253
-1.52098637473 0.200378339644 0.039164422944 0.0131678423169
-0.349998070483 0.0524320625198 -0.0509009278677 -0.0171841694633
-1.84447571138 -0.221354621466 0.0643581909083 0.0215553218912
0.438491464069 0.752693990702 -0.0799364008755 -0.0262075748865
-1.22963077393 0.539947232719 0.0985125823681 0.0310709939191
-0.203821378022 -0.0748437453273 -0.122090731373 -0.0360874046928
-2.0666852581 -0.0829280755676 0.155859276632 0.0412231944778
0.350428209975 0.35199134336 -0.217313602467 -0.0464924997795
-2.72412522955 0.987790967691 0.419477642738 0.0520054167113
3.7761556319 -0.586023056534 0.842102454091 -0.0580856588842
9.92972481863 -1.93042852383 -0.0897801919028 0.0656228342677
0.246002489734 1.63938402806 -0.0109988491682 -0.0775032922379
0.905561760161 0.505365639683 0.0780583607301 0.109090639409
0.309439338536 0.327861599444 1.00771910259 0.995887062876
