21.0 6.0 0.0 0.0
13.354928076 4.34217219519 -0.208264988505 -0.208264988505
0.0 1.0 0.0 0.0
-4.87827997205 -0.115396501027 0.120710678119 0.120710678119
-1.0 1.0 0.0 0.0
1.84215578227 1.63053858199 -0.0815925843564 -0.0815925843564
2.22044604925e-17 1.0 -8.881784197e-17 -8.881784197e-17
-1.79522603024 0.603083246315 0.0585424783056 0.0585424783056
-1.0 1.0 0.0 0.0
-0.312551358029 1.2354164258 -0.0427040342732 -0.0427040342732
-1.0 1.0 0.0 0.0
-1.02498541769 0.933464738325 0.030640039407 0.030640039407
-4.4408920985e-16 1.0 0.0 0.0
0.0413662508813 0.581304672618 -0.0207106781187 -0.0207106781187
-1.0 -2.31382016814e-16 0.0 0.0
-1.05563491861 0.190589956338 0.012003937954 0.012003937954
-4.4408920985e-16 1.0 0.0 0.0
0.144014846561 1.35381234797 -0.00393508534123 -0.00393508534123
-1.0 1.0 0.0 0.0
-1.64828880933 0.742838302398 -0.00393508534123 -0.00393508534123
-1.0 1.0 0.0 0.0
-0.133299592254 1.2581782082 0.012003937954 0.012003937954
-1.7763568394e-16 1.0 0.0 0.0
-0.488510595116 0.386877652774 -0.0207106781187 -0.0207106781187
-1.0 -8.881784197e-17 0.0 0.0
-0.842155782268 0.273200367464 0.030640039407 0.030640039407
0.0 1.0 0.0 0.0
0.2177446874 1.37352918041 -0.0427040342732 -0.0427040342732
-1.0 1.0 0.0 0.0
-1.96480521572 0.627937350329 0.0585424783056 0.0585424783056
-1.0 1.0 0.0 0.0
0.0892696304354 1.44389362229 -0.0815925843564 -0.0815925843564
-1.0 1.0 0.0 0.0
-2.06606118922 0.416719007135 0.120710678119 0.120710678119
-8.881784197e-17 1.0 0.0 0.0
2.05563491861 1.85845749871 -0.208264988505 -0.208264988505
-1.0 1.0 0.0 0.0
-5.06359181822 -0.719279156692 0.635310236809 0.635310236809
0.0 -1.23889351066e-16 1.0 1.0
13.5282765066 3.58266230347 0.635310236809 0.635310236809
