9.37592431979 5.59230268419 0.18402748378 0.18402748378
-1.10811182003 -0.114793019372 -0.0718658719778 -0.0718658719778
-0.952829281893 0.0779444593754 0.0400379628756 0.0400379628756
-0.335048957826 0.598684646948 -0.0248575745586 -0.0248575745586
0.0243251628451 1.24404015337 0.0158836368426 0.0158836368426
-0.970910088837 0.783869928189 -0.00989472163643 -0.00989472163643
0.46623700591 1.21690964506 0.00556816886198 0.00556816886198
-0.479524856641 0.725045922195 -0.00226042978669 -0.00226042978669
-0.429018590185 0.363284789851 -0.0003795313902 -0.0003795313902
-0.227472384538 1.00895204783 0.00255977509992 0.00255977509992
0.305181569675 1.00369766358 -0.00441173932052 -0.00441173932052
0.41325053806 1.04893459365 0.0060228229432 0.0060228229432
0.664727105897 0.661769769608 -0.00745369309225 -0.00745369309225
0.28114584673 0.347031114766 0.00874807774278 0.00874807774278
0.802351062703 1.25348094541 -0.00993860635755 -0.00993860635755
0.983060008443 -0.162817317155 0.0110504570345 0.0110504570345
1.07321120231 0.14620531934 -0.0121037324152 -0.0121037324152
0.910579549184 -0.110443817812 0.0131150742864 0.0131150742864
0.355968836107 -0.664121756226 -0.014098813056 -0.014098813056
0.815695712306 -0.125231778087 0.015067833218 0.015067833218
1.17944883686 0.0752192033436 -0.016034272771 -0.016034272771
0.815551609527 -0.0118573765524 0.0170101405852 0.0170101405852
1.19212655531 -0.160497831598 -0.0180079198383 -0.0180079198383
0.797801772946 -0.711606405584 0.019041223005 0.019041223005
1.2164278079 -0.340956552661 -0.0201255737216 -0.0201255737216
0.759687460509 -1.22734050498 0.0212794160923 0.0212794160923
1.29598490313 0.0125844886754 -0.0225255006388 -0.0225255006388
0.372149163633 -1.2811223676 0.0238928848492 0.0238928848492
0.0892036718732 -0.79795666216 -0.0254199493029 -0.0254199493029
-0.20818179999 -1.10304355956 0.0271591392176 0.0271591392176
-0.886678303511 0.18885048869 -0.0291847534313 -0.0291847534313
-1.13647047302 -0.142149444982 0.0316063868883 0.0316063868883
-0.849281933791 0.0780759581803 -0.0345935193438 -0.0345935193438
-1.16152739821 0.10253512185 0.0384238101889 0.0384238101889
-0.828378029639 0.788575973546 -0.0435869220644 -0.0435869220644
-1.18359867549 0.245632176731 0.0510360830892 0.0510360830892
-0.797103657941 1.4035023917 -0.0629089956628 -0.0629089956628
-1.25113811255 0.658460864875 0.085200901599 0.085200901599
-0.413713817294 1.35311736586 -0.143630455072 -0.143630455072
0.009340636612 0.0928777363232 0.740865022728 0.740865022728
