20.7801473572 7.49785881064 0.0463875480774 0.0463875480774
-1.35920991421 -0.0812422026884 -0.0103989467788 -0.0103989467788
-0.644791064827 0.0993283405077 -0.00111723372709 -0.00111723372709
-1.35486650526 -0.11333020274 0.00684194917684 0.00684194917684
-0.644989913337 0.124980573099 -0.0103001946599 -0.0103001946599
-1.35455338479 -0.135535442015 0.0126395740335 0.0126395740335
-0.647244643363 0.146318732358 -0.0143455484586 -0.0143455484586
-1.34859383401 -0.159558524459 0.0156589352274 0.0156589352274
-0.66007007529 0.181157021091 -0.0167129040466 -0.0167129040466
-1.32075470054 -0.237727482434 0.0175872028437 0.0175872028437
-0.735444644332 0.879178821797 -0.0183326223359 -0.0183326223359
-0.498912260102 0.964336965983 0.0189831627012 0.0189831627012
-0.444462151491 1.0630673577 -0.0195625613459 -0.0195625613459
-0.553291382777 0.938471402979 0.0200880169573 0.0200880169573
0.53794611244 1.01656534786 -0.0205724263475 -0.0205724263475
0.593869471375 -0.116724147737 0.0210257900952 0.0210257900952
1.41530450515 0.0695396180631 -0.0214561338237 -0.0214561338237
0.585804994478 0.00455121813245 0.021870138302 0.021870138302
1.40990741312 -0.30206460281 -0.0222735913815 -0.0222735913815
0.598546213532 -0.851661004451 0.0226717314462 0.0226717314462
1.38272384963 0.287359250885 -0.0230695282615 -0.0230695282615
0.674267745509 0.23725449045 0.023471934424 0.023471934424
0.803664233354 1.43438490089 -0.0238841349603 -0.0238841349603
-0.574500019695 0.63120581406 0.0243118222717 0.0243118222717
0.535386450792 1.34092183608 -0.0247615284766 -0.0247615284766
-0.516780461527 0.68332665971 0.0252410587255 0.0252410587255
-0.345239614345 0.438652210909 -0.0257600909297 -0.0257600909297
-0.699143078858 0.567711823132 0.0263310471927 0.0263310471927
-0.283761809489 1.45765192179 -0.0269704156766 -0.0269704156766
-0.715910816536 0.389210351412 0.0277008415873 0.0277008415873
-0.305222524172 0.525356727281 -0.0285545854569 -0.0285545854569
-0.627183736421 0.74196199451 0.0295795386052 0.0295795386052
-0.70790885009 1.42809701138 -0.030850331031 -0.030850331031
-1.46416799999 0.100980844326 0.0324904075322 0.0324904075322
-0.0181728834248 0.819615310023 -0.0347202189329 -0.0347202189329
-0.822160351843 0.212198419569 0.0379764489439 0.0379764489439
-0.858453811613 0.764797747298 -0.0432642620011 -0.0432642620011
-1.21043087952 0.280825651617 0.0535306571714 0.0535306571714
-0.781331562483 -0.0563794211721 -0.0827405176714 -0.0827405176714
-0.378155007121 -0.0168301915402 0.945492529128 0.945492529128
