9.0 21.0 -9.51619735393e-18 -9.51619735393e-18
2.19899597129 2.95385331095 -0.065274066465 -0.065274066465
-0.156967118864 -2.73296261151 0.0826840358104 0.0826840358104
2.05110820698 2.36052630527 -0.0825748769302 -0.0825748769302
0.103755901752 -1.84878336279 0.0726962057638 0.0726962057638
1.70540833331 1.09754987537 -0.0568941875269 -0.0568941875269
0.509031484271 -1.94352883292 0.0379733699956 0.0379733699956
1.26112621759 0.627322974383 -0.0183199571557 -0.0183199571557
1.0 -6.09036630652e-16 1.23777592385e-17 1.23777592385e-17
-0.142213549967 -1.39543624328 0.015292134507 0.015292134507
0.999844127975 0.454623423457 -0.026318230073 -0.026318230073
0.783952223623 -1.21289357493 0.0323661409913 0.0323661409913
1.34946822828 -0.524647978675 -0.0332826241756 -0.0332826241756
0.414460023881 -1.46332945598 0.0294589944742 0.0294589944742
0.0905084918552 -0.657377266973 -0.0217678317245 -0.0217678317245
-0.135080588291 -1.17048834542 0.011455450694 0.011455450694
-1.0 -1.0 1.00731185443e-17 1.00731185443e-17
-0.985555137899 -0.913303950467 -0.011051161029 -0.011051161029
-1.06375425899 -0.429802557375 0.0202489172187 0.0202489172187
-0.880763670269 -0.182033589461 -0.0263982196614 -0.0263982196614
-1.18803284241 -1.18483318809 0.028686913652 0.028686913652
-0.604238008755 0.474728785528 -0.0267748595667 -0.0267748595667
0.104765755344 -1.68753499588 0.0208345562848 0.0208345562848
-0.0465721317931 -0.67300274575 -0.011539283596 -0.011539283596
7.1054273576e-16 -1.0 2.61514459426e-18 2.61514459426e-18
0.946761513911 -1.2946008487 0.0123426410647 0.0123426410647
0.312527273227 -0.500991442597 -0.0238602497832 -0.0238602497832
0.269988966608 -1.19241782371 0.0328981842676 0.0328981842676
1.49674142682 1.09119955176 -0.0379398634276 -0.0379398634276
0.599695762018 -1.02415425089 0.0377563634522 0.0377563634522
1.29708317038 0.851158422036 -0.031524137368 -0.031524137368
0.83518003842 -0.55484645787 0.0188946858527 0.0188946858527
1.0 -1.0 3.10503900083e-19 3.10503900083e-19
1.19334084451 0.363153088854 -0.0246276413149 -0.0246276413149
0.593272796518 -0.932348538706 0.0542664384286 0.0542664384286
1.62921903414 1.53070706584 -0.0884819795301 -0.0884819795301
0.150073420316 -2.13576824054 0.128398834498 0.128398834498
2.06413495577 2.84326530641 -0.181615595985 -0.181615595985
-0.312603570753 -1.8184023812 0.300332236328 0.300332236328
1.12676528063 2.82540057384 0.974515804886 0.974515804886
