11.0 9.0 -5.04646829375e-18 -5.04646829375e-18
6.87614040514 5.17880695929 -0.199509670662 -0.199509670662
0.069763674519 -0.806062096384 0.0454270541676 0.0454270541676
-0.799394497898 -1.52671304609 0.101866833945 0.101866833945
1.89419410657 0.736884601525 -0.0543406757796 -0.0543406757796
1.86532950793 0.683552240189 -0.0541711305928 -0.0541711305928
0.165969784496 -0.617672098283 0.0521648946647 0.0521648946647
0.589130911102 -0.27375414997 0.0248721553135 0.0248721553135
1.79468413088 0.435286493676 -0.0444824554681 -0.0444824554681
1.13200623039 0.0451289334663 -0.00625086433443 -0.00625086433443
-0.0997762408823 0.0764056423466 0.0340268465131 0.0340268465131
0.067076327592 1.08903485465 -0.00449832992346 -0.00449832992346
0.84296583458 1.41144560177 -0.0228100444693 -0.0228100444693
0.947742866912 0.842631584426 0.00889500038633 0.00889500038633
0.42146249362 0.772469088201 0.0125317436801 0.0125317436801
-0.376266460448 1.16031933921 -0.00820355658307 -0.00820355658307
-0.972407510974 1.10509215094 -0.00462364733503 -0.00462364733503
-0.76163267279 0.879586545744 0.00377006196405 0.00377006196405
-0.0900483508235 0.970845242756 0.00020059328777 0.00020059328777
0.139593567522 1.05473110442 0.00288891863302 0.00288891863302
7.6706318065e-16 1.0 5.04646829375e-18 5.04646829375e-18
-0.000988606948553 1.01951998391 -0.0101025391185 -0.0101025391185
-0.0150557889669 0.982323031184 0.00434314962812 0.00434314962812
-0.0842075970565 0.915097830812 0.0161021399944 0.0161021399944
0.0817384600247 1.07911121003 -0.0131361159719 -0.0131361159719
0.130176456954 1.12427827158 -0.0190702656551 -0.0190702656551
-0.1868528433 0.822396952296 0.0259233780138 0.0259233780138
-0.127544182069 0.878860485078 0.0171212215487 0.0171212215487
0.319027040672 1.30323923165 -0.0420125010951 -0.0420125010951
0.0619815117619 1.05899695981 -0.00808871340077 -0.00808871340077
-0.465544573543 0.55612007436 0.0607201640529 0.0607201640529
0.0855160045159 1.08169316226 -0.0112400493002 -0.0112400493002
0.612774052868 1.58671788031 -0.0819296609255 -0.0819296609255
-0.347721961031 0.666051007744 0.0478742735268 0.0478742735268
-0.747406282332 0.278822308077 0.107909187897 0.107909187897
0.806315393381 1.78467769337 -0.125928046059 -0.125928046059
0.858079776446 1.85085280611 -0.15438578406 -0.15438578406
-1.7702865218 -0.857914489274 0.435078796212 0.435078796212
-0.938113218397 -0.726096302384 0.98356478229 0.98356478229
6.1124878623 5.01359654755 0.697684673196 0.697684673196
