16.0 6.0 -5.69345140833e-18 -5.69345140833e-18
0.447843601815 1.12388299667 -0.0126987193734 -0.0126987193734
-0.505483505931 0.907782515985 0.0170394541689 0.0170394541689
1.47789934238 0.151284877903 -0.0192511077136 -0.0192511077136
-0.440094635342 0.746640016689 0.0206049999974 0.0206049999974
1.37898442276 1.21085814722 -0.021528612988 -0.021528612988
-0.262021279175 0.801641140426 0.0222061391504 0.0222061391504
0.373009235994 1.19292452263 -0.0227300593561 -0.0227300593561
-0.472086795754 0.809679719579 0.0231519577695 0.0231519577695
1.23576496525 1.18923627928 -0.0235029277516 -0.0235029277516
-0.00309640003749 0.810799607287 0.023802875328 0.023802875328
0.126755842626 1.19009602051 -0.0240651832856 -0.0240651832856
-0.0741981664847 0.807950866101 0.0242992296542 0.0242992296542
-0.560356496878 1.19547918104 -0.0245118320896 -0.0245118320896
-0.661634936111 0.798644047171 0.0247081193806 0.0247081193806
-0.0866298281946 1.21201221083 -0.0248920813543 -0.0248920813543
-1.62466596509 0.765827314688 0.0250669307312 0.0250669307312
-0.445302785683 1.2957613752 -0.0252353516641 -0.0252353516641
-1.52453866236 0.292651232615 0.0253996788933 0.0253996788933
-0.491457924306 0.00770114616486 -0.0255620347504 -0.0255620347504
-1.49881200602 -0.0533736565081 0.0257244420801 0.0257244420801
-0.508566353009 0.0543488479094 -0.0258889263018 -0.0258889263018
-1.48199620355 -0.0120069865039 0.026057617748 0.026057617748
-0.54445554122 -0.262618828881 -0.0262328654719 -0.0262328654719
-1.25941669415 -1.29713257806 0.0264173759163 0.0264173759163
1.05514811056 -0.765074216324 -0.026614394861 -0.026614394861
0.310916815888 -1.21316762055 0.0268279605161 0.0268279605161
0.225631791225 -0.796879605174 -0.0270632728502 -0.0270632728502
-0.116295504886 -1.19800506527 0.0273272560562 0.0273272560562
1.42124549188 -0.804447572405 -0.0276294519257 -0.0276294519257
-0.787985107435 -1.19493453351 0.0279835040757 0.0279835040757
0.867221975392 -0.80398782915 -0.0284097532263 -0.0284097532263
0.326766844412 -1.19926843265 0.0289400600007 0.0289400600007
0.562323588102 -0.793619679055 -0.0296274663537 -0.0296274663537
0.514081071047 -1.22305079718 0.0305675057107 0.0305675057107
0.430676152321 -0.71873203629 -0.0319516796148 -0.0319516796148
0.608448780391 -0.154727278577 0.0342288041485 0.0342288041485
0.366595302287 -0.936633738157 -0.0387566747277 -0.0387566747277
0.644420042898 -1.09338540917 0.0524666014946 0.0524666014946
0.359976799001 0.160972002642 0.99897290848 0.99897290848
