16.5239788504 5.49517603574 0.124798682556 0.0677191564491
-1.25022982485 0.106062176046 -0.0656851388922 -0.0205767714385
-0.752071960024 0.862640789888 0.0423291576846 0.00572843925721
-1.22988752091 0.152262218079 -0.0285636305032 0.00161068756522
-0.828591524942 0.853879724806 0.0190621864683 -0.00603075951334
-0.79300917885 0.0862546803313 -0.0119128499934 0.00901506873318
0.407931422822 1.43169493572 0.00622370622118 -0.0111884543258
-0.326187302458 0.685393198977 -0.00151005990635 0.01286002633
0.248810162564 1.24548603496 -0.00251939767205 -0.014200387383
0.619593759427 0.815687954044 0.00605293529255 0.0153115519148
0.278491493451 1.09464351127 -0.00921929217188 -0.0162584164421
-1.14529225158 -0.03448986986 0.0121107401749 0.017084382077
0.0919845621876 1.15085796652 -0.0147962522091 -0.0178197244317
-1.0623000624 0.992939852101 0.0173294990526 0.0184863629584
0.0446359651344 0.604610971296 -0.0197539820189 -0.0191007227477
-1.03622980487 0.345664394088 0.022106514794 0.0196755312526
0.0405921473061 0.667495117267 -0.0244197368852 -0.0202209948535
-1.08303456156 0.299645682934 0.0267240712565 0.0207456028068
0.790722097346 1.38449052724 -0.0290494000164 -0.0212567032451
-0.714062663089 0.736431172082 0.0314266662193 0.0217609403109
0.703293876874 1.14118760062 -0.0338895916471 -0.0222646109946
0.379676736275 -0.0430885083364 0.036476722712 0.0227739839563
1.61757333142 1.02444140417 -0.0392340860654 -0.0232956152925
0.379910201353 -0.188816977723 0.0422188757136 0.0238366956316
1.63200093514 -0.253387976151 -0.0455048568888 -0.0244054689377
0.338361362545 -0.80144432773 0.0491906697592 0.0250117777799
1.74272553843 -0.131921596779 -0.0534131903227 -0.0256678171606
-0.387473813318 -1.48264983426 0.0583701130864 0.026389228818
1.32658447439 -0.623150601361 -0.0643603345231 -0.0271967596963
-0.33369126227 -1.31626902665 0.0718612425572 0.0281188830227
0.494235779276 -0.731007147639 -0.0816897987372 -0.0291961290124
-0.65626243679 -1.2212581523 0.0953778962155 0.0304886092009
-0.332187917832 -0.847906581058 -0.116192880875 -0.0320898912846
-0.613536454829 -0.920388319282 0.152632348781 0.0341545265232
-0.742841166143 0.302216448509 -0.236253762863 -0.0369580053644
-1.11117762608 -0.171080558584 0.674151238127 0.0410446328003
1.77752291176 -0.326502202187 0.473898436372 -0.047662439055
1.11135128747 -1.40645407627 -0.12074368432 0.060446073622
1.2064120969 0.0158375582758 0.0114318373323 -0.0963555810701
-0.0855943869461 -0.086093289704 0.843120204316 0.91857400033
