14.2555141508 8.36978314151 0.0385230274367 0.0677191564491
0.478638208321 -1.24910661783 0.00754211158424 -0.0205767714385
1.4770576911 -0.662576201077 -0.0214683204391 0.00572843925721
0.610753366682 0.0450387839894 0.0279999163832 0.00161068756522
1.03416675958 -0.334986846896 -0.0316985766739 -0.00603075951334
-0.172683840318 -0.843033354339 0.0340268465131 0.00901506873318
1.716371108 0.434102686702 -0.0355939232635 -0.0111884543258
0.417057999294 -0.408694199089 0.0366967219616 0.01286002633
0.853141653071 1.07525773836 -0.0374960026756 -0.014200387383
-0.703057795895 0.803670182932 0.0380855358711 0.0153115519148
0.653711426231 1.22431184928 -0.0385230274367 -0.0162584164421
-1.74670909733 0.751993212004 0.0388453223878 0.017084382077
-0.0811209740585 1.29754473612 -0.0390764276768 -0.0178197244317
-0.860705006579 0.470020036413 0.0392319657653 0.0184863629584
-0.199750844616 0.35470892812 -0.0393217176012 -0.0191007227477
-0.679137733529 1.2047775391 0.0393510625052 0.0196755312526
-0.943820599819 0.327584418833 -0.0393217176012 -0.0202209948535
-0.514266240877 0.556916035529 0.0392319657653 0.0207456028068
-0.343956788123 0.488215788649 -0.0390764276768 -0.0212567032451
-1.51077852614 0.497073719823 0.0388453223878 0.0217609403109
-0.482786878046 1.40294413122 -0.0385230274367 -0.0222646109946
-0.510942943386 0.552421807186 0.0380855358711 0.0227739839563
-0.679246660849 0.256508439007 -0.0374960026756 -0.0232956152925
-1.35033994544 -0.299524822796 0.0366967219616 0.0238366956316
-0.631233495519 0.3426614248 -0.0355939232635 -0.0244054689377
-1.42385811526 -0.436150536955 0.0340268465131 0.0250117777799
-0.0836489503696 0.989667613173 -0.0316985766739 -0.0256678171606
-0.72402119715 0.0855434498679 0.0279999163832 0.026389228818
-1.10580193976 0.900320186744 -0.0214683204391 -0.0271967596963
-0.817561327781 0.0771286763955 0.00754211158424 0.0281188830227
-1.42643869896 1.00296087799 0.0385230274367 -0.0291961290124
1.50458797255 -0.313761294608 0.949062609531 0.0304886092009
9.14901105168 -1.8386392946 -0.128445472355 -0.0320898912846
-0.553527619333 0.639100572441 0.0946006001452 0.0341545265232
1.96841913334 0.59586993296 -0.0846204444194 -0.0369580053644
0.31750077368 -0.0346683061487 0.0820892656007 0.0410446328003
1.04731103296 -0.550219834954 -0.0846204444194 -0.047662439055
-0.126804509597 -0.570913012683 0.0946006001452 0.060446073622
1.85882249791 0.310252816775 -0.128445472355 -0.0963555810701
-0.578956005533 -0.241377131224 0.949062609531 0.91857400033
