22.2239425309 7.42529186048 0.109250937167 0.106678401451
-1.59675395815 0.44242324005 -0.0435973045383 -0.0386198285181
-0.401509070662 0.575017832285 0.0248027209486 0.0178365494932
-1.60468035123 0.467417621783 -0.0163327772486 -0.00767553570551
-0.382135635761 0.0408693095366 0.0117208227264 0.00159110820153
-1.65532326726 -0.16139454468 -0.00893645014973 0.00250208821776
0.462835365574 0.99119074005 0.00714782656416 -0.00547555138759
-0.611765957594 0.915216964118 -0.00595568353313 0.00775818913588
-0.522349770627 0.998249725935 0.00514707085729 -0.00958585460569
-1.49200611853 -0.394901498639 -0.00459965932206 0.0110991898635
-0.547271271194 0.738908350437 0.00423935906102 -0.0123874688029
-0.948229969314 0.888114612939 -0.00401967144767 0.0135102877648
0.718296056741 1.17265625013 0.00391088647222 -0.0145091551538
-0.703449700456 0.797334240458 -0.00389413152675 0.0154140807819
0.749253595009 1.22696309716 0.00395799058083 -0.0162475222392
-0.983639947465 0.743449589299 -0.00409658598685 0.0170268583187
-0.0576602801677 1.31761201226 0.00430856667921 -0.0177660060442
-0.865877571808 0.265288083498 -0.00459673026638 0.0184765236671
-0.777379187472 0.0325488029581 0.00496817309759 -0.0191683993197
-0.551217073522 0.647879570969 -0.00543498522978 0.0198506480202
-0.450889814257 0.363386839339 0.00601563311148 -0.0205317974483
-1.48136145528 -0.334989720931 -0.00673734915601 0.0212203202937
-0.578645034555 0.383295534745 0.00764014942931 -0.0219250606741
-1.09120832176 -0.720058523661 -0.00878368127321 0.0226557009985
0.676028921279 -0.845019593643 0.0102593136305 -0.0234233233872
-0.643523208776 -1.24518597142 -0.0122126124121 0.0242411386667
1.39508071258 0.0466570895798 0.0148880629793 -0.0251254920612
-0.375969362494 -1.04766728663 -0.0187263442109 0.026097320507
1.5535713168 0.141133969474 0.0246027546056 -0.027184357638
0.469189683023 -1.54744483914 -0.0345192267424 0.0284246127249
1.5078115702 -0.0384379435578 0.0542136084844 -0.0298721081928
0.546163477502 -0.908665185043 -0.109130326923 0.0316068269117
0.764385815087 -0.0680223459587 0.811713438613 -0.0337530077361
-0.605059407734 -1.82567015352 0.191790017647 0.0365153267304
0.539985489255 -0.961039558444 -0.0998988300067 -0.0402573720228
-0.352826006001 -1.08999860226 0.077170130665 0.0456940932212
1.72536272071 -0.926517336932 -0.0723288136708 -0.0544530895758
0.319289292245 -0.684843245234 0.0810010901336 0.0712166405387
1.69777184808 0.388480421339 -0.121596103469 -0.117232928949
-0.416062739859 -0.383442452604 0.865779148442 0.865343171344
