7.0 13.0 0.0 0.0
1.98526263278 1.20103651321 -0.0773510129099 -0.0773510129099
0.255726301528 -2.14579658853 0.0933900615642 0.0933900615642
1.0646123798 1.08068221813 -0.0853615328236 -0.0853615328236
-0.301048883328 -1.98052491088 0.0649691986795 0.0649691986795
1.49729930596 0.861930331365 -0.0394553283386 -0.0394553283386
0.84071131729 -0.267797654709 0.0143802258003 0.0143802258003
0.935894984401 -0.0852723574448 0.00615161852257 0.00615161852257
1.19910799998 -0.51402083589 -0.0196823665576 -0.0196823665576
0.743274606033 -0.988386491875 0.0254895289727 0.0254895289727
1.25334689162 0.759521975985 -0.0244232188356 -0.0244232188356
0.789685759088 -0.565670509832 0.018490381429 0.018490381429
1.14681563666 0.345204882418 -0.010267146141 -0.010267146141
0.942664877168 -0.103550681466 0.00226456617359 0.00226456617359
0.0195882102863 -1.06190395375 0.00361792790843 0.00361792790843
0.66108584389 -0.17073332433 -0.00644016670282 -0.00644016670282
1.28935215547 0.0867523703475 0.00630683663085 0.00630683663085
0.705483584542 -0.121566711365 -0.00418916393371 -0.00418916393371
1.28983881574 0.275982413456 0.00154118202894 0.00154118202894
0.750057649233 1.07148696613 0.000185079310501 0.000185079310501
-2.67759670645e-16 1.0 1.63268091857e-18 1.63268091857e-18
0.188274211423 1.01407265255 -0.00230499342272 -0.00230499342272
-1.05457537307 0.930030681376 0.00606257038076 0.00606257038076
-0.195033495895 1.13761816351 -0.0098859819914 -0.0098859819914
-0.505507570965 0.81553472943 0.0120433499686 0.0120433499686
-0.768940040272 1.17967796203 -0.0109624218013 -0.0109624218013
-0.0481232430199 0.899468815953 0.0057443539056 0.0057443539056
-0.999243639011 0.934262697753 0.00344126131754 0.00344126131754
-0.101616214409 1.34321652049 -0.015184560309 -0.015184560309
-0.670140851093 -0.147366959698 0.0269427625693 0.0269427625693
-0.636299946703 0.809245684608 -0.0354192421948 -0.0354192421948
-0.0448269587911 0.742836355743 0.0371413823859 0.0371413823859
-1.22797336836 1.27834626407 -0.0291091680116 -0.0291091680116
-0.945116517359 0.901479587066 0.00934807165666 0.00934807165666
-0.0525888932162 0.75221295713 0.0228321592718 0.0228321592718
-0.528057283104 1.72106395688 -0.0671606763483 -0.0671606763483
-1.55822474729 -0.26404456145 0.124063273345 0.124063273345
-0.297488893464 2.81229769513 -0.201444152009 -0.201444152009
-1.7497055588 -1.35554643711 0.367369856683 0.367369856683
1.24407537408 2.22998428945 0.963336072061 0.963336072061
