16.2348768073 5.56821211346 0.253528245596 0.253528245596
-1.53393476907 -0.100811025529 -0.0972277052062 -0.0972277052062
-0.498888497966 0.116299616777 0.0568707554508 0.0568707554508
-1.49098421357 -0.112873773402 -0.0381832805864 -0.0381832805864
-0.509342912849 0.0551722090771 0.0273006000043 0.0273006000043
-1.49805162619 -0.867960328976 -0.0201045923773 -0.0201045923773
-0.482909925284 0.336530056793 0.014938850827 0.014938850827
-1.57051540698 -0.35336244761 -0.0110079649705 -0.0110079649705
0.0371435264118 0.810529749145 0.00788204810983 0.00788204810983
-0.365374783376 0.863246183873 -0.00530805636917 -0.00530805636917
0.428407824503 1.20103337485 0.00312699806864 0.00312699806864
-1.11812606186 0.106003205888 -0.00123362118673 -0.00123362118673
0.423734429223 1.20455358534 -0.000444856853241 -0.000444856853241
-0.456301645278 0.756003066004 0.00196071841475 0.00196071841475
0.490936631185 1.28819766265 -0.00335285140064 -0.00335285140064
-0.570821297822 0.617955176904 0.00465116805928 0.00465116805928
-0.153261315226 0.680317326052 -0.0058794722508 -0.0058794722508
-0.925274497231 0.199066513224 0.00705739997234 0.00705739997234
0.0943578583511 1.07948819278 -0.00820179436092 -0.00820179436092
0.196185582314 0.343056138035 0.00932773491512 0.00932773491512
0.80757961629 0.845894874888 -0.0104493630842 -0.0104493630842
0.519942123276 0.998161774051 0.0115806044334 0.0115806044334
1.49190681182 0.367620167852 -0.0127358675023 -0.0127358675023
0.478180786263 -0.278540624732 0.0139307950635 0.0139307950635
1.58971608354 0.339478222341 -0.0151831534647 -0.0151831534647
0.111351561672 -0.645025790671 0.0165139730644 0.0165139730644
1.05681853459 -0.174268684061 -0.01794910604 -0.01794910604
0.420477847973 -0.369390389191 0.0195214652043 0.0195214652043
0.739111488554 -0.426926150763 -0.0212743859428 -0.0212743859428
0.206851438443 -0.804028189856 0.0232668903173 0.0232668903173
0.821798254026 -1.03146559206 -0.0255822969855 -0.0255822969855
-0.469771872759 -1.02017891663 0.0283430064848 0.0283430064848
0.474662602978 -0.959672410592 -0.0317373847287 -0.0317373847287
-1.13026996397 -1.00835538242 0.0360721736123 0.0360721736123
-0.698669677207 0.0886347902228 -0.0418840857716 -0.0418840857716
-1.32846558943 -0.100594651393 0.0502067057904 0.0502067057904
-0.667922759328 0.0772605486654 -0.0633211134767 -0.0633211134767
-1.31895185045 0.371134108819 0.0874558427301 0.0874558427301
-0.732816426448 0.662303798281 -0.147849742307 -0.147849742307
-0.827522647399 0.311784660541 0.59502989116 0.59502989116
