11.0 9.0 1.2002411077e-16 4.20084387696e-17
0.984529476558 1.5811424939 -0.0462126874692 -0.0387739529946
-1.87314394915 0.498975597015 0.0650347061531 0.0512034122389
0.59763380151 1.41821691472 -0.0747774253342 -0.0557108302197
-0.589841461657 0.665380525133 0.0793278544314 0.0562728570465
0.00753523734401 1.25106449073 -0.0800553222318 -0.0543227039723
-1.33660295075 0.832592783649 0.0776296348854 0.050565236266
0.939195021324 1.08080096157 -0.072488083439 -0.0454420084493
-0.815861936483 1.02273522708 0.0649916103011 0.0392864535487
0.857311581734 0.748240148525 -0.0554850180455 -0.032384035739
0.693835851294 -0.127226219465 0.0443210963069 0.024997171394
1.24928415747 0.0243628465642 -0.0318690275845 -0.0173751995037
0.851594677624 0.0185238250137 0.0185151243562 0.00975735611871
1.03742077687 -0.020008908833 -0.00465953002741 -0.00237226171898
1.07425314818 -0.989482363612 -0.00928924051512 -0.00456436229954
0.817687687854 -0.143564589555 0.0229207843294 0.0108528231536
1.28522487238 0.0910427724019 -0.0358294784182 -0.0163128852412
0.61338363592 -0.037335226583 0.0476205509168 0.0207871453423
1.5127965695 -0.0625851592877 -0.0579146336637 -0.024144110531
0.00863889075015 0.542505442392 0.066349453355 0.0262808009946
0.265668162524 1.14715069137 -0.0725763404466 -0.0271247442289
-0.271127989232 0.949200100313 0.0762469526602 0.0266352593538
0.0510564715482 0.988301546064 -0.076979907343 -0.0248039550539
-1.35380903475 1.05849784553 0.0742812084743 0.0216543833936
0.5892106991 0.910361507481 -0.0673418470538 -0.0172408038475
-0.438512986304 1.09756193288 0.0544391188879 0.0116460144956
-0.863930477576 0.93573637346 -0.0306309506208 -0.00497819442303
0.0532642697488 0.9476476321 -0.0270293009278 -0.00263333900444
-0.393119432658 0.662940847717 0.994687108141 0.0110436460451
3.12826893145 -7.38494398503 0.181661334016 -0.0200993350737
0.397342045362 -3.39161182198 -0.0994429427269 0.0296481758853
0.814789999696 0.486827776854 0.0627841477788 -0.0395528311575
0.191364729439 -2.23338476194 -0.0357033309721 0.0497124394316
0.737760667424 0.110741131825 0.0117824074333 -0.0601009854277
0.369097071186 -2.03011631792 0.0110483026877 0.0708461268973
0.486804901817 -0.0366317974261 -0.0339584421842 -0.0824207239241
0.794771856238 -1.89803343846 0.0585769162019 0.0962176704529
1.34060215276 -0.175210515871 -0.0896078682682 -0.116907271432
-0.771283513671 -1.71697728939 0.152657399377 0.170159050841
0.821771252495 0.825209629712 0.999137828741 0.990779592424
