13.4136615036 3.88246549898 0.18402748378 0.18402748378
-1.26316421311 1.19375467764 -0.0718658719778 -0.0718658719778
-0.747513672461 0.391451047845 0.0400379628756 0.0400379628756
-0.641294157443 0.572045924418 -0.0248575745586 -0.0248575745586
-0.299799763007 0.391474968742 0.0158836368426 0.0158836368426
-0.684317808863 0.928473174328 -0.00989472163643 -0.00989472163643
-0.812579086523 1.08405371186 0.00556816886198 0.00556816886198
-1.19595644289 0.913345098753 -0.00226042978669 -0.00226042978669
0.148539316535 1.08718271668 -0.0003795313902 -0.0003795313902
-1.58519243392 0.913964205316 0.00255977509992 0.00255977509992
0.189418920084 1.08230161197 -0.00441173932052 -0.00441173932052
-0.457260721809 0.926277436774 0.0060228229432 0.0060228229432
0.802341217293 1.05430020908 -0.00745369309225 -0.00745369309225
0.132286773672 0.999785762102 0.00874807774278 0.00874807774278
0.963495730188 0.25981787473 -0.00993860635755 -0.00993860635755
0.80861811972 0.0545197390971 0.0110504570345 0.0110504570345
1.26398797991 0.89449650103 -0.0121037324152 -0.0121037324152
0.692678959325 -0.392041202171 0.0131150742864 0.0131150742864
1.34152621771 0.336442076412 -0.014098813056 -0.014098813056
0.625779747642 -0.334816481396 0.015067833218 0.015067833218
1.4111675573 0.37996264315 -0.016034272771 -0.016034272771
0.538522837275 -1.00896827801 0.0170101405852 0.0170101405852
1.55238025969 0.0461110526098 -0.0180079198383 -0.0180079198383
0.103296777582 -1.41387027789 0.019041223005 0.019041223005
0.970107796575 -0.0520568014888 -0.0201255737216 -0.0201255737216
-0.118528383686 -1.04387972325 0.0212794160923 0.0212794160923
0.526964486357 -0.562399445977 -0.0225255006388 -0.0225255006388
0.371015430155 -0.539364344656 0.0238928848492 0.0238928848492
0.175667647601 -0.904067149989 -0.0254199493029 -0.0254199493029
-1.10610743457 -1.28546739336 0.0271591392176 0.0271591392176
-0.754435387976 -0.199256968672 -0.0291847534313 -0.0291847534313
-1.31098683164 0.516405244814 0.0316063868883 0.0316063868883
-0.627353293989 0.604888998489 -0.0345935193438 -0.0345935193438
-1.46714020243 0.267065825968 0.0384238101889 0.0384238101889
-0.178419748741 1.14606074575 -0.0435869220644 -0.0435869220644
-0.864556789009 0.305820235572 0.0510360830892 0.0510360830892
-0.699826758453 0.761288504093 -0.0629089956628 -0.0629089956628
-0.544627232599 1.04182643708 0.085200901599 0.085200901599
-0.411885051258 1.06313639187 -0.143630455072 -0.143630455072
-0.064433432475 0.323744261498 0.740865022728 0.740865022728
