12.0 9.0 1.1485065772e-16 5.35969736026e-17
4.72042655892 3.42915577752 -0.124584071779 -0.141135780989
-1.41956721399 -2.43147944483 0.120938856024 0.129841883884
1.85184311891 0.916744130719 -0.0549167211836 -0.0534304078756
1.37640642973 0.430095758779 -0.0306167965826 -0.0259875743926
0.105388940897 -1.08246671257 0.0927976172693 0.0663251854744
1.71192313686 0.914034505271 -0.0967843129348 -0.0561007594754
0.842468075149 -0.215991546263 0.0293233279522 0.0131614568064
0.659740297081 -0.503264860829 0.0928120250373 0.0301699355757
1.50693502596 0.811410625947 -0.225456099839 -0.0472297991906
0.630599774824 -0.56838997775 0.305743239265 0.0312837744598
0.0246221310828 -0.0680124210344 0.999438247926 0.00327474825967
-1.40805073022 1.23218440731 0.364525838671 -0.0321460307856
-1.8352597081 0.55600059501 -0.214742008836 0.0370852084768
0.422379267403 1.22505950706 0.0667459616842 -0.0167455062139
0.262779834702 1.19523992994 0.0425209379253 -0.0137481176416
-0.500153581536 0.50679589452 -0.0857889930932 0.033502217209
0.209692777725 1.44911744935 0.0654527289454 -0.0296411902139
-1.10714206737 0.915943861319 -0.0105760580027 0.00540070788472
-0.743186363199 0.641301166035 -0.0397203296381 0.0224047016561
1.01501665469 1.57405205593 0.056572862692 -0.0346860899662
-0.752539203259 0.606056531737 -0.0346525135297 0.0227915511371
-1.11307063206 0.8969094993 -0.00801395015695 0.00559002709689
0.290974447067 1.64750397574 0.0426622563957 -0.0312305600455
-0.823458437781 -0.0170446588488 -0.0472866296225 0.0359566970367
-0.817093752568 0.241205767835 0.0192541783679 -0.0150452122249
0.0365386681075 1.09997687669 0.0235837500703 -0.0187102602867
-0.279967311418 0.580390198063 -0.0533803766526 0.0423813444708
0.312533964102 1.44043561759 0.0482786334857 -0.0376620004492
-0.0359478171535 0.949748863852 -0.00527628896792 0.00394540578568
-0.371079741271 0.474725584919 -0.0562517736489 0.0389187602131
0.594744864666 1.86378102743 0.100619081592 -0.0610131988939
-0.401281361246 0.395712918241 -0.0841394558606 0.040792314088
-0.185959835908 0.709454189444 -0.0585858012513 0.0188410959769
0.864104415236 2.13945915087 0.755554275721 -0.0865488573501
-1.25039866715 -3.65374600178 0.864515714782 0.11355473607
-0.692604866523 -5.5823647289 -0.130249656245 -0.0521374444278
-0.25212994438 -0.513690242327 -0.213464203043 -0.141928876754
-2.91697190707 -0.729048863211 0.783917700738 0.698923378313
4.01846889703 2.35058979881 0.837159840806 0.880292882129
