12.2268433035 8.65409979575 0.0694777033242 0.106678401451
-0.00659504042704 1.08456972731 -0.00133621473264 -0.0386198285181
-0.254194150344 0.946114331861 -0.0193785550934 0.0178365494932
-0.840030648606 1.03933105455 0.0293572086135 -0.00767553570551
0.35421453663 0.966314313193 -0.0351658136473 0.00159110820153
-0.26025315277 1.03621659586 0.0388994441682 0.00250208821776
0.18978864834 0.949091059953 -0.0414318123901 -0.00547555138759
-1.03787283978 1.09456134099 0.043187897211 0.00775818913588
0.0334826357332 0.716977598568 -0.0443936693985 -0.00958585460569
-1.2939825034 0.215914972603 0.0451731315254 0.0110991898635
-0.846541557138 1.20397534239 -0.0455902211216 -0.0123874688029
-0.548823125306 0.916012863969 0.0456669203467 0.0135102877648
-0.426132722667 0.364934208159 -0.045388518722 -0.0145091551538
-0.494013014966 0.616511751919 0.0446988126528 0.0154140807819
1.39741258577 0.260462250496 -0.0434825249125 -0.0162475222392
0.650350358374 -0.232448864992 0.0415240821375 0.0170268583187
1.30563664584 0.222455586639 -0.038411534546 -0.0177660060442
0.767981541559 -0.194310826194 0.0332882851909 0.0184765236671
0.644058312817 -0.326359313563 -0.0240828070017 -0.0191683993197
-0.414623555173 -1.56115298535 0.00426302906309 0.0198506480202
0.343822462316 -0.235684332472 0.0628098492272 -0.0205317974483
-0.208865591579 -1.43106793594 0.910235407706 0.0212203202937
1.46099245822 -3.84213289537 -0.163205411965 -0.0219250606741
0.586194256836 0.842755119156 0.118348989352 0.0226557009985
1.39488314324 -1.01140399355 -0.102855077785 -0.0234233233872
0.628619724874 -0.197058526845 0.0955170515531 0.0242411386667
0.613896380278 -0.70801373695 -0.0917132111665 -0.0251254920612
0.333101014278 -0.339508467422 0.0899101918307 0.026097320507
0.671799350313 -0.646572478825 -0.0895519783065 -0.027184357638
0.378353618155 -0.312677608728 0.0905737245682 0.0284246127249
0.213867346023 -1.08927688108 -0.093427874165 -0.0298721081928
-0.350152709015 -1.04476266305 0.0998533666927 0.0316068269117
1.09914052052 -0.233156541196 -0.11851243981 -0.0337530077361
-0.176665620342 0.0600481072891 0.951009740344 0.0365153267304
-1.68916556344 -0.00523426914138 -0.0475907694609 -0.0402573720228
-1.13261005439 -0.033490498283 0.0723601052524 0.0456940932212
-0.805504951519 0.0772253250577 -0.0868950143821 -0.0544530895758
-1.26309814145 -0.160999882485 0.106191624954 0.0712166405387
-0.164094894488 0.78799525514 -0.153478622197 -0.117232928949
-0.0377407459383 0.245398274512 0.902241157264 0.865343171344
