9.17602818741 10.8176717413 0.155717839905 0.156307312843
0.953333328512 -0.24505825675 -0.0592826354002 -0.0604105981461
1.08334744959 0.299932189852 0.0306989049703 0.0324056816837
0.408968677732 -0.820798501948 -0.0165844713695 -0.0189212972355
-0.225794556048 -0.986601044746 0.0078786096353 0.0109108254706
0.37851115584 -0.867596066743 -0.00173701855521 -0.00554861910269
0.560099032995 -0.188644918193 -0.00303360291615 0.00166667900169
0.47892773844 -0.77613564782 0.0070393351139 0.00130576214797
0.46970291369 -0.272552474817 -0.0106433939087 -0.00368099376193
0.667036987656 -0.592321235647 0.0141076242351 0.00564453632532
1.22490242521 0.484709408797 -0.0176692607695 -0.00731380062431
0.80602595839 -0.452756748273 0.0216057837377 0.00876697431048
1.19292481259 0.448533760619 -0.0263286124703 -0.0100583998287
0.756264995194 -0.492567068377 0.0325844064338 0.0112272912889
0.337166973415 -0.427792719604 -0.0420226089244 -0.0123029415953
0.938114669479 -0.266510216396 0.0593417100087 0.0133079785363
1.16066679848 0.279460509967 -0.105709988549 -0.0142604887728
0.057103577561 -0.195999698485 0.796242126282 0.0151754632604
-5.983926934 6.20594627389 0.125066938564 -0.0160658279455
-0.446694181546 -1.00363724413 -0.055905455561 0.0169432213619
-0.401881935488 -0.124352050255 0.0389723034097 -0.0178186246452
-1.25992631063 -0.299265196064 -0.0433344280208 0.0187029193609
0.182807738683 0.46131073029 0.818409195575 -0.0196074345917
2.72324140728 1.51475053939 0.0353963024177 0.0205445426997
0.352746314889 1.17644326433 -0.0216806574276 -0.0215283724717
0.0453371734308 0.785340329658 0.019268542263 0.0225757317582
-0.123449580073 1.20839794934 -0.0193680172545 -0.0237073766361
-0.671170037041 0.844291510438 0.0203986569068 0.0249498460653
-0.385879715162 0.873386717913 -0.0219113062139 -0.0263382316246
-0.587491261134 0.122401446179 0.0237701409284 0.0279205376272
-0.424505204597 0.881224340478 -0.0259638590111 -0.0297648541249
-1.35625110571 -0.674387509849 0.0285561862209 0.0319717574586
-0.502329041574 0.828344600281 -0.0316853604235 -0.0346970396354
-0.445003433041 0.209315189011 0.0355990731816 0.0381964654162
-1.08519792382 0.281320691316 -0.0407465069667 -0.0429223091236
-0.969539797957 -0.37030873472 0.048011114262 0.0497583130966
-1.01857373383 0.455563019359 -0.0593872703023 -0.0606974235981
-0.97460783603 -0.764671655191 0.0805196372796 0.081381681132
-1.06577509969 -0.267652757878 -0.136117395061 -0.136516669727
-0.310974914821 -0.129550793071 0.788907009612 0.788824312958
