22.0 7.0 0.0 0.0
0.171306816217 0.28387001146 -0.0253141048256 -0.0253141048256
-2.13121398009 0.688762169046 0.0332659354587 0.0332659354587
0.0772923036968 0.422244336432 -0.0362587720026 -0.0362587720026
-2.00568707036 -0.303248229823 0.0369108382567 0.0369108382567
-0.0878360518362 0.212777992344 -0.0361501990165 -0.0361501990165
-1.78632275101 -0.105192749335 0.0344217922128 0.0344217922128
-0.411421134988 -0.066578538185 -0.0319938149118 -0.0319938149118
-0.918004287563 0.70691451886 0.0290596878669 0.0290596878669
0.0664331806661 0.473425483488 -0.0257777985526 -0.0257777985526
-1.18860428318 0.373540416784 0.0222883367499 0.0222883367499
0.315876714484 0.779805688935 -0.0187204813349 -0.0187204813349
-1.48283739435 0.0388957401288 0.0151951088208 0.0151951088208
0.861005823155 1.32244493802 -0.0118252866554 -0.0118252866554
-0.855263959257 0.84679824057 0.00871564465372 0.00871564465372
-0.538747773789 1.04921736478 -0.00596120272135 -0.00596120272135
-0.121340472032 1.03622145886 0.00364598765306 0.00364598765306
0.188133491159 0.851827508809 -0.00184164613246 -0.00184164613246
1.01853333417 0.0271491363251 0.000606191786493 0.000606191786493
1.00338943321 1.01461975836 1.70171802408e-05 1.70171802408e-05
1.0 1.01673055939e-15 1.31473779232e-17 1.31473779232e-17
0.990275175227 -0.0186651247566 -0.000669476158262 -0.000669476158262
1.05108089178 -0.0241904230906 0.00198791492502 0.00198791492502
0.103837586706 0.855508110002 -0.00393652709454 -0.00393652709454
0.693131540604 1.0592866828 0.00648210809613 0.00648210809613
0.616453870955 1.00338127305 -0.00957838123253 -0.00957838123253
-0.581124182006 0.915774743021 0.0131678423169 0.0131678423169
0.722082506 1.22702622806 -0.0171841694633 -0.0171841694633
-1.3530016592 0.168142527502 0.0215553218912 0.0215553218912
0.160043759142 0.600341600405 -0.0262075748865 -0.0262075748865
-0.955775887613 0.649696854633 0.0310709939191 0.0310709939191
-0.521871394698 -0.178204857095 -0.0360874046928 -0.0360874046928
-1.6602760026 0.0518581792725 0.0412231944778 0.0412231944778
-0.215219086981 0.00894749876785 -0.0464924997795 -0.0464924997795
-1.88355684562 -0.0231153313873 0.0520054167113 0.0520054167113
-0.0361189270532 -0.0853449697847 -0.0580856588842 -0.0580856588842
-2.02676806832 -1.16841603488 0.0656228342677 0.0656228342677
0.069456188371 0.321195401737 -0.0775032922379 -0.0775032922379
-2.07612681809 -1.41256210982 0.109090639409 0.109090639409
1.20246962562 0.448476084638 0.995887062876 0.995887062876
