10.5009272411 5.16470430991 0.0261093831309 0.0677191564491
0.573139267994 0.218849579725 0.0169127859091 -0.0205767714385
1.41853081038 -0.162542087583 -0.0284143559779 0.00572843925721
0.592296893119 0.115197937019 0.0329495120997 0.00161068756522
1.39781495978 -0.0728399741877 -0.0349588071114 -0.00603075951334
0.610097652769 0.0316034491721 0.0358238651262 0.00901506873318
1.38503966751 0.01519026734 -0.0360976063234 -0.0111884543258
0.613669471577 -0.0928414852038 0.0360364047589 0.01286002633
1.40955741551 0.81570149362 -0.0357708609733 -0.014200387383
-0.214360942135 1.0222184769 0.0353716090053 0.0153115519148
0.276481635721 1.04041423652 -0.0348780525946 -0.0162584164421
-0.268444502418 0.903419783125 0.0343120885735 0.017084382077
0.156306606403 1.1796592475 -0.0336850893898 -0.0178197244317
-1.50936717304 0.548867082478 0.0330015934058 0.0184863629584
-0.261812954914 0.330221157398 -0.0322612582215 -0.0191007227477
-0.189183893394 1.12394819756 0.0314598155437 0.0196755312526
0.237052822965 0.971254110498 -0.0305893812595 -0.0202209948535
-0.250378815727 0.983804243887 0.0296382723446 0.0207456028068
0.255438874618 1.0434679039 -0.0285903559776 -0.0212567032451
-0.259726122858 0.940406909613 0.0274238513875 0.0217609403109
0.271800031601 1.06256841736 -0.0261093831309 -0.0222646109946
-0.339427967045 0.963309686524 0.0246069017778 0.0227739839563
-0.855150767194 0.875446837515 -0.022860770942 -0.0232956152925
-1.16601981306 0.0361446005137 0.0207917200563 0.0238366956316
-0.836944617536 1.09390288634 -0.0182831496141 -0.0244054689377
-1.15149619402 -0.597805878557 0.0151566503111 0.0250117777799
-0.866388618913 0.577664723719 -0.0111254524849 -0.0256678171606
-1.10875914436 -0.658770590247 0.00569869919897 0.026389228818
-0.925578911554 1.44140610213 0.00203656520678 -0.0271967596963
-1.02536989039 -0.480441508007 -0.0139860171179 0.0281188830227
-1.04920890845 0.732313036205 0.0348780525946 -0.0291961290124
-0.826440381732 -1.02216522481 -0.0804624092638 0.0304886092009
-1.38604437179 1.60641385174 0.253403007619 -0.0320898912846
2.15621378238 -3.92672895326 0.850790287333 0.0341545265232
5.00180112558 -6.22110070139 -0.223098915777 -0.0369580053644
-0.308713586706 1.00195736004 0.151128701118 0.0410446328003
1.89304872593 -1.41423613885 -0.12789040097 -0.047662439055
0.266774744137 0.768653477309 0.124576897829 0.060446073622
1.67492321059 -0.526560250125 -0.150316538311 -0.0963555810701
-0.437551907893 0.385505244831 0.965453959293 0.91857400033
