10.0 13.0 -1.80036166155e-17 4.20084387696e-17
0.876687469328 2.04801188554 -0.0391457185627 -0.0387739529946
-1.78818355083 -0.0917249590067 0.051303531433 0.0512034122389
1.21923361272 2.14755425047 -0.0549679727805 -0.0557108302197
0.638375593309 -0.706992497193 0.0542115011224 0.0562728570465
1.34979757758 0.735765567385 -0.0505875388556 -0.0543227039723
0.700288209861 -0.249164542911 0.044947111738 0.050565236266
1.22836058683 1.58130188299 -0.0379070595194 -0.0454420084493
0.871828583706 -1.09226350042 0.0300113725425 0.0392864535487
0.893440478897 1.0678392298 -0.021802931418 -0.032384035739
-0.259147076196 0.521716458584 0.0138702394935 0.024997171394
0.13593467899 1.38290195596 -0.00689934662854 -0.0173751995037
-0.0641579672489 0.765148795701 0.00176120774272 0.00975735611871
0.0134002616325 1.06226003481 0.000306647423817 -0.00237226171898
0.0218755804647 1.13226970599 0.00273405036607 -0.00456436229954
-0.0420819279233 0.644657659815 -0.01493686714 0.0108528231536
0.0450118231504 1.62598450853 0.0466658859766 -0.0163128852412
-0.023474712881 0.0119411003081 -0.137620228178 0.0207871453423
-0.0524086423982 2.30765600766 0.745096474842 -0.024144110531
0.514466870118 -6.27089056634 0.61543023181 0.0262808009946
1.18673099667 -4.69552052088 -0.299939003873 -0.0271247442289
0.905139111386 1.37861429284 0.224562057813 0.0266352593538
1.02885293285 -0.652415742033 -0.189578987203 -0.0248039550539
1.03018515363 0.335197635784 0.169156966971 0.0216543833936
0.918734573561 -0.168719175618 -0.158766328217 -0.0172408038475
1.10136150918 0.0809431347388 0.17180104665 0.0116460144956
-0.242190584448 -0.040012708382 0.983414328388 -0.00497819442303
-4.97521447291 -0.978405557329 0.0196262746683 -0.00263333900444
-0.64056418837 -1.06569381693 -0.0287731981613 0.0110436460451
0.636480815366 -0.878354825204 0.0202787965114 -0.0200993350737
-0.683466634335 -1.19385040865 -0.00724460479261 0.0296481758853
0.741113416924 -0.720191980254 -0.00748615054108 -0.0395528311575
-0.802058169531 -1.37637242154 0.0228664975635 0.0497124394316
0.867734694981 -0.519454981956 -0.0384285424316 -0.0601009854277
-0.95516386545 -1.58993656349 0.0540488236589 0.0708461268973
1.20779399392 -0.296112114505 -0.0700381937255 -0.0824207239241
0.2577104854 -1.82822923459 0.0876783044744 0.0962176704529
1.83688291767 0.0156864786124 -0.111563208909 -0.116907271432
0.0882021701092 -0.818095601039 0.167314414527 0.170159050841
0.753028234831 0.954518700322 0.991843358464 0.990779592424
