14.0 8.0 -9.19899077547e-17 -9.51619735393e-18
1.05354512275 2.14384441289 -0.0520743960954 -0.065274066465
-2.29153516946 -0.21946252207 0.0594552265465 0.0826840358104
2.11115904841 2.27107709749 -0.0534325336905 -0.0825748769302
-2.24505871162 -0.561984960086 0.0421788329683 0.0726962057638
0.517256376315 0.951748982653 -0.0294240218124 -0.0568941875269
-0.864127729771 0.674368699062 0.0173511813364 0.0379733699956
-0.660533688849 1.19667354888 -0.00730233874034 -0.0183199571557
9.89684524809e-16 1.0 2.81614938956e-18 1.23777592385e-17
-1.10533548147 0.788184271023 0.00435212527664 0.015292134507
-0.102328252967 1.44362045797 -0.00598734283026 -0.026318230073
0.41275693921 -0.0680309825829 0.00548202044655 0.0323661409913
1.44933375042 0.330574820525 -0.00364307089361 -0.0332826241756
0.612023183596 -0.378619440988 0.00138108259244 0.0294589944742
1.29145713816 0.34547202071 0.000421678566234 -0.0217678317245
0.842019885803 -0.259803610713 -0.00103714500167 0.011455450694
1.0 -1.0 2.1092588066e-17 1.00731185443e-17
1.16757496896 -0.0175925297923 0.00281055546437 -0.011051161029
0.665558452273 -0.0880667716827 -0.0071220771058 0.0202489172187
1.51330134994 0.127068422845 0.0122548594099 -0.0263982196614
0.0643631813119 0.157872469485 -0.0171380998226 0.028686913652
0.325532723823 1.49946621059 0.0203428359408 -0.0267748595667
-0.457789105201 0.629596797554 -0.0201030616748 0.0208345562848
-0.878583052728 1.21225632479 0.0142633577521 -0.011539283596
-7.1054273576e-16 1.0 -2.08065630726e-17 2.61514459426e-18
-0.0400985867175 0.731570173085 -0.0271530590968 0.0123426410647
0.113670056938 1.59166806581 0.0768581795126 -0.0238602497832
-0.164188939282 0.0269092012731 -0.181522113667 0.0328981842676
0.145598133222 2.3171097158 0.598893672957 -0.0379398634276
0.0974823242828 -3.98022801091 0.82211777095 0.0377563634522
1.22133475361 -7.20447554213 -0.211965752371 -0.031524137368
-0.304338162189 -0.32252374932 0.076567008323 0.0188946858527
6.34413156929e-16 -1.0 -3.7994898014e-17 3.10503900083e-19
0.300314360212 -1.18370593397 -0.0567058686018 -0.0246276413149
-0.621925832126 -0.825768720703 0.103118174394 0.0542664384286
0.954297360412 -1.05665047335 -0.143052017574 -0.0884819795301
-1.27759928594 -1.12313128029 0.180262303592 0.128398834498
1.56897402207 -0.67572940448 -0.224559270168 -0.181615595985
-1.80523709312 -1.46739324995 0.330277297681 0.300332236328
1.96255453117 0.994085490603 0.959548291149 0.974515804886
