14.0 24.0 -9.51619735393e-18 -9.51619735393e-18
2.06474712573 2.51221514407 -0.065274066465 -0.065274066465
-2.09530632639 -4.38220559261 0.0826840358104 0.0826840358104
2.53084022027 2.59320320821 -0.0825748769302 -0.0825748769302
-0.905111151191 -2.66557184024 0.0726962057638 0.0726962057638
1.24831743072 0.507217502988 -0.0568941875269 -0.0568941875269
0.362569812352 -2.01173479478 0.0379733699956 0.0379733699956
0.150244497096 -0.516496418899 -0.0183199571557 -0.0183199571557
-1.52259157663e-16 -1.0 1.23777592385e-17 1.23777592385e-17
-0.15740424671 -1.38619320364 0.015292134507 0.015292134507
0.228660302718 -0.386455077954 -0.026318230073 -0.026318230073
0.197164489229 -1.2805578182 0.0323661409913 0.0323661409913
1.61791209081 1.14737512965 -0.0332826241756 -0.0332826241756
0.47328934841 -1.20381610487 0.0294589944742 0.0294589944742
1.41091478357 -0.506655134813 -0.0217678317245 -0.0217678317245
0.728686749317 -1.28476015494 0.011455450694 0.011455450694
3.04518315326e-16 -1.0 1.00731185443e-17 1.00731185443e-17
0.130957840194 -0.708369285668 -0.011051161029 -0.011051161029
-0.282404493403 -1.54845763822 0.0202489172187 0.0202489172187
0.443291512431 -0.257267716512 -0.0263982196614 -0.0263982196614
-0.838120951819 -1.8701246948 0.028686913652 0.028686913652
-0.819387739618 0.0488116751921 -0.0267748595667 -0.0267748595667
-1.19165132853 -0.429611858924 0.0208345562848 0.0208345562848
-0.881827551934 0.278558377112 -0.011539283596 -0.011539283596
-1.0 1.11656715619e-15 2.61514459426e-18 2.61514459426e-18
-1.13882698973 -0.383505354973 0.0123426410647 0.0123426410647
-0.72352415516 1.45206721703 -0.0238602497832 -0.0238602497832
-1.3927228607 -0.346592505733 0.0328981842676 0.0328981842676
-0.528662480254 1.06508345873 -0.0379398634276 -0.0379398634276
-1.50646287108 0.496833009683 0.0377563634522 0.0377563634522
-0.45813273203 1.502544147 -0.031524137368 -0.031524137368
-0.114713001338 0.679909123195 0.0188946858527 0.0188946858527
-1.47183852407e-15 1.0 3.10503900083e-19 3.10503900083e-19
0.173619948585 1.4194174281 -0.0246276413149 -0.0246276413149
0.228195485409 0.130631469669 0.0542664384286 0.0542664384286
2.00329311617 1.91785554597 -0.0884819795301 -0.0884819795301
-0.306856553391 -2.26389294822 0.128398834498 0.128398834498
2.61417464607 2.71171609644 -0.181615595985 -0.181615595985
-0.947053731262 -3.09013469865 0.300332236328 0.300332236328
1.82414690832 3.34467859534 0.974515804886 0.974515804886
