4.37809913125 11.5391806016 0.218560768295 0.218560768295
0.106910672068 0.688026982349 -0.0852006975277 -0.0852006975277
-0.660097240227 1.35680425393 0.0488980614404 0.0488980614404
-0.212077976118 0.610687124567 -0.031812598788 -0.031812598788
0.0703381206525 1.44311205143 0.0217809824839 0.0217809824839
0.517095550849 -0.0220007975518 -0.0151142914981 -0.0151142914981
0.467891750569 1.05210666812 0.0103120071963 0.0103120071963
0.8870507246 -0.457149385153 -0.00664840296605 -0.00664840296605
1.12725377815 1.07884401172 0.00372928168742 0.00372928168742
0.861806473433 -0.251879010917 -0.00132173685447 -0.00132173685447
1.15590321642 0.338034321625 -0.000721001106101 -0.000721001106101
0.810997829555 -0.391605787735 0.00249632730477 0.00249632730477
1.26716254722 0.478592592169 -0.00407172988461 -0.00407172988461
0.249090805392 -0.965704954571 0.00549577732455 0.00549577732455
0.890019118318 0.104188067129 -0.00680465767718 -0.00680465767718
0.656002249958 -0.552948374337 0.0080262541944 0.0080262541944
0.459020363301 -0.345655332276 -0.00918279554898 -0.00918279554898
0.450171682806 -0.706009259138 0.0102926534404 0.0102926534404
0.853735388526 -0.232187841503 -0.0113716195655 -0.0113716195655
1.10651281755 -1.26417249501 0.0124338644718 0.0124338644718
0.158876168355 -0.766523165451 -0.0134927097808 -0.0134927097808
1.13643520365 -1.22456878812 0.0145613069723 0.0145613069723
0.323853949682 -0.782353163077 -0.0156532978063 -0.0156532978063
-0.0850363591949 -1.20808613711 0.0167835279901 0.0167835279901
0.0481470081621 -0.807534631306 -0.0179688958407 -0.0179688958407
-0.0405887136571 -1.16401252626 0.0192294444922 0.0192294444922
-0.889942685161 -0.901752431307 -0.0205898580808 -0.0205898580808
-1.0593926681 -0.722193067572 0.0220816170885 0.0220816170885
-0.95099433753 0.238295221642 -0.0237462419042 -0.0237462419042
-1.04538256562 0.0409922585781 0.0256403825268 0.0256403825268
-0.955934514671 0.83683896962 -0.0278441627246 -0.0278441627246
-1.04385712191 -0.310432734981 0.0304755474672 0.0304755474672
-0.955652471967 1.01503942591 -0.0337165508304 -0.0337165508304
-1.04542686799 0.0895677957863 0.0378645340365 0.0378645340365
-0.952841876493 0.808750778889 -0.0434419954595 -0.0434419954595
-1.04962388277 0.514886656479 0.0514609896811 0.0514609896811
-0.949375743632 0.972615464611 -0.0641742834283 -0.0641742834283
-0.376157728432 0.0149159959791 0.0878213422685 0.0878213422685
-0.616571475623 0.99552019911 -0.148458070257 -0.148458070257
0.0917648638112 -0.0291184468019 0.674131667908 0.674131667908
