9.0 10.0 -7.93016446161e-18 -7.93016446161e-18
3.99187129341 2.99330610676 -0.149639726369 -0.149639726369
-0.750593055595 -3.11833006226 0.123074139032 0.123074139032
1.37316795573 0.629377159819 -0.030440064726 -0.030440064726
1.51811049223 0.954856852448 -0.0462160620256 -0.0462160620256
0.322329859488 -1.70371416385 0.064620134105 0.064620134105
1.31398412414 -0.421102472891 -0.0318020212627 -0.0318020212627
1.13096735132 0.119174423424 -0.0141622036231 -0.0141622036231
0.684251360636 -0.419294978511 0.0371606179064 0.0371606179064
1.20109024232 0.347415191047 -0.0270110128063 -0.0270110128063
1.0 -3.80647894157e-16 -5.55111512313e-17 -5.55111512313e-17
0.962198132231 -0.355355780362 0.0195413400938 0.0195413400938
0.7695180702 0.609406928476 -0.0192731487542 -0.0192731487542
-0.0971717876338 0.999590307314 0.00516308114468 0.00516308114468
-0.108745720157 0.96974173815 0.00787855339123 0.00787855339123
0.107271186416 1.05145457389 -0.0102891084645 -0.0102891084645
-0.0257819201702 0.978625229466 0.00429819847009 0.00429819847009
0.00538367351837 0.995332596929 0.00136905800795 0.00136905800795
-0.0814621610047 0.991167164491 -0.00152542847845 -0.00152542847845
0.142785704171 1.02884081857 -0.000972919190605 -0.000972919190605
1.26882631386e-16 1.0 9.91270557701e-18 9.91270557701e-18
-0.907326771086 0.924722136497 0.00557894809806 0.00557894809806
-0.664074701866 1.11816721017 -0.0093741043156 -0.0093741043156
0.047085111037 0.951314464548 0.00400131824084 0.00400131824084
-0.0021323250409 0.886259841099 0.00953516846624 0.00953516846624
0.102990292486 1.23290662012 -0.0197385880074 -0.0197385880074
-0.112464010046 0.83725068583 0.0138569159998 0.0138569159998
-0.0894220003966 0.898905359924 0.00860038377377 0.00860038377377
0.40589397432 1.36753498232 -0.0310465724964 -0.0310465724964
-0.585523822129 0.628065949192 0.0309071071421 0.0309071071421
-1.0 1.0 -3.17206578464e-17 -3.17206578464e-17
0.031642963073 1.57445984333 -0.0427213416692 -0.0427213416692
-0.578730602635 -0.0241318293871 0.0598609927497 0.0598609927497
-0.916306249852 0.216660567434 -0.0235906395479 -0.0235906395479
-0.0404950142826 1.22558049548 -0.0559338644264 -0.0559338644264
-0.217198346502 0.245091180063 0.123967028677 0.123967028677
0.190999238826 1.64812707109 -0.102526195644 -0.102526195644
-0.640153995162 1.50246126881 -0.0889665635302 -0.0889665635302
-2.23256346385 -1.74671599883 0.756318525673 0.756318525673
3.32003349327 3.57713423367 0.858069482936 0.858069482936
