5.0 9.0 4.20084387696e-17 4.20084387696e-17
1.30382773056 0.648305296282 -0.0387739529946 -0.0387739529946
0.728724567191 0.264661562725 0.0512034122389 0.0512034122389
1.23824119577 0.947603637668 -0.0557108302197 -0.0557108302197
0.793852266497 -0.826257192134 0.0562728570465 0.0562728570465
1.17528214179 0.829176452797 -0.0543227039723 -0.0543227039723
0.854203885871 -1.22660275508 0.050565236266 0.050565236266
1.1178644281 -0.22457241889 -0.0454420084493 -0.0454420084493
0.908294877003 -0.144151354624 0.0392864535487 0.0392864535487
1.06758050485 0.162452774328 -0.032384035739 -0.032384035739
0.954186822517 -0.131983092588 0.024997171394 0.024997171394
1.02685081204 0.0886022209047 -0.0173751995037 -0.0173751995037
0.988531105417 -0.0442108041233 0.00975735611871 0.00975735611871
1.00144166647 0.00770814304242 -0.00237226171898 -0.00237226171898
0.997674624949 -0.0030986595201 -0.00456436229954 -0.00456436229954
1.041969157 0.832052358653 0.0108528231536 0.0108528231536
0.220520158239 1.16664195354 -0.0163128852412 -0.0163128852412
-0.162823472121 0.821163311732 0.0207871453423 0.0207871453423
0.167531217154 1.18724772274 -0.024144110531 -0.024144110531
-0.199265052413 0.811549937858 0.0262808009946 0.0262808009946
0.279868140112 1.18151050373 -0.0271247442289 -0.0271247442289
-0.612391842714 0.833554917788 0.0266352593538 0.0266352593538
-0.704677465317 1.14387212047 -0.0248039550539 -0.0248039550539
-0.0616487760393 0.885041282562 0.0216543833936 0.0216543833936
-1.11281268211 1.08152999752 -0.0172408038475 -0.0172408038475
0.239160347247 0.953567529101 0.0116460144956 0.0116460144956
-0.106267673972 1.0146028766 -0.00497819442303 -0.00497819442303
-1.02646349002 1.00309330852 -0.00263333900444 -0.00263333900444
0.0382887412053 1.03204476981 0.0110436460451 0.0110436460451
-0.973904131106 0.131917680482 -0.0200993350737 -0.0200993350737
-0.148809660643 0.651864286229 0.0296481758853 0.0296481758853
-0.683577445151 0.620876592109 -0.0395528311575 -0.0395528311575
-0.516027221669 0.0272845352905 0.0497124394316 0.0497124394316
-0.265436538167 1.69108841875 -0.0601009854277 -0.0601009854277
-0.95929564572 0.407720575404 0.0708461268973 0.0708461268973
0.17945273357 1.3354939245 -0.0824207239241 -0.0824207239241
-1.39196960398 -0.683981389487 0.0962176704529 0.0962176704529
0.644533669311 2.01771205004 -0.116907271432 -0.116907271432
-0.505329966252 0.0364394786427 0.170159050841 0.170159050841
0.435792847529 0.738747716913 0.990779592424 0.990779592424
