9.0 10.0 4.29763751468e-17 1.86230958969e-16
2.41591660595 3.37755516088 -0.0953206883684 -0.117095666001
-1.8642203171 -0.74330185961 0.0921802777434 0.124673597788
1.10307306453 1.9583406202 -0.0554898933493 -0.0831905697179
-0.316451603745 0.75328340512 0.0147189969835 0.0246954827946
-0.35666208378 0.771778165513 0.0136796803668 0.0260332268769
1.22613681011 1.40015813461 -0.024110636941 -0.05304908531
0.618354913658 0.695416192119 0.0197804384036 0.0517536905637
1.22819525054 1.05290750441 -0.00874992232894 -0.0284433661724
1.02873587798 0.0436234884305 -0.000803968541089 -0.00350038904346
0.757548086304 -0.286849207251 0.00432909856472 0.0294315297035
1.32009377068 0.338436836289 -0.00228041959094 -0.0391125095844
0.756767738714 -0.246269662936 -0.00116681179705 0.0301936517265
1.06526409289 0.0690882945295 0.00122279419961 -0.00835676352864
1.1144734044 0.156622154451 0.0042128249588 -0.0157072202943
0.817644222634 -0.759643397355 -0.0127308200283 0.0311138641579
0.965585387381 -1.05360892633 0.018088254275 -0.0313873510294
-0.310450132333 -0.98353990977 -0.013272549061 0.017007892689
-0.0992854249954 -0.993090347965 -0.00525015440158 0.00505412189747
1.10358842997 -1.05753293574 0.033893771812 -0.0245356027672
0.364638401753 -0.875523349758 -0.0604565915885 0.0324244237486
0.00549167614497 -1.14918723057 0.0650313684056 -0.0249314969372
-0.0139945247995 -0.952465576442 -0.0204830842504 0.00521959159441
-0.0629122917265 -0.755287368518 -0.124021855163 0.0178591228835
0.124340915545 -1.5100944114 0.723501670549 -0.0335323702709
-0.115684742176 3.00189445359 0.818252344024 0.0338502434734
0.043085768027 6.98785822733 -0.143369351623 -0.0174238634655
-0.00189855446835 1.57984379266 -0.0483149734809 -0.00946749559345
0.606779691658 -0.2530667798 0.131588811961 0.0350111207589
1.00449872074 2.21514253868 -0.139785436005 -0.0465526594556
-0.440935836494 0.245353205188 0.0907282232957 0.0360949181722
0.0442962366767 1.07823127027 -0.0096380885445 -0.00444658577425
0.334698367304 1.5740949967 -0.0718946738114 -0.0377012559539
-0.590686014309 0.0316991399635 0.123094606262 0.0723474118799
0.602302925614 1.94049235358 -0.12190437998 -0.0795037033267
-0.30008057616 0.552923211231 0.0598054317493 0.0429748034991
-0.295553996336 0.57763330108 0.0599010835114 0.0471950504899
1.06864333015 2.48486495278 -0.238557346342 -0.205449889999
-1.83604652775 -1.64510090292 0.608458945525 0.571916017471
2.40083796908 2.63538498289 0.895778183896 0.918860662701
