15.0 15.0 -5.69345140833e-18 -5.69345140833e-18
1.35138429007 -0.62471581325 -0.0126987193734 -0.0126987193734
0.661202580992 -0.420247006153 0.0170394541689 0.0170394541689
1.31816496527 0.385972256312 -0.0192511077136 -0.0192511077136
0.736462136866 0.468628715598 0.0206049999974 0.0206049999974
0.373242425453 1.55882312477 -0.021528612988 -0.021528612988
0.514973974077 -0.410012090738 0.0222061391504 0.0222061391504
0.663057740167 1.25099301766 -0.0227300593561 -0.0227300593561
-0.606221422636 0.637272841124 0.0231519577695 0.0231519577695
0.680368979938 1.41744121499 -0.0235029277516 -0.0235029277516
-1.43789814517 0.521102939275 0.023802875328 0.023802875328
0.295311841586 1.59757416987 -0.0240651832856 -0.0240651832856
-1.16367753378 -0.311594407597 0.0242992296542 0.0242992296542
0.0156475320852 1.15418879096 -0.0245118320896 -0.0245118320896
-0.804028784046 -0.00993755837231 0.0247081193806 0.0247081193806
-0.910958136722 0.847820467007 -0.0248920813543 -0.0248920813543
-1.17323051141 0.380933114368 0.0250669307312 0.0250669307312
-0.780164851684 -0.0630449467436 -0.0252353516641 -0.0252353516641
-1.25600633568 0.0334078201482 0.0253996788933 0.0253996788933
-0.704058072305 -0.375196880775 -0.0255620347504 -0.0255620347504
-1.36794547104 -1.31947031162 0.0257244420801 0.0257244420801
-0.288371575438 -0.721102946059 -0.0258889263018 -0.0258889263018
-0.10899460254 -1.2691013709 0.026057617748 0.026057617748
0.182609720826 -0.732947470793 -0.0262328654719 -0.0262328654719
-0.220192220526 -1.26741292756 0.0264173759163 0.0264173759163
0.254590087487 -0.731555638826 -0.026614394861 -0.026614394861
-0.311951056967 -1.26943443503 0.0268279605161 0.0268279605161
0.530890963623 -0.729999464439 -0.0270632728502 -0.0270632728502
0.753833895298 -1.2698360477 0.0273272560562 0.0273272560562
-0.138420045688 -0.731433937154 -0.0276294519257 -0.0276294519257
0.225775558894 -1.26558240123 0.0279835040757 0.0279835040757
0.990495687741 -0.740293611752 -0.0284097532263 -0.0284097532263
-0.119858804936 -1.24821763396 0.0289400600007 0.0289400600007
1.21310755245 -0.777080794558 -0.0296274663537 -0.0296274663537
-0.284782096009 -1.14001617403 0.0305675057107 0.0305675057107
1.34084053793 0.272963042952 -0.0319516796148 -0.0319516796148
-0.384341926091 -1.34530945284 0.0342288041485 0.0342288041485
1.41773081194 0.391150244781 -0.0387566747277 -0.0387566747277
-0.447991030161 -1.41825053586 0.0524666014946 0.0524666014946
0.399657750389 0.427368251964 0.99897290848 0.99897290848
