21.0 5.0 -9.51619735393e-18 -9.51619735393e-18
1.96250671623 1.65099687202 -0.065274066465 -0.065274066465
-2.96615012883 0.365319318765 0.0826840358104 0.0826840358104
1.99765421728 1.56372738384 -0.0825748769302 -0.0825748769302
-3.29053460081 0.542898834337 0.0726962057638 0.0726962057638
0.680831026971 1.33084034878 -0.0568941875269 -0.0568941875269
-2.07567466683 0.79919558572 0.0379733699956 0.0379733699956
-0.498170268445 1.08359513443 -0.0183199571557 -0.0183199571557
-1.0 1.0 1.23777592385e-17 1.23777592385e-17
-1.38562702069 0.998667256033 0.015292134507 0.015292134507
-0.409997238813 0.299224456115 -0.026318230073 -0.026318230073
-1.18325370936 0.255980660953 0.0323661409913 0.0323661409913
0.672005517992 1.56550774819 -0.0332826241756 -0.0332826241756
-2.2065994919 0.294663167536 0.0294589944742 0.0294589944742
0.013130347996 0.237784432372 -0.0217678317245 -0.0217678317245
-0.40291752441 1.0519206014 0.011455450694 0.011455450694
-1.0 1.0 1.00731185443e-17 1.00731185443e-17
0.159911505144 0.96848432962 -0.011051161029 -0.011051161029
-0.472742065359 1.13378107158 0.0202489172187 0.0202489172187
1.15060413288 0.255114950849 -0.0263982196614 -0.0263982196614
0.57278063077 0.384561429628 0.028686913652 0.028686913652
1.44349849467 0.946710315232 -0.0267748595667 -0.0267748595667
0.667975971455 -0.252769599253 0.0208345562848 0.0208345562848
1.12633777252 0.0271965747399 -0.011539283596 -0.011539283596
-6.09036630652e-16 -1.0 2.61514459426e-18 2.61514459426e-18
0.55912095963 -0.288813325374 0.0123426410647 0.0123426410647
1.73128449555 0.411811815807 -0.0238602497832 -0.0238602497832
0.0183042529113 -0.509755650286 0.0328981842676 0.0328981842676
2.1786389842 0.592896579792 -0.0379398634276 -0.0379398634276
-0.434076521328 -0.78397175502 0.0377563634522 0.0377563634522
0.936739103597 -0.771353579725 -0.031524137368 -0.031524137368
0.515517569341 -1.17776225325 0.0188946858527 0.0188946858527
-1.0 -1.0 3.10503900083e-19 3.10503900083e-19
-0.636236860378 0.102248437178 -0.0246276413149 -0.0246276413149
-1.87835399713 -0.408791973774 0.0542664384286 0.0542664384286
0.452592286648 1.20667522758 -0.0884819795301 -0.0884819795301
-3.04662260764 -0.00132260816802 0.128398834498 0.128398834498
1.73860535221 0.789301259846 -0.181615595985 -0.181615595985
-2.63247974616 0.386970774322 0.300332236328 0.300332236328
2.94139711007 0.519894749603 0.974515804886 0.974515804886
