11.5664577905 7.84785319648 0.124357347884 0.124357347884
-0.506916373498 0.835874492323 -0.0465496018039 -0.0465496018039
0.578417770366 1.22718725081 0.0231456066618 0.0231456066618
-1.04433222705 0.717758972403 -0.0117629979388 -0.0117629979388
0.0121137160194 1.35959487371 0.00496572276495 0.00496572276495
-1.05480831426 -0.160974994589 -0.000400801248046 -0.000400801248046
0.227637139413 1.30078033466 -0.00291140082762 -0.00291140082762
-0.515585338353 0.408698760794 0.00545183133335 0.00545183133335
-0.521445135207 0.572191758598 -0.00748450148936 -0.00748450148936
-0.00322432243279 0.8728249088 0.00916663895575 0.00916663895575
0.0707925577946 1.241352624 -0.0105979426602 -0.0105979426602
-0.0766476963639 0.676138780247 0.0118449118346 0.0118449118346
0.0300783210503 1.43165178145 -0.0129538288559 -0.0129538288559
0.226632929709 0.257756786395 0.0139581330042 0.0139581330042
0.801038230146 0.774944740681 -0.014882832681 -0.014882832681
0.154161706672 0.171583159649 0.0157472685935 0.0157472685935
1.51681828322 0.909934291794 -0.0165669188244 -0.0165669188244
0.529006529074 -0.88714140481 0.0173546290927 0.0173546290927
1.50650975942 0.227021397928 -0.0181214915743 -0.0181214915743
0.209340558596 -0.600591024696 0.0188775093762 0.0188775093762
0.744551475182 -0.388200477124 -0.0196321364047 -0.0196321364047
0.304941467238 -0.609267373095 0.0203947569906 0.0203947569906
-0.0328896067894 -1.07121881619 -0.0211751580107 -0.0211751580107
0.951511606891 -0.996385403092 0.0219840448252 0.0219840448252
0.821431576011 -1.0161428053 -0.0228336607254 -0.0228336607254
0.174051939896 -0.697321188201 0.0237385902642 0.0237385902642
0.87438459275 -0.176736518529 -0.0247168663876 -0.0247168663876
-0.495727217624 -1.49283808801 0.0257915733995 0.0257915733995
1.18170506167 0.224886167042 -0.0269932704425 -0.0269932704425
-0.212193349997 -1.31121495793 0.0283638121667 0.0283638121667
0.202995647256 -0.613546322643 -0.0299626444076 -0.0299626444076
-0.125597684065 -1.48786823143 0.0318777083108 0.0318777083108
-0.403680483143 0.0366219151753 -0.0342454716833 -0.0342454716833
-0.6303206387 -1.01945075923 0.0372904836761 0.0372904836761
-0.430228226144 -0.675456555739 -0.0414109999446 -0.0414109999446
-1.44381233877 -0.510180003677 0.0473884122849 0.0473884122849
-0.599969314479 -0.453406304977 -0.0569957016241 -0.0569957016241
-1.37021401941 -0.253861027964 0.0753047087293 0.0753047087293
-0.678117111088 0.911467669872 -0.125042434478 -0.125042434478
-0.62397564449 0.0752528624956 0.839300801651 0.839300801651
