7.7190611076 9.41184244142 0.140885425841 0.140885425841
0.967773813363 -0.344022833486 -0.0538003035115 -0.0538003035115
0.686839071715 -1.06206679031 0.027992846759 0.027992846759
0.251089351658 -0.503040163799 -0.0155049531587 -0.0155049531587
1.39388513361 0.215416048225 0.00806738530174 0.00806738530174
-0.154291602447 -1.03259523047 -0.00308071452521 -0.00308071452521
1.28897396264 -0.989426899899 -0.000533353403678 -0.000533353403678
0.725305475273 -0.699174314876 0.0033029534943 0.0033029534943
1.29062694626 0.180061653889 -0.00551751559194 -0.00551751559194
0.0809547342088 0.549946475149 0.00734918847405 0.00734918847405
0.836009596792 0.435262147955 -0.00890702442267 -0.00890702442267
0.205961893481 0.777691554052 0.0102637019769 0.0102637019769
0.763580474303 1.19925995713 -0.0114697687103 -0.0114697687103
0.265828894248 0.815583686015 0.0125617224591 0.0125617224591
0.69646655419 1.17335756968 -0.013566842725 -0.013566842725
-0.461971744633 0.835754661041 0.014506214049 0.014506214049
0.396365256347 1.15611289235 -0.0153966995947 -0.0153966995947
-0.365927900078 0.851675579268 0.016252285216 0.016252285216
0.351105617098 1.14033531513 -0.0170850387073 -0.0170850387073
-0.348763539544 0.868484624185 0.0179058342759 0.0179058342759
0.368996900858 1.12089036202 -0.0187249403165 -0.0187249403165
-0.516314176514 0.893500120388 0.0195525406985 0.0195525406985
-0.822398520121 1.08304683818 -0.0203992469357 -0.0203992469357
-1.21726276734 0.972664013742 0.0212766568857 0.0212766568857
-0.773469082751 0.346498492776 -0.0221980245161 -0.0221980245161
-1.22756359191 -0.172898588391 0.0231791274333 0.0231791274333
-0.775202408824 0.111427474704 -0.0242394613449 -0.0242394613449
-1.21919982087 -0.026036658621 0.025403968069 0.025403968069
-0.789886523033 -0.493644560391 -0.0267056461297 -0.0267056461297
-1.19438807458 -0.545978307892 0.0281896633176 0.0281896633176
-0.00740093858049 -0.467994951398 -0.0299201277681 -0.0299201277681
-0.998866078211 -0.465238728735 0.0319918043258 0.0319918043258
0.325473831327 -0.893912381904 -0.0345516133786 -0.0345516133786
-0.2740961858 -1.13433204794 0.0378410226694 0.0378410226694
0.252999050071 -0.864165220588 -0.0422876442392 -0.0422876442392
-0.239506394343 -1.13026084218 0.0487287063762 0.0487287063762
0.228538757173 -0.880119320692 -0.059057919022 -0.059057919022
-0.218212324038 -1.10116719689 0.0786636250583 0.0786636250583
0.207789716478 -0.947286917383 -0.131405960915 -0.131405960915
-0.198904465078 -0.385449951461 0.81377145957 0.81377145957
