7.80043435642 5.36265107039 0.196427185606 0.196427185606
0.973458375826 0.14311879366 -0.0767873924899 -0.0767873924899
1.07662134666 -0.694571532915 0.0433110255989 0.0433110255989
0.896565271479 0.483431350041 -0.027417012882 -0.027417012882
1.12094326408 0.108734382907 0.0180431501637 0.0180431501637
0.865730730813 0.379254439882 -0.0117963803944 -0.0117963803944
1.14674880314 0.609109885565 0.00728804171908 0.00728804171908
0.83626009391 0.413889385985 -0.00384386360595 -0.00384386360595
1.20756629678 0.53791396587 0.0010965859977 0.0010965859977
0.258501692939 0.998789369704 0.00117123106561 0.00117123106561
0.692664718687 0.279144972407 -0.00309683339551 -0.00309683339551
0.322827271442 0.936469901088 0.00477141765457 0.00477141765457
0.676993213517 1.07151667716 -0.00625824903496 -0.00625824903496
-0.330788715631 0.921992270851 0.00760290352102 0.00760290352102
0.274416133946 1.08530304078 -0.00883937221386 -0.00883937221386
-0.25563210862 0.904766222216 0.00999387063136 0.00999387063136
0.242525582331 1.11064455202 -0.0110873186909 -0.0110873186909
-1.19370086513 0.861486576244 0.0121370249293 0.0121370249293
-0.75606442142 1.20650484309 -0.0131578846346 -0.0131578846346
-1.28217089312 0.204954454578 0.0141632810944 0.0141632810944
-0.597619202332 0.15359980972 -0.0151658130615 -0.0151658130615
-0.487355534063 0.718425038566 0.0161779359465 0.0161779359465
-0.942075607133 -0.129429005 -0.0172125875436 -0.0172125875436
-1.11511104896 0.0612954585425 0.0182838661723 0.0182838661723
-0.865633407341 -0.0361167310237 -0.019407839113 -0.019407839113
-1.14061407942 0.0419271695412 0.0206035851193 0.0206035851193
-0.8624056915 -0.620907865197 -0.0218946247773 -0.0218946247773
-1.12093681465 -0.449068649289 0.023310983729 0.023310983729
-0.935532480352 -0.514489367092 -0.0248923013194 -0.0248923013194
-0.489029616446 -0.52119552786 0.0266927144764 0.0266927144764
0.14675931622 -1.18351997026 -0.0287888749297 -0.0287888749297
-1.04100352001 -0.877688821885 0.0312937745217 0.0312937745217
0.486383668384 -1.09794072849 -0.0343820098619 -0.0343820098619
-0.484941535641 -0.912889605822 0.0383393454376 0.0383393454376
0.704867176027 -1.08381120228 -0.0436690990451 -0.0436690990451
0.249024289535 -0.913425688745 0.0513493710978 0.0513493710978
0.235817442664 -1.09653494033 -0.0635679526583 -0.0635679526583
0.454832330295 -0.880710395564 0.0864338421908 0.0864338421908
0.643803179412 -1.1801465565 -0.145907342784 -0.145907342784
0.279178679558 -0.248630888715 0.717912384993 0.717912384993
