5.98198640428 10.6904208595 0.170671241135 0.170671241135
-0.574156856722 0.810044414484 -0.0664195490452 -0.0664195490452
-0.476056377615 1.21890542382 0.0364116612637 0.0364116612637
0.0889001323764 0.763766944486 -0.0220321765691 -0.0220321765691
-0.093800769288 1.25363574217 0.0135111817645 0.0135111817645
0.341550706058 0.719702881012 -0.00781603967365 -0.00781603967365
0.62756178034 1.34394505233 0.00369747177368 0.00369747177368
0.408156811612 0.0196100138195 -0.000546336481484 -0.000546336481484
1.32511802664 1.07883400373 -0.0019701335544 -0.0019701335544
0.739798429991 0.624542946039 0.00404939333283 0.00404939333283
1.23071969936 0.00580980255081 -0.00581629175274 -0.00581629175274
0.785848101856 -0.0566166974282 0.00735390687096 0.00735390687096
1.20399455662 0.0562828371261 -0.00871994260917 -0.00871994260917
0.802188572321 -0.00337099841609 0.00995601446532 0.00995601446532
1.19473261046 -0.412118506782 -0.0110931920473 -0.0110931920473
0.805125390826 -0.618205398951 0.0121554624364 0.0121554624364
1.19967522305 -0.392084264254 -0.0131619878464 -0.0131619878464
0.785803932683 -0.551105596443 0.0141286409156 0.0141286409156
1.26211880051 -0.86327269206 -0.0150690985855 -0.0150690985855
0.130749102419 -1.17458045426 0.0159956665154 0.0159956665154
0.866494167787 -0.815461182588 -0.0169199461588 -0.0169199461588
-0.104727775495 -1.18808697494 0.0178534244753 0.0178534244753
0.123378505967 -0.810549790297 -0.0188080512904 -0.0188080512904
-0.141722213125 -1.18994411748 0.0197968669823 0.0197968669823
0.179003470068 -0.8098079142 -0.0208347527783 -0.0208347527783
-0.374547529034 -1.19081499997 0.0219394003646 0.0219394003646
-1.02096492978 -0.806785774027 -0.0231326444712 -0.0231326444712
-1.02301294222 -1.20280440313 0.024442387773 0.024442387773
-0.968351840855 -0.737871961026 -0.0259055048771 -0.0259055048771
-1.0273963793 -0.118168437999 0.0275724106136 0.0275724106136
-0.987287334966 0.11650090072 -0.0295145698455 -0.0295145698455
-0.982459959785 -0.0936420402945 0.0318374689753 0.0318374689753
-1.08578312405 0.032637315227 -0.0347043669559 -0.0347043669559
-0.640718261166 0.231647222724 0.0383830031083 0.0383830031083
-0.407916687049 0.733545481726 -0.0433461714037 -0.0433461714037
-0.533451705114 0.299280341788 0.0505159445871 0.0505159445871
-0.608336114262 0.643414564319 -0.0619657881195 -0.0619657881195
-1.24588974944 0.600712362644 0.0835374926753 0.0835374926753
-0.840713258217 1.42680650651 -0.140542709141 -0.140542709141
-0.545610617747 -0.0347534121907 0.764510213178 0.764510213178
