10.0 10.0 -6.16790569236e-18 3.08395284618e-18
0.218797046016 2.00425849436 -0.0472005332635 -0.0512947984164
-2.27239963759 0.059468074447 0.0592180073397 0.0654854967475
0.904419874667 1.82568487074 -0.0605070881751 -0.0671638034914
-1.47933162391 0.331195377378 0.0566220955802 0.0622374651096
-0.0506108653681 1.4779976298 -0.0497036008162 -0.0533606146381
-0.0207874496565 0.747789670233 0.0408934950585 0.0422780161694
1.53887767517 0.911735607838 -0.0309585715122 -0.0303701033022
0.538987467663 -0.0672579230754 0.0204985639975 0.0187824884574
0.120082873208 1.09456063754 -0.0100261963676 -0.00843528207301
1.0 3.94745964311e-16 -2.46716227694e-17 -6.16790569236e-18
0.967363019134 -0.113227398009 0.00916245380238 0.0061227688875
1.08171274046 0.148524829649 -0.0170798851575 -0.00981047251521
0.877330027028 -0.137672089384 0.0234061495055 0.0112044720555
1.15088759168 0.0956611779082 -0.0278298638355 -0.0106736604121
0.833938797291 -0.0361285357643 0.0300729382461 0.00875829969108
1.1694688251 -0.0271633157779 -0.0298862175334 -0.0060991304882
0.837054971178 0.0810221741556 0.0270398452668 0.00335856666438
1.14830360872 -0.114259792942 -0.0213043412642 -0.00114172080001
0.872472242668 0.120417742325 0.0124146046215 -7.49097348613e-05
5.92118946467e-16 1.0 -2.46716227694e-17 -6.16790569236e-18
0.0722415666237 0.949112896887 -0.0165598858744 0.00143643639137
-0.926285638917 1.16609613902 0.0384633780578 -0.00407087008485
-0.35852944344 0.675282506402 -0.0683472861447 0.00751925832543
0.147585683013 1.52057363127 0.113074155067 -0.01121387611
-0.028176301354 0.248321228649 -0.196532973949 0.0144601958487
-0.12642628895 1.95284605073 0.487582036562 -0.0165079463602
0.521604839908 -2.70979062579 0.874826490143 0.0166289190243
2.03262840609 -6.57099177174 -0.169537695434 -0.0141931645695
-0.26953261338 -0.516095114404 0.0550490132871 0.00873494383417
0.0 -1.0 -2.77555756156e-17 -1.23358113847e-17
0.177438354916 -1.11365822393 -0.0362739700143 -0.0120340513397
-0.333851633408 -0.912756224194 0.0638451729785 0.0271733037616
0.482492214505 -0.982376788645 -0.0864628057214 -0.0450732516507
-0.624537377775 -1.16961702519 0.1060679469 0.0653874300094
0.757161100394 -0.655133415072 -0.124300560422 -0.0880998556212
-0.876051621403 -1.52111244799 0.143770378464 0.114429954317
0.97657633655 -0.326305553291 -0.171694099176 -0.150368308578
-1.05434749556 -1.75010756083 0.246713884331 0.233492242324
1.10455383984 1.09088284447 0.977707187676 0.983606673679
