10.2655265511 18.4624500784 0.119070722841 0.156307312843
-0.534632961619 -1.69153312933 -0.0274427590525 -0.0604105981461
0.944825378404 0.0680306775785 0.0029139853659 0.0324056816837
0.0497504478187 -1.03744736987 0.00765198620906 -0.0189212972355
1.01735065462 0.0580111708189 -0.0131488676462 0.0109108254706
-0.237782839923 -1.20537161316 0.0162980591914 -0.00554861910269
0.382492860105 -0.810306089416 -0.0181936113417 0.00166667900169
-0.910103876312 -0.715641429216 0.0193519280469 0.00130576214797
-0.0822591180117 -0.261173451749 -0.0200439596895 -0.00368099376193
-0.153448849341 -1.52463760069 0.0204227154296 0.00564453632532
0.234061749498 -0.534983701135 -0.0205791234594 -0.00731380062431
-0.318346737782 -1.42578772135 0.0205689666666 0.00876697431048
0.906229501364 -0.619588892329 -0.0204268294059 -0.0100583998287
0.132246059942 -1.28456596032 0.0201736953981 0.0112272912889
0.877074533222 0.117234522325 -0.0198212065337 -0.0123029415953
0.066175419337 -1.06125762938 0.0193740334575 0.0133079785363
1.42207219932 0.0288690092484 -0.0188310809911 -0.0142604887728
0.65064572096 -0.99983872294 0.018185879791 0.0151754632604
1.23345840733 0.892880546622 -0.0174262996427 -0.0160658279455
-0.231273205533 0.148962103402 0.0165335631241 0.0169432213619
1.6937001485 0.394496507096 -0.0154803817105 -0.0178186246452
-0.257529649219 0.123138853268 0.0142278228469 0.0187029193609
0.515519071649 1.7380179991 -0.0127201604446 -0.0196074345917
-0.775740286341 0.0785220478929 0.0108762953631 0.0205445426997
-0.148994433202 0.958052856076 -0.00857498528039 -0.0215283724717
-0.891753799235 0.0310335331421 0.00562819347449 0.0225757317582
-0.688725690883 0.359666367717 -0.00172996127917 -0.0237073766361
-0.601638119648 0.381853155664 -0.00364972416338 0.0249498460653
-0.292501649444 0.684959109803 0.0115093055977 -0.0263382316246
-0.775061124823 0.300282393687 -0.0239643226148 0.0279205376272
-0.163038132549 0.680888116317 0.0463700599954 -0.0297648541249
-0.922808952669 0.382833306626 -0.0971693599521 0.0319717574586
0.174961934998 0.436000478361 0.308320651885 -0.0346970396354
-0.2320119412 1.6207970705 0.711503021932 0.0381964654162
0.272005342123 3.03659272649 -0.222761728069 -0.0429223091236
-0.310806415406 -0.0432266779186 0.156244763859 0.0497583130966
0.369303600345 1.87064363631 -0.137376714454 -0.0606974235981
-0.619033950628 -0.0231121428586 0.141743736503 0.081381681132
-0.865793672417 0.513704489728 -0.186479117887 -0.136516669727
-0.581869276506 -0.537611889781 0.831503867865 0.788824312958
