20.0 6.0 -8.22387425648e-18 -8.22387425648e-18
7.65582364069 2.92461372589 -0.163062453609 -0.163062453609
-3.78333092458 0.0840316581551 0.122204863904 0.122204863904
0.203188246687 1.04737419274 -0.00842893207645 -0.00842893207645
0.933789293049 1.30860081958 -0.0717968643016 -0.0717968643016
-2.6334074457 0.781373838358 0.0702116321291 0.0702116321291
-0.766918897899 1.01952353757 -0.0104514497929 -0.0104514497929
0.491978796981 1.01630638864 -0.0455751013551 -0.0455751013551
-0.542136503628 1.09436035205 0.0519738118648 0.0519738118648
0.0745687137851 0.928923004228 -0.0117901518191 -0.0117901518191
-0.517255478327 0.0795219256123 -0.0333868141792 -0.0333868141792
-1.11292070456 0.392170662736 0.0433554894708 0.0433554894708
0.138599763973 0.992571305887 -0.0131283304518 -0.0131283304518
-0.529348502042 0.192537124225 -0.0265044064867 -0.0265044064867
-1.12374180804 0.255522171037 0.0390120073249 0.0390120073249
0.178470353152 1.04994701107 -0.0147324168314 -0.0147324168314
-0.562669104318 0.274995595575 -0.0222027671105 -0.0222027671105
-1.13739769473 0.0479216777893 0.0371870238939 0.0371870238939
0.227633985138 1.23212503086 -0.0168284157582 -0.0168284157582
-0.588731646325 1.19231437364 -0.0193656435709 -0.0193656435709
-1.17425779817 0.717319913837 0.0372891730855 0.0372891730855
0.295325625659 1.11173999301 -0.0197252370728 -0.0197252370728
-0.608441463808 1.0645347789 -0.0174632395482 -0.0174632395482
-1.24177633275 0.957950837766 0.0393343028027 0.0393343028027
0.392288046933 0.897947316279 -0.023955760235 -0.023955760235
-0.624159813683 0.0946614875324 -0.0162315243349 -0.0162315243349
-1.35318165655 0.322907220207 0.0439529861637 0.0439529861637
0.537753114275 1.11284319219 -0.030594156102 -0.030594156102
-0.637715084516 0.168482677907 -0.0155649852515 -0.0155649852515
-1.53852705001 0.025034000563 0.052971603002 0.052971603002
0.773718016031 1.47884936046 -0.042224510549 -0.042224510549
-0.65025568449 1.13136752671 -0.0155288275536 -0.0155288275536
-1.87725055748 0.550102928643 0.071902540729 0.071902540729
1.21739815295 1.21301809152 -0.0670583714959 -0.0670583714959
-0.66072304146 0.124452743638 -0.0166739049491 -0.0166739049491
-2.67665400688 -0.264824693885 0.12541328574 0.12541328574
2.47454489428 2.02161429679 -0.152473587121 -0.152473587121
0.292565413496 1.11687747668 -0.0244230338902 -0.0244230338902
-4.66628501395 -1.16894511446 0.810555986917 0.810555986917
8.45277349016 2.44636860712 0.8352876599 0.8352876599
