12.0 25.0 3.52021934637e-17 3.52021934637e-17
-0.273940284934 -1.64301649944 0.0123826178158 0.0123826178158
1.29229633756 -0.34245451452 -0.0164756780662 -0.0164756780662
-0.32538631524 -1.6741462299 0.0185347976164 0.0185347976164
1.3834664764 -0.306999686402 -0.019786673058 -0.019786673058
-0.51955720649 -1.71504716038 0.0206369581156 0.0206369581156
0.498282526567 -0.258026028013 -0.0212587795628 -0.0212587795628
-0.512496044303 -1.77693410624 0.0217385179891 0.0217385179891
0.549063724354 -0.173163893521 -0.0221241389519 -0.0221241389519
-0.623635606805 -1.91187702278 0.0224444563122 0.0224444563122
0.850136856133 0.147682399368 -0.0227178669031 -0.0227178669031
0.246289783514 -1.06026290973 0.0229567111664 0.0229567111664
0.706522894967 0.0223715651984 -0.0231696199267 -0.0231696199267
0.327253302479 -0.998700228767 0.0233628565914 0.0233628565914
0.642423387359 -0.0201247599038 -0.0235411250866 -0.0235411250866
0.389576190363 -0.961548770622 0.0237080785581 0.0237080785581
0.572167785791 -0.0596783646862 -0.0238666534135 -0.0238666534135
0.47890015347 -0.911612607061 0.0240192982475 0.0240192982475
0.443757126005 -0.134379942784 -0.0241681384263 -0.0241681384263
0.700972265385 -0.768973414824 0.024315101533 0.024315101533
-0.230365447749 -0.67571034156 -0.0244620203335 -0.0244620203335
0.206524502829 -1.54207256783 0.024610725378 0.024610725378
-0.650274995011 0.104635336103 -0.0247631373625 -0.0247631373625
-0.563592403391 -0.960773964881 0.024921369333 0.024921369333
-0.230168770947 -0.205552288837 -0.0250878506979 -0.0250878506979
-1.44627950526 -0.127281043834 0.0252654894082 0.0252654894082
-0.623456711208 0.141725108642 -0.0254578969632 -0.0254578969632
-1.34230523869 0.438389412921 0.0256697160196 0.0256697160196
-0.709889122372 0.757433336263 -0.0259071182813 -0.0259071182813
-0.696906616863 0.0361939456598 0.0261785936118 0.0261785936118
0.615290924166 1.83778071593 -0.0264962579393 -0.0264962579393
-1.33931655319 -0.532860021758 0.0268781339259 0.0268781339259
0.233274989236 1.36712557484 -0.0273523749998 -0.0273523749998
-1.1611693964 0.491667097837 0.0279656919041 0.0279656919041
0.0740425583631 1.55383331997 -0.0288018377032 -0.0288018377032
-0.189186408179 0.41487593754 0.0300276478108 0.0300276478108
0.206513675323 1.62777641139 -0.0320304125295 -0.0320304125295
0.65047646615 -0.524272947366 0.035962395607 0.035962395607
1.33299067066 0.577465539448 -0.0474746648521 -0.0474746648521
-0.279369140766 -0.59934004401 0.998972844211 0.998972844211
