10.0043049334 5.56496963276 0.0677191564491 0.0677191564491
-0.975604586832 1.02772621639 -0.0205767714385 -0.0205767714385
0.00791493576655 0.788189387805 0.00572843925721 0.00572843925721
-1.11223194013 0.11902912937 0.00161068756522 0.00161068756522
0.548002923646 1.24046996132 -0.00603075951334 -0.00603075951334
-0.890382463605 0.848746177463 0.00901506873318 0.00901506873318
-0.319988001946 1.09869903388 -0.0111884543258 -0.0111884543258
0.0607851800883 0.97694144834 0.01286002633 0.01286002633
-0.732237741968 0.287559684943 -0.014200387383 -0.014200387383
-0.334291718388 0.662660245934 0.0153115519148 0.0153115519148
0.225028378391 1.23651995605 -0.0162584164421 -0.0162584164421
-0.171080104456 0.778635649709 0.017084382077 0.017084382077
0.0925077048239 1.25298780251 -0.0178197244317 -0.0178197244317
0.183736615037 0.524004319208 0.0184863629584 0.0184863629584
0.897047628308 0.296042791762 -0.0191007227477 -0.0191007227477
0.00386650936551 1.26447595569 0.0196755312526 0.0196755312526
1.545489625 0.27098857533 -0.0202209948535 -0.0202209948535
0.540745223927 0.603035350783 0.0207456028068 0.0207456028068
1.42495823428 0.476536743546 -0.0212567032451 -0.0212567032451
0.590370981752 -0.311362568366 0.0217609403109 0.0217609403109
1.40478597569 0.298666730877 -0.0222646109946 -0.0222646109946
0.591709411524 -0.392017396438 0.0227739839563 0.0227739839563
1.42163366614 -0.653553326035 -0.0232956152925 -0.0232956152925
0.547703291288 -0.102466170137 0.0238366956316 0.0238366956316
1.53111271844 0.244068445383 -0.0244054689377 -0.0244054689377
0.0355770904694 -0.712027163753 0.0250117777799 0.0250117777799
0.810706934118 -0.381161688153 -0.0256678171606 -0.0256678171606
0.846470282142 -0.537945034778 0.026389228818 0.026389228818
1.23084555822 -1.19109612275 -0.0271967596963 -0.0271967596963
0.732709902281 -0.874914033705 0.0281188830227 0.0281188830227
0.365880712519 -1.10015631969 -0.0291961290124 -0.0291961290124
-0.381639088048 -0.906250908477 0.0304886092009 0.0304886092009
0.454391289282 -1.10176804605 -0.0320898912846 -0.0320898912846
-0.732063106045 -0.870318277527 0.0341545265232 0.0341545265232
-0.343900429923 -1.20758618485 -0.0369580053644 -0.0369580053644
-0.565460282006 -0.358197691156 0.0410446328003 0.0410446328003
-0.967548011916 -0.49166185054 -0.047662439055 -0.047662439055
-1.16595638689 -1.1560373075 0.060446073622 0.060446073622
-0.110491204546 -0.952924040672 -0.0963555810701 -0.0963555810701
-0.0226833664666 -0.195872744843 0.91857400033 0.91857400033
