6.98100957265 14.2117116049 0.106678401451 0.106678401451
0.0133092686665 0.764663931177 -0.0386198285181 -0.0386198285181
-0.262462701087 1.25348072081 0.0178365494932 0.0178365494932
-0.848251523414 0.741772034141 -0.00767553570551 -0.00767553570551
0.388592262388 1.25271596367 0.00159110820153 0.00159110820153
-0.350149628595 0.777113787614 0.00250208821776 0.00250208821776
1.11936105253 0.4289944641 -0.00547555138759 -0.00547555138759
0.803600279018 -0.339592661313 0.00775818913588 0.00775818913588
1.21109556879 0.316285531735 -0.00958585460569 -0.00958585460569
0.782567996409 -0.300340942478 0.0110991898635 0.0110991898635
1.22197449271 0.278232784201 -0.0123874688029 -0.0123874688029
0.773708083838 -0.222166553952 0.0135102877648 0.0135102877648
1.23094357031 -0.482124931763 -0.0145091551538 -0.0145091551538
0.763755713707 -0.5134310251 0.0154140807819 0.0154140807819
1.2424862639 0.357059965363 -0.0162475222392 -0.0162475222392
0.749950964085 -1.60113891774 0.0170268583187 0.0170268583187
1.25951596638 -0.105391552508 -0.0177660060442 -0.0177660060442
0.728113830042 -0.752956137659 0.0184765236671 0.0184765236671
1.28908028739 -0.912210144986 -0.0191683993197 -0.0191683993197
0.684530947016 -0.409222195322 0.0198506480202 0.0198506480202
0.494911771974 -0.590356770463 -0.0205317974483 -0.0205317974483
0.479774518077 -1.35709266315 0.0212203202937 0.0212203202937
0.345386577311 -0.653633265447 -0.0219250606741 -0.0219250606741
-0.798983634374 -1.34362244565 0.0226557009985 0.0226557009985
-0.237110969413 -0.656302259318 -0.0234233233872 -0.0234233233872
-0.748271207401 -1.3456931928 0.0242411386667 0.0242411386667
-0.993163199586 -0.646076260543 -0.0251254920612 -0.0251254920612
-1.08272989769 -0.387926838635 0.026097320507 0.026097320507
-0.875101107377 0.372262611223 -0.027184357638 -0.027184357638
-1.15770429319 -0.378425567072 0.0284246127249 0.0284246127249
-0.806084895255 0.397352146454 -0.0298721081928 -0.0298721081928
-1.2620537177 -0.45206659777 0.0316068269117 0.0316068269117
-0.0236907472428 1.15268587657 -0.0337530077361 -0.0337530077361
-0.984283342618 -0.130973127733 0.0365153267304 0.0365153267304
-0.910954127912 1.25859054867 -0.0402573720228 -0.0402573720228
-1.12888047596 0.703877374274 0.0456940932212 0.0456940932212
-0.837553686713 1.31734467812 -0.0544530895758 -0.0544530895758
-1.22469661358 0.659487839733 0.0712166405387 0.0712166405387
-0.2022505074 1.39003706026 -0.117232928949 -0.117232928949
-0.00320575415864 -0.139881393293 0.865343171344 0.865343171344
