10.0 10.0 5.35969736026e-17 5.35969736026e-17
4.22090356941 3.49342114778 -0.141135780989 -0.141135780989
-1.19476763195 -2.36537676445 0.129841883884 0.129841883884
1.81075311289 0.872337739897 -0.0534304078756 -0.0534304078756
1.37910362472 0.408005007605 -0.0259875743926 -0.0259875743926
0.0290174424497 -1.04591859994 0.0663251854744 0.0663251854744
1.86592702999 0.932650472227 -0.0561007594754 -0.0561007594754
0.760782300939 -0.256196817666 0.0131614568064 0.0131614568064
-0.292280325228 -1.33577746181 0.0301699355757 0.0301699355757
0.943394775807 0.0221333722908 -0.0472297991906 -0.0472297991906
0.824787558347 -0.238182167429 0.0312837744598 0.0312837744598
0.976482443847 -0.0319647268851 0.00327474825967 0.00327474825967
1.24328125341 0.359512853337 -0.0321460307856 -0.0321460307856
0.739843309451 -0.478894041034 0.0370852084768 0.0370852084768
1.06409374121 0.285721056323 -0.0167455062139 -0.0167455062139
0.262037694739 1.03856465452 -0.0137481176416 -0.0137481176416
-0.554309475289 0.780598950953 0.033502217209 0.033502217209
0.509121702369 1.23404918746 -0.0296411902139 -0.0296411902139
-0.11355389119 0.953515171878 0.00540070788472 0.00540070788472
-1.17345546711 0.796923047818 0.0224047016561 0.0224047016561
-0.215413448159 1.32597432784 -0.0346860899662 -0.0346860899662
-0.193376444719 0.779665166045 0.0227915511371 0.0227915511371
-0.972100997539 0.944628863933 0.00559002709689 0.00559002709689
-1.08728925841 1.31651046204 -0.0312305600455 -0.0312305600455
-0.690696839933 0.626884914989 0.0359566970367 0.0359566970367
0.0645272975181 1.1603702712 -0.0150452122249 -0.0150452122249
-0.732960786671 1.20632874018 -0.0187102602867 -0.0187102602867
-1.06684485391 0.509354048265 0.0423813444708 0.0423813444708
0.703213154011 1.47307492132 -0.0376620004492 -0.0376620004492
-0.0753433364881 0.940868714052 0.00394540578568 0.00394540578568
-1.36055713353 -0.228434669525 0.0389187602131 0.0389187602131
0.0512962099403 0.840852073731 -0.0610131988939 -0.0610131988939
-0.384794205962 0.820723530887 0.040792314088 0.040792314088
-1.06902184588 0.887032282503 0.0188410959769 0.0188410959769
-0.493798697668 1.56799177151 -0.0865488573501 -0.0865488573501
-1.74588119875 0.242746266776 0.11355473607 0.11355473607
-0.638276161528 1.3338677333 -0.0521374444278 -0.0521374444278
0.527860237217 1.79859167806 -0.141928876754 -0.141928876754
-1.85068987048 -1.61032794273 0.698923378313 0.698923378313
3.10139920523 3.12093338344 0.880292882129 0.880292882129
