7.0 16.0 0.0 0.0
1.19090133433 3.62560983798 -0.0773510129099 -0.0773510129099
-1.02272385887 -1.39070928769 0.0933900615642 0.0933900615642
0.742125330839 3.03832402647 -0.0853615328236 -0.0853615328236
-0.244973077111 -0.790221733669 0.0649691986795 0.0649691986795
1.48632851617 0.853537925887 -0.0394553283386 -0.0394553283386
0.841708583223 0.793090791289 0.0143802258003 0.0143802258003
0.935955935472 -0.0154993168222 0.00615161852257 0.00615161852257
1.19764994026 0.0149999866527 -0.0196823665576 -0.0196823665576
0.75149233607 0.601559488534 0.0254895289727 0.0254895289727
1.23048076422 0.784116412756 -0.0244232188356 -0.0244232188356
0.834075668249 -0.229275163779 0.018490381429 0.018490381429
1.0827383571 -0.0619240641126 -0.010267146141 -0.010267146141
0.987037970781 -1.02243952283 0.00226456617359 0.00226456617359
1.01030570797 -0.110138921345 0.00361792790843 0.00361792790843
0.324081420415 -0.55499617918 -0.00644016670282 -0.00644016670282
-0.250647521445 -1.3099940275 0.00630683663085 0.00630683663085
0.207106005182 -0.818074996748 -0.00418916393371 -0.00418916393371
-0.157320218607 -1.058928763 0.00154118202894 0.00154118202894
0.0976080076896 -1.02159145645 0.000185079310501 0.000185079310501
6.2694947273e-16 -1.0 1.63268091857e-18 1.63268091857e-18
-0.956940134584 -0.0423575457302 -0.00230499342272 -0.00230499342272
-0.401825263658 -0.664278806756 0.00606257038076 0.00606257038076
0.273155980771 -1.11097896595 -0.0098859819914 -0.0098859819914
-0.225130489751 -1.01628001103 0.0120433499686 0.0120433499686
0.171625723067 -0.917474104298 -0.0109624218013 -0.0109624218013
-0.0872344751074 -1.06858985335 0.0057443539056 0.0057443539056
-0.0624474094197 -1.06131505589 0.00344126131754 0.00344126131754
0.954117838495 -0.0223489838346 -0.015184560309 -0.015184560309
0.900881140965 -0.175093334605 0.0269427625693 0.0269427625693
1.1876045264 0.318732946942 -0.0354192421948 -0.0354192421948
0.781224066613 -0.379186582509 0.0371413823859 0.0371413823859
1.17822711282 0.316184792454 -0.0291091680116 -0.0291091680116
0.942263373546 -0.104480922849 0.00934807165666 0.00934807165666
0.860553679264 -0.25623183806 0.0228321592718 0.0228321592718
1.39756349991 0.73803760468 -0.0671606763483 -0.0671606763483
0.308704683482 -1.28773351681 0.124063273345 0.124063273345
1.99594304143 1.8354135906 -0.201444152009 -0.201444152009
-0.344589229868 -2.30739218176 0.367369856683 0.367369856683
1.11766525132 2.64263361467 0.963336072061 0.963336072061
