16.83189895 7.92149088107 0.216240062966 0.196427185606
-1.166084622 -0.623947200603 -0.0973913234563 -0.0767873924899
-0.822267707034 0.444350549757 0.0647574517571 0.0433110255989
-1.16056923582 -0.317403264 -0.0497741514598 -0.027417012882
-0.909794062135 0.176079228752 0.041400689623 0.0180431501637
-0.644811539419 0.318605988028 -0.0362724282718 -0.0117963803944
-0.433261125563 0.567642240588 0.0330396224463 0.00728804171908
-1.15335466898 -0.128076489808 -0.0310832646312 -0.00384386360595
0.00171233128674 0.957697653233 0.0301178305038 0.0010965859977
-0.935724055257 0.120213578847 -0.0300526856478 0.00117123106561
1.42151588595 0.822988907078 0.0309591675912 -0.00309683339551
-0.800576391954 0.251223649258 -0.033115862815 0.00477141765457
-0.715997409821 0.275311301321 0.0371846106491 -0.00625824903496
-0.588251133908 -0.958683550955 -0.0447636637667 0.00760290352102
-0.63442379326 1.07393147351 0.0605144366914 -0.00883937221386
-0.948128692603 -0.894111735307 -0.105381336907 0.00999387063136
0.55165595995 -0.0808778150662 0.745534586115 -0.0110873186909
-0.490848686755 1.64894724427 0.1293891554 0.0121370249293
0.464472697858 1.05572483746 -0.0573331584594 -0.0131578846346
-0.447785079386 0.917036531116 0.0364471325206 0.0141632810944
0.433609098441 1.08933282976 -0.0268176028161 -0.0151658130615
-0.416268856327 0.910404228198 0.0214852926441 0.0161779359465
0.378945573568 1.08892817052 -0.0182610899643 -0.0172125875436
0.368932731921 0.90646499197 0.0162432206957 0.0182838661723
1.50722087999 1.12591403187 -0.0149984013358 -0.019407839113
0.51724186903 0.518524831987 0.0142991582402 0.0206035851193
1.47497505677 -0.178204876882 -0.0140222326769 -0.0218946247773
0.525572534753 0.211323995747 0.0141046022346 0.023310983729
1.48012811149 -0.575779209603 -0.0145238571831 -0.0248923013194
0.504265858385 -0.375519441463 0.0152909576976 0.0266927144764
0.769553683373 -0.783246888459 -0.0164513655153 -0.0287888749297
0.218447896793 -1.04966756574 0.0180947501242 0.0312937745217
0.347229547126 -1.03333981396 -0.020377674338 -0.0343820098619
-0.443330706548 -0.88476993798 0.0235714729475 0.0383393454376
-0.580566903805 -1.23884909787 -0.0281674903425 -0.0436690990451
-1.4359273821 -0.278759441416 0.0351334901024 0.0513493710978
-0.534496858233 -0.277357032561 -0.0466479434342 -0.0635679526583
-1.47153934038 -0.249923324651 0.0688110427214 0.0864338421908
1.4349731761 -3.5973001041 -0.127574351907 -0.145907342784
0.578579485439 -2.72247420006 0.698852689718 0.717912384993
