15.0 10.0 1.49087091878e-16 -9.51619735393e-18
1.29003542406 2.17824532641 -0.076325227494 -0.065274066465
-3.21515038575 -0.0416773293347 0.102932953029 0.0826840358104
1.05110668608 1.93889700377 -0.108973096592 -0.0825748769302
-2.8245636361 -0.144941407129 0.101383119416 0.0726962057638
0.683559134679 0.522941798843 -0.0836690470936 -0.0568941875269
-0.804699692565 1.04713407477 0.0588079262804 0.0379733699956
0.476852001353 0.932252251883 -0.0298592407517 -0.0183199571557
1.0 8.12048840869e-16 -1.33579814732e-17 1.23777592385e-17
0.691603141333 -0.0650943056356 0.0276347755717 0.015292134507
1.59135514073 0.0941140830759 -0.0501784798561 -0.026318230073
0.183927197763 -0.142543300271 0.0652643252589 0.0323661409913
2.0055372489 0.46464249941 -0.0712224876032 -0.0332826241756
-0.423773362976 1.20611071963 0.0672153579264 0.0294589944742
-0.568953229789 0.86259486787 -0.0532919690924 -0.0217678317245
-0.0945435373167 1.07977420473 0.0303501365467 0.011455450694
-8.12048840869e-16 1.0 -7.50686341726e-18 1.00731185443e-17
-0.643514524822 0.889240206787 -0.0356788023439 -0.011051161029
-1.68066497151 1.25195254021 0.0745153556474 0.0202489172187
0.469212087602 0.583618240627 -0.114880199191 -0.0263982196614
-1.18237134123 1.59053417512 0.15708574815 0.028686913652
-0.339069569162 0.24878328951 -0.208390455552 -0.0267748595667
-1.69078233973 1.82935588022 0.321166792613 0.0208345562848
0.991900507517 -1.2690685989 0.96297652129 -0.011539283596
6.0 -9.0 -4.88894672051e-20 2.61514459426e-18
1.54156466213 -1.25246055634 -0.0529314254002 0.0123426410647
0.749536349901 0.552201686048 0.0588237860273 -0.0238602497832
0.459781397724 -2.44308858334 -0.0496766926627 0.0328981842676
0.316100724696 0.645618655992 0.0347563423361 -0.0379398634276
0.94702040931 -0.964564491437 -0.0191378240746 0.0377563634522
-0.267783087638 -0.724449402601 0.00644923262763 -0.031524137368
0.142302889471 -1.09130690893 0.000574728696954 0.0188946858527
1.0 0.0 -1.29072613481e-18 3.10503900083e-19
0.180662207913 -0.674106001168 -0.00933550680791 -0.0246276413149
0.392373341064 -0.80958127288 0.0279482083557 0.0542664384286
1.21956418747 0.418046099418 -0.0561158385388 -0.0884819795301
-0.958423109492 -2.34070523874 0.0951162103226 0.128398834498
2.87994905138 0.357664860521 -0.152156601511 -0.181615595985
-1.1472252972 -2.27679381203 0.278564404604 0.300332236328
2.00614572277 1.54665874389 0.98597125558 0.974515804886
