20.0 7.0 -5.04646829375e-18 -5.04646829375e-18
10.4289844561 4.48201924483 -0.199509670662 -0.199509670662
-2.66026280022 0.479618811149 0.0454270541676 0.0454270541676
-3.4687024203 0.116689472354 0.101866833945 0.101866833945
1.47465551605 1.29658594659 -0.0543406757796 -0.0543406757796
0.656768550823 0.59391087335 -0.0541711305928 -0.0541711305928
-2.24547833842 -0.308334952248 0.0521648946647 0.0521648946647
-0.767977220386 0.626712663454 0.0248721553135 0.0248721553135
1.02487208641 1.55877330809 -0.0444824554681 -0.0444824554681
-0.772048327952 1.0701835812 -0.00625086433443 -0.00625086433443
-2.17777909611 0.654621312971 0.0340268465131 0.0340268465131
-0.837021460564 1.04034822757 -0.00449832992346 -0.00449832992346
0.193710436529 1.16664996267 -0.0228100444693 -0.0228100444693
-0.104049776673 0.960871889242 0.00889500038633 0.00889500038633
-0.0698365445179 1.02455013793 0.0125317436801 0.0125317436801
-0.137291950339 0.823648507684 -0.00820355658307 -0.00820355658307
-0.869204514123 0.145996111984 -0.00462364733503 -0.00462364733503
-0.786323152263 0.0965391858355 0.00377006196405 0.00377006196405
-0.0418966028393 0.868448153316 0.00020059328777 0.00020059328777
-0.383734266945 1.25695698866 0.00288891863302 0.00288891863302
-1.0 1.0 5.04646829375e-18 5.04646829375e-18
-0.417659519171 0.897129166553 -0.0101025391185 -0.0101025391185
-0.0317415843913 1.01584579732 0.00434314962812 0.00434314962812
-0.75980020092 1.00399983382 0.0161021399944 0.0161021399944
-0.883173818309 1.02308372625 -0.0131361159719 -0.0131361159719
-0.14570760083 1.05791749036 -0.0190702656551 -0.0190702656551
-0.0806224758935 0.899014436841 0.0259233780138 0.0259233780138
-0.138357167281 0.923157127903 0.0171212215487 0.0171212215487
0.470885881136 1.20588672385 -0.0420125010951 -0.0420125010951
0.112762488834 1.04191819681 -0.00808871340077 -0.00808871340077
-1.15639761198 0.674418953919 0.0607201640529 0.0607201640529
-0.906896759665 1.06131583141 -0.0112400493002 -0.0112400493002
-0.218123051605 1.44792293361 -0.0819296609255 -0.0819296609255
-1.43678291162 0.741763795094 0.0478742735268 0.0478742735268
-1.49260715784 0.436761242844 0.107909187897 0.107909187897
1.38135290882 1.61797161764 -0.125928046059 -0.125928046059
0.808307110173 1.67610144581 -0.15438578406 -0.15438578406
-4.352247391 -0.501033273244 0.435078796212 0.435078796212
-1.95439834314 -0.53867132561 0.98356478229 0.98356478229
11.9256408122 3.81525230674 0.697684673196 0.697684673196
