8.0 9.0 3.08395284618e-18 3.08395284618e-18
0.827645633619 0.0666105452423 -0.0512947984164 -0.0512947984164
-0.00937621795208 -2.07568122715 0.0654854967475 0.0654854967475
1.85075676072 0.649686423303 -0.0671638034914 -0.0671638034914
0.288442111203 -1.12559736581 0.0622374651096 0.0622374651096
1.56506317089 -0.790352124843 -0.0533606146381 -0.0533606146381
0.583727099375 -0.890965670326 0.0422780161694 0.0422780161694
1.274889613 0.28866317488 -0.0303701033022 -0.0303701033022
0.848688278944 -0.0403672540548 0.0187824884574 0.0187824884574
1.05570948022 1.15022453191 -0.00843528207301 -0.00843528207301
1.0 1.0 -6.16790569236e-18 -6.16790569236e-18
1.0165362633 0.917998724196 0.0061227688875 0.0061227688875
0.226710339339 1.12679106616 -0.00981047251521 -0.00981047251521
-0.138519383206 0.856871037294 0.0112044720555 0.0112044720555
0.0745191421415 1.13727597749 -0.0106736604121 -0.0106736604121
-0.00446538633469 0.88429816621 0.00875829969108 0.00875829969108
-0.0710299740287 1.08528579976 -0.0060991304882 -0.0060991304882
0.151073344089 0.947106614266 0.00335856666438 0.00335856666438
-0.265020770592 1.02478219236 -0.00114172080001 -0.00114172080001
-0.944415639559 0.993982871887 -7.49097348613e-05 -7.49097348613e-05
0.0 1.0 -6.16790569236e-18 -6.16790569236e-18
-0.905777144051 0.991811879546 0.00143643639137 0.00143643639137
-1.0250537158 1.03006323683 -0.00407087008485 -0.00407087008485
-1.12603187801 0.936574391129 0.00751925832543 0.00751925832543
-0.258977762712 1.10519708121 -0.01121387611 -0.01121387611
-0.430043501464 0.846523256385 0.0144601958487 0.0144601958487
-0.906977961812 1.21522845797 -0.0165079463602 -0.0165079463602
0.44393453665 0.628214789566 0.0166289190243 0.0166289190243
1.06993235276 -0.0175894866389 -0.0141931645695 -0.0141931645695
0.961250665153 -0.0256253149102 0.00873494383417 0.00873494383417
1.0 -1.97372982156e-16 -1.23358113847e-17 -1.23358113847e-17
1.06858061616 0.060028919416 -0.0120340513397 -0.0120340513397
0.832787823003 -0.142737732215 0.0271733037616 0.0271733037616
1.29056103043 0.237635113988 -0.0450732516507 -0.0450732516507
0.569561051186 -0.329596696273 0.0653874300094 0.0653874300094
1.57717739044 0.385733171972 -0.0880998556212 -0.0880998556212
0.27862391521 -0.22784423194 0.114429954317 0.114429954317
1.85816881216 1.70790708226 -0.150368308578 -0.150368308578
-0.0143334880445 -1.09646636962 0.233492242324 0.233492242324
0.830127838032 1.04388452408 0.983606673679 0.983606673679
