15.0 6.0 0.0 -5.69345140833e-18
1.37070273902 0.137758023429 -0.0160565348801 -0.0126987193734
0.631701915057 -0.129131149463 0.0231159952888 0.0170394541689
1.35406732228 0.129946921023 -0.027599425006 -0.0192511077136
0.691514125287 -0.159066181867 0.0309021591614 0.0206049999974
0.455889278303 0.989921970062 -0.0335356225074 -0.021528612988
-0.383722064793 0.969558523167 0.0357431787768 0.0222061391504
0.328780801601 1.03248007455 -0.0376605572659 -0.0227300593561
-0.224232773501 0.978650983333 0.0393720453496 0.0231519577695
-0.578917853276 0.992875719041 -0.0409343098844 -0.0235029277516
-0.544711294443 1.08833006705 0.042387962685 0.023802875328
-0.329456441466 0.218226416708 -0.0437637891155 -0.0240651832856
-0.843645418943 0.525818879489 0.0450864036465 0.0242992296542
0.53309448914 1.27808115057 -0.0463765728763 -0.0245118320896
0.128393833656 0.764525408487 0.0476528207876 0.0247081193806
1.1329050509 1.22590068301 -0.048932652167 -0.0248920813543
-0.849960028159 0.766915123084 0.0502336008944 0.0250669307312
0.794754981073 1.25595988072 -0.0515742534297 -0.0252353516641
-0.799525939524 0.696900327756 0.0529753841282 0.0253996788933
0.873465590475 1.40978872083 -0.0544613592908 -0.0255620347504
-1.30069472702 0.129266121351 0.0560620265828 0.0257244420801
0.0407218958299 0.656709385438 -0.0578154271052 -0.0258889263018
-0.789805570585 0.506053632981 0.0597718982018 0.026057617748
-0.712234687435 0.340474824914 -0.0620005836399 -0.0262328654719
-1.38521659669 0.83818674222 0.0646002778011 0.0264173759163
-0.573412255251 -0.220587478454 -0.0677184893489 -0.026614394861
-1.44873453287 0.0316198979126 0.0715871522641 0.0268279605161
-0.538874270497 0.291383383864 -0.0765949723356 -0.0270632728502
-1.46526120326 0.749355225305 0.0834495236983 0.0273272560562
-0.547159074381 -1.32077314351 -0.0935933275445 -0.0276294519257
-1.34702558907 0.453944022155 0.110503696381 0.0279835040757
0.718883841093 -1.77463890053 -0.145272741254 -0.0284097532263
-0.738127313206 -0.0501846501226 0.262974333777 0.0289400600007
0.991852932922 -1.30692083141 0.920783775125 -0.0296274663537
2.57912388114 -6.83316248963 -0.0952729793295 0.0305675057107
1.17400308136 0.857320668083 0.025652478671 -0.0319516796148
0.691264385524 -0.439916401507 0.00216656437442 0.0342288041485
1.36033969885 0.293219878404 -0.0201899485949 -0.0387566747277
0.603793116541 -0.220997415042 0.0423289811713 0.0524666014946
0.355721084586 0.179539319916 1.00328533809 0.99897290848
