23.0 7.0 4.62592926927e-18 4.62592926927e-18
10.8170429357 3.43660515517 -0.186432046766 -0.186432046766
-4.60219734748 -0.944997898726 0.0826804065155 0.0826804065155
-3.38225017576 0.0828045729627 0.063801372214 0.063801372214
1.88413852935 2.05891088073 -0.0830804771504 -0.0830804771504
-1.0 1.0 9.25185853854e-18 9.25185853854e-18
-2.99294213285 0.284026423954 0.0576581590828 0.0576581590828
0.159046136534 1.40198797378 -0.0302439306962 -0.0302439306962
0.736102788876 1.40325372829 -0.0258081840333 -0.0258081840333
-1.40299572348 0.161184163496 0.0356806305678 0.0356806305678
-1.0 9.25185853854e-17 1.85037170771e-17 1.85037170771e-17
0.240431185775 0.725432155332 -0.0257343051351 -0.0257343051351
-0.315311312914 1.04165276123 0.0132975563707 0.0132975563707
-0.955716943847 1.01705764161 0.0109041189634 0.0109041189634
-1.03356895114 0.967160141129 -0.0140327823311 -0.0140327823311
-1.0 1.0 0.0 0.0
-0.344799029655 1.13221133683 0.00734449610025 0.00734449610025
-0.0451234935935 0.815087794912 -0.00257411331011 -0.00257411331011
-0.817689751631 0.110223041441 -0.000641320771502 -0.000641320771502
-0.850915649084 0.173700863965 -0.00207678166632 -0.00207678166632
1.85037170771e-16 1.0 1.38777878078e-17 1.38777878078e-17
-0.281901167065 1.25700652135 0.00842305429407 0.00842305429407
-1.27519386746 0.868772881288 -0.0072545801612 -0.0072545801612
-1.24234532232 0.875814628446 -0.00940123411164 -0.00940123411164
-0.441481792214 1.22359441767 0.0189012786869 0.0189012786869
-7.40148683083e-17 1.0 1.61907524425e-17 1.61907524425e-17
-0.477960490023 0.2395369005 -0.0272351264252 -0.0272351264252
-1.11323445258 0.0703157755775 0.0198324630106 0.0198324630106
-0.402255092299 0.800241361063 0.0232411407193 0.0232411407193
0.314872162428 0.95054959141 -0.0440106362211 -0.0440106362211
-1.0 -7.40148683083e-17 7.40148683083e-17 7.40148683083e-17
-1.37954050209 0.0383481305395 0.0610207753354 0.0610207753354
0.684728308093 1.46563100315 -0.0451069068713 -0.0451069068713
0.0458292802901 1.45538190393 -0.0550078038253 -0.0550078038253
-2.53956427557 0.207726522858 0.111904197971 0.111904197971
6.29126380621e-16 1.0 5.55111512313e-17 5.55111512313e-17
2.36394111023 2.12290135383 -0.213810073642 -0.213810073642
-3.4369858806 0.0454817312807 0.233016796297 0.233016796297
-3.92594669331 -0.980844855238 0.935275549273 0.935275549273
12.0137876097 3.49324139624 0.756134974383 0.756134974383
