13.0 9.0 0.0 0.0
0.706482106329 1.45806803315 -0.0253141048256 -0.0253141048256
-1.62332664431 0.53144914939 0.0332659354587 0.0332659354587
0.455149425006 1.4673730514 -0.0362587720026 -0.0362587720026
-0.519191813583 0.541143078929 0.0369108382567 0.0369108382567
0.589060204764 1.44569374045 -0.0361501990165 -0.0361501990165
-1.224725141 0.569236158914 0.0344217922128 0.0344217922128
-0.127215996449 1.41859832058 -0.0319938149118 -0.0319938149118
-0.0414504606314 0.580847292056 0.0290596878669 0.0290596878669
-0.0238084898856 1.4658711303 -0.0257777985526 -0.0257777985526
0.454930048262 0.160527070616 0.0222883367499 0.0222883367499
0.853130202296 0.456306489517 -0.0187204813349 -0.0187204813349
-0.330739291149 1.11105386693 0.0151951088208 0.0151951088208
0.171355852946 0.93067073202 -0.0118252866554 -0.0118252866554
0.0589704373256 1.09475648122 0.00871564465372 0.00871564465372
1.28477074251 0.774377537069 -0.00596120272135 -0.00596120272135
0.82252359809 -0.0877839729682 0.00364598765306 0.00364598765306
1.11963812922 0.0140380488485 -0.00184164613246 -0.00184164613246
0.92210258958 0.0162584604855 0.000606191786493 0.000606191786493
1.04242055647 -0.0335275579255 1.70171802408e-05 1.70171802408e-05
1.0 -1.0 1.31473779232e-17 1.31473779232e-17
0.0104621225584 -1.01119123129 -0.000669476158262 -0.000669476158262
0.0290105745322 -0.996269537179 0.00198791492502 0.00198791492502
-0.110237169984 -0.987255067162 -0.00393652709454 -0.00393652709454
0.919084898978 -1.03617730405 0.00648210809613 0.00648210809613
0.317916564246 -0.934445072092 -0.00957838123253 -0.00957838123253
-0.166341341198 -1.10007459366 0.0131678423169 0.0131678423169
0.103773497323 -0.861032621809 -0.0171841694633 -0.0171841694633
-0.0105893131789 -1.18147262843 0.0215553218912 0.0215553218912
-0.463087534991 -0.773128923272 -0.0262075748865 -0.0262075748865
-0.879295468528 -1.27457192829 0.0310709939191 0.0310709939191
0.455375688761 -0.675699161705 -0.0360874046928 -0.0360874046928
-0.324745892447 -1.37656003558 0.0412231944778 0.0412231944778
0.0552149690415 -0.565953173826 -0.0464924997795 -0.0464924997795
-1.32493045283 -1.50790067706 0.0520054167113 0.0520054167113
0.534356481938 -0.326171490755 -0.0580856588842 -0.0580856588842
-1.77444368535 -0.397934366244 0.0656228342677 0.0656228342677
-0.322450546086 0.54949171621 -0.0775032922379 -0.0775032922379
-1.61842158993 0.563999800709 0.109090639409 0.109090639409
0.716114246617 0.398441816084 0.995887062876 0.995887062876
