10.5509689555 4.832408701 0.156307312843 0.156307312843
-0.782812692843 1.22340346876 -0.0604105981461 -0.0604105981461
1.2074464115 0.417836106919 0.0324056816837 0.0324056816837
-0.715407208423 0.52490249679 -0.0189212972355 -0.0189212972355
-0.0203329394037 1.18883192224 0.0109108254706 0.0109108254706
-1.10516221019 0.865622613601 -0.00554861910269 -0.00554861910269
0.50779569923 1.11437409221 0.00166667900169 0.00166667900169
-0.990539708565 0.894421254792 0.00130576214797 0.00130576214797
-0.0265677839125 1.10183774801 -0.00368099376193 -0.00368099376193
-0.186123892103 0.898968788193 0.00564453632532 0.00564453632532
0.236350263125 1.10250936802 -0.00731380062431 -0.00731380062431
-0.255529394925 0.893469696685 0.00876697431048 0.00876697431048
0.259541251055 1.11458552328 -0.0100583998287 -0.0100583998287
-0.233130571046 0.868530934934 0.0112272912889 0.0112272912889
1.27545789638 1.17700742547 -0.0123029415953 -0.0123029415953
0.719510778584 0.544978219113 0.0133079785363 0.0133079785363
1.27649521972 -0.0563960258241 -0.0142604887728 -0.0142604887728
0.730739744093 0.00469218180843 0.0151754632604 0.0151754632604
1.25846703326 0.00912069646894 -0.0160658279455 -0.0160658279455
0.757713360781 -0.00878994191611 0.0169432213619 0.0169432213619
1.2159942107 -0.00432882225712 -0.0178186246452 -0.0178186246452
0.837056256149 0.044451599664 0.0187029193609 0.0187029193609
0.282555173569 -0.910605873972 -0.0196074345917 -0.0196074345917
0.00859016855772 -0.815419542357 0.0205445426997 0.0205445426997
0.967006190061 -0.186287198624 -0.0215283724717 -0.0215283724717
-0.419102409784 -1.29982036116 0.0225757317582 0.0225757317582
0.284058159303 -0.768511527577 -0.0237073766361 -0.0237073766361
-1.04883247983 -1.20977931493 0.0249498460653 0.0249498460653
-0.0225991351642 -0.794839193746 -0.0263382316246 -0.0263382316246
-0.967101655798 -1.21222818874 0.0279205376272 0.0279205376272
0.521946915998 -0.766160879116 -0.0297648541249 -0.0297648541249
-1.18627970713 -1.2877710842 0.0319717574586 0.0319717574586
0.103895313605 -0.493528367602 -0.0346970396354 -0.0346970396354
-1.11198255415 -0.500561324403 0.0381964654162 0.0381964654162
0.630383986388 -0.985222035659 -0.0429223091236 -0.0429223091236
-1.26354971647 -1.13477677005 0.0497583130966 0.0497583130966
-0.718172495606 -0.668585605924 -0.0606974235981 -0.0606974235981
-0.979468105464 -0.411189536321 0.081381681132 0.081381681132
-0.020928495529 -0.587814674383 -0.136516669727 -0.136516669727
-0.966104933238 0.178622614475 0.788824312958 0.788824312958
