20.0 7.0 -5.04646829375e-18 -5.04646829375e-18
10.6893504296 4.65169657686 -0.199509670662 -0.199509670662
-2.75674096233 0.409494618194 0.0454270541676 0.0454270541676
-3.83077939616 -0.168407063827 0.101866833945 0.101866833945
1.83638163832 1.60303344443 -0.0543406757796 -0.0543406757796
1.77433540567 1.63390287016 -0.0541711305928 -0.0541711305928
-1.81660833912 0.233344027625 0.0521648946647 0.0521648946647
-1.62096235425 -0.133517752243 0.0248721553135 0.0248721553135
0.36111191661 0.501197277123 -0.0444824554681 -0.0444824554681
0.0945894051894 0.97412396441 -0.00625086433443 -0.00625086433443
-0.499869395115 1.16036516548 0.0340268465131 0.0340268465131
0.0444415105978 0.955632917372 -0.00449832992346 -0.00449832992346
-0.268427058433 0.267543894306 -0.0228100444693 -0.0228100444693
-1.14350480325 0.0461351413027 0.00889500038633 0.00889500038633
-0.572102963163 0.715033446367 0.0125317436801 0.0125317436801
0.185812874434 0.975152170554 -0.00820355658307 -0.00820355658307
-0.610880747458 0.24478549384 -0.00462364733503 -0.00462364733503
-1.22301798075 -0.0474829987585 0.00377006196405 0.00377006196405
-0.23399320944 0.81290399819 0.00020059328777 0.00020059328777
0.589367228735 1.48105668558 0.00288891863302 0.00288891863302
-6.15669131838e-16 1.0 5.04646829375e-18 5.04646829375e-18
-0.856210097886 0.180836770136 -0.0101025391185 -0.0101025391185
-0.95799010683 0.0379498491272 0.00434314962812 0.00434314962812
-0.404474639264 0.585691311555 0.0161021399944 0.0161021399944
0.114849014267 1.16571106086 -0.0131361159719 -0.0131361159719
-0.42408295268 1.16847633051 -0.0190702656551 -0.0190702656551
-1.59999447605 0.810458647332 0.0259233780138 0.0259233780138
-1.37117884194 0.887321607445 0.0171212215487 0.0171212215487
0.0265772735567 1.25975400169 -0.0420125010951 -0.0420125010951
0.0786309207093 1.04801166906 -0.00808871340077 -0.00808871340077
-0.663207803997 0.650428521023 0.0607201640529 0.0607201640529
0.114144691811 1.06298192358 -0.0112400493002 -0.0112400493002
0.451294866453 1.44621953854 -0.0819296609255 -0.0819296609255
-1.65154280881 0.748059474236 0.0478742735268 0.0478742735268
-1.84680997913 0.457818286004 0.107909187897 0.107909187897
1.77156072099 1.59060021748 -0.125928046059 -0.125928046059
1.78994136608 1.64530291504 -0.15438578406 -0.15438578406
-3.57477979554 -0.440705995589 0.435078796212 0.435078796212
-1.84444012514 -0.512253276063 0.98356478229 0.98356478229
11.6673913919 3.70952508928 0.697684673196 0.697684673196
