9.0 8.0 5.22457893941e-17 0.0
2.4043992499 0.419085443366 -0.0746629235747 -0.0773510129099
-0.250807828215 -1.59985384381 0.0905180322291 0.0933900615642
2.0083217605 1.18772703687 -0.0841529543275 -0.0853615328236
0.284253639907 -0.805620897009 0.0660035216564 0.0649691986795
1.41200380991 0.430457315384 -0.041868144747 -0.0394553283386
0.861488247209 -0.105590320353 0.0161662719893 0.0143802258003
0.956755917152 0.88553946934 0.00743777233527 0.00615161852257
0.426359400583 1.3150322194 -0.0260148419044 -0.0196823665576
-0.470351191238 0.607595592419 0.0374973712372 0.0254895289727
0.460836362058 1.37730298448 -0.040805464279 -0.0244232188356
-0.382903370349 0.704028020127 0.0359132923029 0.018490381429
0.246462881229 1.17694555967 -0.0238311144203 -0.010267146141
-0.0670210974627 0.955386704699 0.0064980312427 0.00226456617359
-0.144143874097 0.909112317513 0.0134046148431 0.00361792790843
0.406193173469 1.26018462993 -0.0326963849327 -0.00644016670282
-1.08079720029 0.154693748708 0.0479616448031 0.00630683663085
-0.306522817567 0.397869570781 -0.0557811478224 -0.00418916393371
-0.298650266554 0.99971173311 0.0528436666357 0.00154118202894
-1.01625223604 -0.231586369083 -0.0357530221627 0.000185079310501
-1.0 -3.13474736365e-16 1.30614473485e-17 1.63268091857e-18
-1.11272024911 1.05952390141 0.0640222575581 -0.00230499342272
-0.698233961625 0.195352176546 -0.191074629498 0.00606257038076
-1.36229883391 0.0235896361706 0.688357929355 -0.0098859819914
2.47094044231 -0.118084755731 0.768525429901 0.0120433499686
4.70183634327 0.141481421088 -0.190224279463 -0.0109624218013
0.625975023248 -0.0884394345121 0.0519946170562 0.0057443539056
0.910548033291 -0.0691056741106 0.0199006666024 0.00344126131754
0.470861831767 1.0023211819 -0.0623806511974 -0.015184560309
0.0220271284287 0.783178622258 0.0841352466136 0.0269427625693
1.78385503289 1.40516384872 -0.0882234750518 -0.0354192421948
0.376336201969 0.345741815275 0.0765583507723 0.0371413823859
1.39950051047 0.18460426415 -0.0511431388867 -0.0291091680116
0.890959385874 -0.0988120157371 0.0143485444411 0.00934807165666
0.768556024334 -1.11366938642 0.0312727180422 0.0228321592718
1.59707457994 0.0951693033715 -0.0836339531839 -0.0671606763483
0.0398961398886 -0.517575978936 0.142847342489 0.124063273345
2.30018490536 0.888063172401 -0.217801006556 -0.201444152009
-0.660470052183 -1.19493482919 0.378406043828 0.367369856683
1.43731165956 1.39135299228 0.958374942544 0.963336072061
