16.0 5.0 0.0 0.0
10.2151280508 3.74950593574 -0.208264988505 -0.208264988505
1.7763568394e-16 1.0 0.0 0.0
-3.31152913795 0.0462293678633 0.120710678119 0.120710678119
-4.4408920985e-16 1.0 0.0 0.0
1.83856261068 1.56443529683 -0.0815925843564 -0.0815925843564
-1.7880764534e-16 1.0 -8.881784197e-17 -8.881784197e-17
-1.0972163612 0.615087184269 0.0585424783056 0.0585424783056
0.0 1.0 0.0 0.0
0.273466977183 1.2768739475 -0.0427040342732 -0.0427040342732
-1.0 1.0 0.0 0.0
-1.25769287894 0.7985438235 0.030640039407 0.030640039407
3.5527136788e-16 1.0 0.0 0.0
0.589798878852 1.14327083575 -0.0207106781187 -0.0207106781187
-1.46542675622e-16 1.0 0.0 0.0
-0.247751624854 0.905153349571 0.012003937954 0.012003937954
0.0 1.0 0.0 0.0
-0.365589730529 1.05195083716 -0.00393508534123 -0.00393508534123
-1.0 1.0 0.0 0.0
-0.74481014262 0.988194743976 -0.00393508534123 -0.00393508534123
-6.66133814775e-17 1.0 0.0 0.0
0.167296979199 0.972255720681 0.012003937954 0.012003937954
1.16541318464e-16 1.0 0.0 0.0
0.0713523291454 1.06872642993 -0.0207106781187 -0.0207106781187
0.0 1.0 0.0 0.0
-0.271771621697 0.886517248118 0.030640039407 0.030640039407
-8.881784197e-17 1.0 0.0 0.0
0.478236692558 1.1652641919 -0.0427040342732 -0.0427040342732
4.66293670343e-16 1.0 0.0 0.0
-0.718218013113 0.770641384602 0.0585424783056 0.0585424783056
-4.4408920985e-17 1.0 0.0 0.0
1.03068537694 1.31576249758 -0.0815925843564 -0.0815925843564
0.0 1.0 0.0 0.0
-1.50503959804 0.552918984456 0.120710678119 0.120710678119
-3.5527136788e-16 1.0 0.0 0.0
2.57538782687 1.69110770098 -0.208264988505 -0.208264988505
1.0 1.0 0.0 0.0
-2.72363453333 -0.468370190827 0.635310236809 0.635310236809
2.53217923483e-16 -8.881784197e-17 1.0 1.0
10.00333792 2.90593071043 0.635310236809 0.635310236809
