16.0 26.0 -9.51619735393e-18 -9.51619735393e-18
2.14048184322 2.74619186854 -0.065274066465 -0.065274066465
-1.92733784676 -4.46983572227 0.0826840358104 0.0826840358104
1.65067922198 2.03594919587 -0.0825748769302 -0.0825748769302
-1.32667328833 -3.47902380994 0.0726962057638 0.0726962057638
0.97693954228 0.844882359097 -0.0568941875269 -0.0568941875269
-0.625027903846 -2.18530627874 0.0379733699956 0.0379733699956
0.293377310888 -0.446557085109 -0.0183199571557 -0.0183199571557
-3.04518315326e-16 -1.0 1.23777592385e-17 1.23777592385e-17
-0.247038782245 -1.42747240221 0.015292134507 0.015292134507
0.471148349131 -0.33209479816 -0.026318230073 -0.026318230073
-1.05972854981 -1.31723180496 0.0323661409913 0.0323661409913
-0.727474794315 1.12099034509 -0.0332826241756 -0.0332826241756
-1.27051793772 -0.944244327444 0.0294589944742 0.0294589944742
-0.800681912512 0.684982606965 -0.0217678317245 -0.0217678317245
-1.0982907144 -0.360119899674 0.011455450694 0.011455450694
-1.0 1.01506105109e-15 1.00731185443e-17 1.00731185443e-17
-0.959219855381 0.387215267389 -0.011051161029 -0.011051161029
-0.420885856588 -1.34817019031 0.0202489172187 0.0202489172187
0.362478835613 -0.383897517574 -0.0263982196614 -0.0263982196614
-0.318161728035 -1.70919911563 0.028686913652 0.028686913652
0.226340063431 -0.326555441318 -0.0267748595667 -0.0267748595667
-0.031857493195 -1.5253673858 0.0208345562848 0.0208345562848
1.20599362367 -0.710869103744 -0.011539283596 -0.011539283596
1.0 -1.0 2.61514459426e-18 2.61514459426e-18
0.847480005252 -1.29430348281 0.0123426410647 0.0123426410647
1.26494659372 -0.482642637757 -0.0238602497832 -0.0238602497832
0.674373470153 -1.23703661906 0.0328981842676 0.0328981842676
1.320237194 1.16279333355 -0.0379398634276 -0.0379398634276
0.767394524015 -1.12487496541 0.0377563634522 0.0377563634522
1.01014667996 1.03060187992 -0.031524137368 -0.031524137368
-0.125955383459 0.6017825993 0.0188946858527 0.0188946858527
1.0 1.0 3.10503900083e-19 3.10503900083e-19
-0.498049308236 1.55368426127 -0.0246276413149 -0.0246276413149
-1.11842835037 -0.191806709341 0.0542664384286 0.0542664384286
1.32479404093 2.8610611953 -0.0884819795301 -0.0884819795301
-1.53505827821 -1.51015579892 0.128398834498 0.128398834498
1.53464968229 4.09567090065 -0.181615595985 -0.181615595985
-3.09203422181 -2.6229085758 0.300332236328 0.300332236328
2.39667551039 3.58958214475 0.974515804886 0.974515804886
