17.2496375129 4.22697726852 0.207921470355 0.207921470355
-1.75282963563 0.71266913359 -0.081220662091 -0.081220662091
-0.265469989817 1.33773276093 0.0462562962492 0.0462562962492
-1.78020544515 0.520480432951 -0.0297293417643 -0.0297293417643
0.0783422154256 0.652877507899 0.0200042663921 0.0200042663921
-1.14438610222 0.261036854205 -0.0135325178809 -0.0135325178809
-0.398864057602 0.205937577554 0.00886630947432 0.00886630947432
-0.825368448959 0.564297731532 -0.00530406383716 -0.00530406383716
-0.103871176719 0.509118417242 0.00246418344122 0.00246418344122
-0.932880123322 0.453644741352 -0.000120976971713 -0.000120976971713
-0.0424202958926 0.569585508193 -0.00186789191914 -0.00186789191914
-0.978004024189 0.413517362961 0.00359693833325 0.00359693833325
-0.00150326245105 0.600968902843 -0.00513169147147 -0.00513169147147
-1.02332955687 0.383564549672 0.00651933372428 0.00651933372428
0.0601118437053 0.638762852465 -0.00779503700436 -0.00779503700436
-1.13171153478 0.312814495743 0.00898591432305 0.00898591432305
0.396489850066 0.911034209915 -0.0101135908444 -0.0101135908444
-0.523313924864 1.05297894743 0.0111959488523 0.0111959488523
1.29068290212 0.892492681236 -0.0122483681938 -0.0122483681938
0.321981576261 0.301993488887 0.0132846585128 0.0132846585128
0.768702372868 0.67227722496 -0.0143178108629 -0.0143178108629
0.785446548057 -0.248843532338 0.01536065926 0.01536065926
1.29290751679 0.175146071356 -0.0164265252897 -0.0164265252897
0.672048949618 -0.113657665415 0.0175299156778 0.0175299156778
1.34977083993 -0.519998361375 -0.0186873528327 -0.0186873528327
0.63040156976 -0.346299365585 0.0199184447783 0.0199184447783
1.40864283029 0.316831418386 -0.0212473519615 -0.0212473519615
0.00761843654336 -0.893291999821 0.0227049016372 0.0227049016372
0.980777083167 -0.093187723051 -0.0243317716598 -0.0243317716598
-0.271147662953 -1.29348801251 0.0261834893497 0.0261834893497
-0.342101855486 -0.126172903268 -0.0283386319951 -0.0283386319951
-1.43611627901 -0.932861166988 0.0309129573574 0.0309129573574
-0.61905964922 0.603142864671 -0.0340852022365 -0.0340852022365
-1.33380856935 0.391775812431 0.0381476349365 0.0381476349365
-0.748733940327 -0.181642457242 -0.0436144035451 -0.0436144035451
-0.883543735172 0.476502116339 0.0514829855417 0.0514829855417
-0.201670715321 0.481183906238 -0.0639789813865 -0.0639789813865
-1.34615623186 -0.0719130765671 0.0872911553302 0.0872911553302
0.14426537573 0.947571838631 -0.14748433512 -0.14748433512
-1.04944441358 -0.425937772466 0.695666026473 0.695666026473
