20.0072587514 5.84170934213 0.124357347884 0.124357347884
-1.50544953656 -0.80998197912 -0.0465496018039 -0.0465496018039
-0.516289775933 0.0120381734523 0.0231456066618 0.0231456066618
-1.47407430977 0.5021172061 -0.0117629979388 -0.0117629979388
-0.530905822035 0.541549132767 0.00496572276495 0.00496572276495
-1.4664307447 -0.233440232357 -0.000400801248046 -0.000400801248046
-0.534859290934 1.04272894304 -0.00291140082762 -0.00291140082762
-1.46480842746 -0.186124016789 0.00545183133335 0.00545183133335
-0.534715416838 0.135409946245 -0.00748450148936 -0.00748450148936
-1.46662718662 -0.0933283798793 0.00916663895575 0.00916663895575
-0.530810753084 0.0312717417718 -0.0105979426602 -0.0105979426602
-1.47402437452 0.833796948717 0.0118449118346 0.0118449118346
-0.515389624158 0.936124752534 -0.0129538288559 -0.0129538288559
-1.51762079049 0.0837113871164 0.0139581330042 0.0139581330042
-0.204566920504 1.25772966825 -0.014882832681 -0.014882832681
0.274369142255 0.863326634317 0.0157472685935 0.0157472685935
1.51173808436 0.431190383158 -0.0165669188244 -0.0165669188244
0.511931473769 0.54105669485 0.0173546290927 0.0173546290927
1.48363784512 0.429141130349 -0.0181214915743 -0.0181214915743
0.515246592605 0.67191866915 0.0188775093762 0.0188775093762
1.4889714973 -0.185848518538 -0.0196321364047 -0.0196321364047
0.503682921386 0.730589133971 0.0203947569906 0.0203947569906
1.50845182537 0.286669313253 -0.0211751580107 -0.0211751580107
0.469445240242 -0.0204865714205 0.0219840448252 0.0219840448252
1.58300770315 0.912413461101 -0.0228336607254 -0.0228336607254
0.13685797463 0.0680886011472 0.0237385902642 0.0237385902642
0.368186242881 1.38033139438 -0.0247168663876 -0.0247168663876
-0.444519315016 0.689175634195 0.0257915733995 0.0257915733995
0.504643799565 1.30983385499 -0.0269932704425 -0.0269932704425
-0.647140186693 0.582990510661 0.0283638121667 0.0283638121667
-0.309552662841 0.436284949887 -0.0299626444076 -0.0299626444076
-0.635727954454 0.636524135814 0.0318777083108 0.0318777083108
-0.912707792018 -0.199548872592 -0.0342454716833 -0.0342454716833
-0.496708959205 0.802472749701 0.0372904836761 0.0372904836761
-0.480670843866 0.209422153063 -0.0414109999446 -0.0414109999446
-1.42941041516 -0.110258911206 0.0473884122849 0.0473884122849
-0.596543574474 0.0772426197309 -0.0569957016241 -0.0569957016241
-1.38081363195 -0.0531461723777 0.0753047087293 0.0753047087293
-0.669617320736 0.0263156463596 -0.125042434478 -0.125042434478
-0.616805166112 0.0145206569611 0.839300801651 0.839300801651
