16.0 23.0 0.0 0.0
0.841144567548 0.251120275534 -0.0253141048256 -0.0253141048256
-0.819399266803 -2.23349114287 0.0332659354587 0.0332659354587
0.777121527761 0.202538579236 -0.0362587720026 -0.0362587720026
-0.706537223856 -2.1580931672 0.0369108382567 0.0369108382567
0.570478034714 0.101233305116 -0.0361501990165 -0.0361501990165
0.157104147351 -2.03351500913 0.0344217922128 0.0344217922128
1.08168723046 -0.0432076327354 -0.0319938149118 -0.0319938149118
-0.773608495163 -1.8731424988 0.0290596878669 0.0290596878669
0.643520333103 -0.215187034078 -0.0257777985526 -0.0257777985526
-0.545709777834 -1.69417531938 0.0222883367499 0.0222883367499
0.460718395181 -0.396315385774 -0.0187204813349 -0.0187204813349
-0.384477710282 -1.51585372877 0.0151951088208 0.0151951088208
0.317205031725 -0.56673205785 -0.0118252866554 -0.0118252866554
-0.261825416298 -1.35871888659 0.00871564465372 0.00871564465372
0.227438709252 -0.704235215133 -0.00596120272135 -0.00596120272135
-0.266164327781 -1.25138735013 0.00364598765306 0.00364598765306
-1.02703124259 -0.74183445438 -0.00184164613246 -0.00184164613246
-1.00075488085 -0.0380133359612 0.000606191786493 0.000606191786493
-0.998328935296 0.0575189116934 1.70171802408e-05 1.70171802408e-05
-1.0 1.0 1.31473779232e-17 1.31473779232e-17
-1.01844308989 0.0240044020183 -0.000669476158262 -0.000669476158262
-0.0939718805152 0.886123181905 0.00198791492502 0.00198791492502
-0.673064395732 0.277961538859 -0.00393652709454 -0.00393652709454
-1.41164357627 0.436209144884 0.00648210809613 0.00648210809613
0.223912447105 1.62094644904 -0.00957838123253 -0.00957838123253
-1.1002972747 -0.348544041931 0.0131678423169 0.0131678423169
-0.027564882343 1.13385895407 -0.0171841694633 -0.0171841694633
-0.812808691409 0.513243538921 0.0215553218912 0.0215553218912
-0.443031764172 1.70576104115 -0.0262075748865 -0.0262075748865
0.33952449792 -0.192271746492 0.0310709939191 0.0310709939191
1.47525693301 0.672575537957 -0.0360874046928 -0.0360874046928
0.468191828135 -0.861236894816 0.0412231944778 0.0412231944778
1.60412320946 1.03219688826 -0.0464924997795 -0.0464924997795
0.326097594175 -1.32374374213 0.0520054167113 0.0520054167113
1.73717144981 0.136425988654 -0.0580856588842 -0.0580856588842
0.207137993703 -0.94799042024 0.0656228342677 0.0656228342677
1.84243433412 1.08977106656 -0.0775032922379 -0.0775032922379
0.100195092055 -1.16329331811 0.109090639409 0.109090639409
0.806304738359 1.20370410495 0.995887062876 0.995887062876
