7.0 6.0 0.0 0.0
1.0 -8.881784197e-17 -6.10622663544e-17 -6.10622663544e-17
1.0 1.7763568394e-16 0.0 0.0
1.0 0.0 -1.05588484211e-17 -1.05588484211e-17
1.0 0.0 0.0 0.0
1.0 4.4408920985e-17 -2.46601099199e-18 -2.46601099199e-18
1.0 1.0 0.0 0.0
1.0 4.4408920985e-17 -8.881784197e-17 -8.881784197e-17
1.0 1.30514544126e-17 0.0 0.0
1.0 7.79450601626e-17 -2.06537868833e-17 -2.06537868833e-17
1.0 -4.71708727407e-17 0.0 0.0
0.0 1.0 2.46519032882e-33 2.46519032882e-33
1.0 -4.33195846824e-17 0.0 0.0
-2.6645352591e-16 1.0 3.45986822688e-19 3.45986822688e-19
-2.6645352591e-16 1.0 0.0 0.0
-8.881784197e-17 1.0 0.0 0.0
0.0 1.0 0.0 0.0
-2.6645352591e-16 1.0 2.74624656597e-17 2.74624656597e-17
-4.18712723635e-17 1.0 0.0 0.0
-1.0 8.881784197e-17 1.05588484211e-17 1.05588484211e-17
-2.8592090111e-16 1.0 0.0 0.0
-1.0 -1.11022302463e-16 -1.66533453694e-17 -1.66533453694e-17
0.0 1.0 0.0 0.0
-1.0 7.77156117238e-17 0.0 0.0
0.0 1.0 0.0 0.0
-1.0 1.0 6.34476881747e-18 6.34476881747e-18
-6.9151030099e-17 1.0 0.0 0.0
0.0 1.0 6.5257272063e-18 6.5257272063e-18
-1.13759387755e-16 1.0 0.0 0.0
1.0 6.66133814775e-17 2.95299260945e-17 2.95299260945e-17
1.0 8.881784197e-17 0.0 0.0
1.0 -1.11022302463e-17 0.0 0.0
1.0 -1.30514544126e-17 0.0 0.0
1.0 -7.79450601626e-17 -7.60233247071e-18 -7.60233247071e-18
1.0 -1.30464811199e-16 0.0 0.0
1.0 0.0 -6.5257272063e-18 -6.5257272063e-18
1.0 -1.34316099258e-16 0.0 0.0
1.0 -8.881784197e-17 4.47545946754e-17 4.47545946754e-17
1.0 2.6645352591e-16 0.0 0.0
8.881784197e-17 0.0 1.0 1.0
