20.4992968359 5.93946749206 0.170671241135 0.170671241135
-1.61094717553 -0.284940779358 -0.0664195490452 -0.0664195490452
-0.414423527693 0.264165900034 0.0364116612637 0.0364116612637
-1.57447272512 -0.256533885835 -0.0220321765691 -0.0220321765691
-0.429618270428 1.05695889293 0.0135111817645 0.0135111817645
-1.57210103631 -0.264952323643 -0.00781603967365 -0.00781603967365
-0.418295811023 0.283684943313 0.00369747177368 0.00369747177368
-1.60863787691 -0.325122192741 -0.000546336481484 -0.000546336481484
-0.288354905372 0.455048814545 -0.0019701335544 -0.0019701335544
-0.777789642466 0.411362108056 0.00404939333283 0.00404939333283
-0.592164677469 0.643043337979 -0.00581629175274 -0.00581629175274
-1.48316772465 0.306061202341 0.00735390687096 0.00735390687096
0.38381772037 0.813451732166 -0.00871994260917 -0.00871994260917
-0.506398941162 1.10361743793 0.00995601446532 0.00995601446532
0.898171498513 0.56503325567 -0.0110931920473 -0.0110931920473
0.725584404742 -0.215298090112 0.0121554624364 0.0121554624364
0.508029787139 0.992947568155 -0.0131619878464 -0.0131619878464
0.729009080857 -0.231175671641 0.0141286409156 0.0141286409156
0.892342176472 0.601359630137 -0.0150690985855 -0.0150690985855
-0.503260441054 1.03151035097 0.0159956665154 0.0159956665154
1.2265324743 0.196249903939 -0.0169199461588 -0.0169199461588
-0.340650520174 1.04989023864 0.0178534244753 0.0178534244753
-0.0940956810175 0.536995035348 -0.0188080512904 -0.0188080512904
-0.922762647374 0.43150471107 0.0197968669823 0.0197968669823
0.701653199967 1.3591078469 -0.0208347527783 -0.0208347527783
-0.834995032871 0.496669218655 0.0219394003646 0.0219394003646
-0.589509620186 0.0904657263609 -0.0231326444712 -0.0231326444712
-1.43651607537 -0.130898069141 0.024442387773 0.024442387773
-0.569508544549 0.145915840901 -0.0259055048771 -0.0259055048771
-1.4077327369 -0.16149962622 0.0275724106136 0.0275724106136
-0.653006933368 0.203989441468 -0.0295145698455 -0.0295145698455
-0.719523943358 -0.796175233305 0.0318374689753 0.0318374689753
0.479375082373 -1.04657172166 -0.0347043669559 -0.0347043669559
-0.23782507011 -0.787554686081 0.0383830031083 0.0383830031083
1.60558950843 0.185126961457 -0.0433461714037 -0.0433461714037
0.465535019678 -0.128144360539 0.0505159445871 0.0505159445871
1.4887766203 0.0874236300669 -0.0619657881195 -0.0619657881195
0.580902276265 -0.0118498046339 0.0835374926753 0.0835374926753
1.02375228084 -0.421077827266 -0.140542709141 -0.140542709141
-0.62260840568 -0.589256948909 0.764510213178 0.764510213178
