14.7364968385 9.59635731947 0.153677392661 0.140885425841
0.602550175139 -0.512360161599 -0.0680519573062 -0.0538003035115
1.11796804902 0.833467213295 0.0437538553336 0.027992846759
-0.67238634123 0.666245049379 -0.0328473699492 -0.0155049531587
0.660448760641 1.44178062885 0.0270897379747 0.00806738530174
-0.762748384848 0.409388778017 -0.0239140478585 -0.00308071452521
-0.120166869268 0.732161257577 0.0222833709648 -0.000533353403678
-0.933381894273 0.20069523995 -0.0217239953458 0.0033029534943
-0.0166121460859 0.853897927534 0.0220205557011 -0.00551751559194
-1.05955218074 0.0805090113621 -0.0231053667677 0.00734918847405
-0.564415909823 0.223101904352 0.0250226897385 -0.00890702442267
0.565097094523 0.807859507442 -0.0279355100452 0.0102637019769
0.16201394385 1.25331466739 0.0321764891076 -0.0114697687103
-0.23981279303 0.702619081204 -0.0383783797083 0.0125617224591
0.276571546366 1.33794406929 0.0477994134626 -0.013566842725
-1.13429103556 -0.216226684921 -0.063244844442 0.014506214049
0.321899584311 1.44134054511 0.0923669449785 -0.0153966995947
-0.347183329508 0.473872085816 -0.165824408914 0.016252285216
0.400802706624 1.42847453561 0.68233529218 -0.0170850387073
-1.07530695897 -5.90906286753 0.351754773956 0.0179058342759
-0.763550612947 -0.825304552728 -0.145352357452 -0.0187249403165
-1.27324503752 0.241593279639 0.0940177321614 0.0195525406985
-0.704566020446 -0.0867812076822 -0.0708920128878 -0.0203992469357
-1.3356655509 0.0530607375291 0.057861517493 0.0212766568857
-0.0196846998527 -0.676388242584 -0.0496076082026 -0.0221980245161
-0.880077850976 -1.19498257306 0.0440124607667 0.0231791274333
1.02423149194 -0.821116793545 -0.0400743526275 -0.0242394613449
-0.334666087628 -1.16815516484 0.0372675578319 0.025403968069
0.233886341642 -0.870157436278 -0.0353014869317 -0.0267056461297
0.465557688778 -0.472057020475 0.0340182628183 0.0281896633176
1.34146968431 -0.49415467109 -0.0333477249472 -0.0299201277681
0.764561345917 -0.441317892074 0.0332918766825 0.0319918043258
0.866126829626 -0.971109547429 -0.0339310598165 -0.0345516133786
0.0827559754834 -0.553444663492 0.0354572591688 0.0378410226694
1.55476870252 -0.409303457036 -0.0382600542343 -0.0422876442392
0.527117271384 -0.498179520033 0.0431464315339 0.0487287063762
1.42251136497 0.365851684807 -0.0519851757142 -0.059057919022
0.649175418313 -0.0659697295006 0.0701432695955 0.0786636250583
0.874821583965 1.64341784067 -0.121461745776 -0.131405960915
-0.580185360839 -0.267546845064 0.802409241482 0.81377145957
