18.0 6.0 5.28677630774e-18 5.28677630774e-18
10.6390337191 4.23518726828 -0.209900426338 -0.209900426338
-0.811407063895 0.737229719786 0.0246750421186 0.0246750421186
-3.21976934767 -0.114963130615 0.123225090117 0.123225090117
0.701675681303 1.27099186773 -0.0328966296333 -0.0328966296333
1.12900274593 1.66005539712 -0.0852426441716 -0.0852426441716
-1.72892454028 0.724741366039 0.0371633958653 0.0371633958653
-1.57577439677 0.548392178793 0.0630717052242 0.0630717052242
0.769635697775 1.27797819272 -0.0398829546279 -0.0398829546279
0.258815433274 1.32670027099 -0.0479265647773 -0.0479265647773
-1.86266010314 0.720055589148 0.0418491727567 0.0418491727567
-1.09178864635 0.760208427275 0.0364390285674 0.0364390285674
1.18561772231 1.28149906368 -0.0434038255873 -0.0434038255873
0.732025112623 1.17292028122 -0.0270153316643 -0.0270153316643
-1.34899650739 0.717182452248 0.0447223096567 0.0447223096567
-1.33394066879 0.882602651088 0.0187750721565 0.0187750721565
0.0647876604167 1.2840038416 -0.045908603505 -0.045908603505
0.103796669886 1.06831930993 -0.0111577006274 -0.0111577006274
-0.474453156069 0.714870668005 0.0470340938995 0.0470340938995
-0.0314606576568 0.977515898234 0.00374560014091 0.00374560014091
0.0770594714038 1.28625215873 -0.0481569206341 -0.0481569206341
-1.05382970882 0.977425968032 0.0038355303434 0.0038355303434
-1.22375635765 0.712570093818 0.0493346680866 0.0493346680866
0.19932719956 1.0691571337 -0.0119955243999 -0.0119955243999
0.315196844795 1.2887320332 -0.0506367951042 -0.0506367951042
-1.39931437261 0.880102185407 0.0212755378375 0.0212755378375
-1.43387808722 0.709741798465 0.0521629634395 0.0521629634395
0.741143724261 1.17841867399 -0.0325137244376 -0.0325137244376
1.11579565778 1.29217428278 -0.0540790446853 -0.0540790446853
-0.906951520665 0.749440519007 0.0472069368354 0.0472069368354
-1.02559794802 0.705201146394 0.0567036155104 0.0567036155104
1.16926458317 1.34724115855 -0.0684674523291 -0.0684674523291
0.977219239966 1.29885770992 -0.0607624718289 -0.0607624718289
-1.56535699492 0.507245052708 0.104218831308 0.104218831308
-0.94349763544 0.69351792505 0.0683868368544 0.0683868368544
2.24309642791 1.75757991732 -0.182767164373 -0.182767164373
0.915496402746 1.32792116032 -0.0898259222274 -0.0898259222274
-3.75746896392 -0.530689332537 0.538951292039 0.538951292039
-0.888360598432 -0.233997260122 0.995902022027 0.995902022027
11.1011020434 3.35666398102 0.66862286093 0.66862286093
