10.6762812799 19.2403305089 0.150574244998 0.124357347884
0.506745944151 -1.63951311529 -0.0688041578006 -0.0465496018039
0.227287699892 -0.352727530951 0.0420586252386 0.0231456066618
-0.341125033135 -1.66077975982 -0.0277869996211 -0.0117629979388
0.959013365372 -0.323480304526 0.0184377081139 0.00496572276495
0.0794322635202 -1.68747617518 -0.0115753276419 -0.000400801248046
0.949826868866 0.62069024649 0.00615927465463 -0.00291140082762
-0.138868387515 -1.90016045001 -0.00166199967505 0.00545183133335
-0.13946978853 0.26887902535 -0.00221736482003 -0.00748450148936
-1.41077799679 -1.25558353163 0.0056662485101 0.00916663895575
-0.621906914176 0.292225326616 -0.00881006926739 -0.0105979426602
-1.39731273537 -1.38592273267 0.0117381700523 0.0118449118346
-0.490179770944 -0.424090679675 -0.0145180740286 -0.0129538288559
-0.349535390177 -1.71314906906 0.0172039527216 0.0139581330042
0.719499332484 0.152912751894 -0.01984207763 -0.014882832681
0.842570016701 -1.13952127073 0.0224746802397 0.0157472685935
1.22476625991 0.162795467661 -0.0251430346895 -0.0165669188244
0.745551728644 -0.398535561635 0.0278903051762 0.0173546290927
1.27269759837 0.474625824698 -0.0307646112411 -0.0181214915743
0.714800826509 -0.520466282326 0.0338228081582 0.0188775093762
1.29122694526 0.560346793282 -0.0371356705012 -0.0196321364047
0.725587880797 -0.619986730128 0.0407955883955 0.0203947569906
0.581511157523 1.3597121208 -0.0449287479911 -0.0211751580107
0.366308278585 -0.369213561492 0.0497155685148 0.0219840448252
0.52674100384 1.58413210713 -0.0554271464922 -0.0228336607254
-0.883266956957 0.383013343112 0.0624949554996 0.0237385902642
-0.135916021983 1.68791905015 -0.0716561057375 -0.0247168663876
-0.877604433121 -0.314281008987 0.0842917086264 0.0257915733995
-0.093676389094 1.27196619131 -0.103345074618 -0.0269932704425
-0.954669764008 -0.292674218941 0.136448496197 0.0283638121667
0.0448337143255 1.38227992935 -0.211633491901 -0.0299626444076
-1.27019787307 -0.820399155528 0.585589476672 0.0318777083108
1.82950729087 1.24995288414 0.49497948131 -0.0342454716833
0.342755231395 0.460855422842 -0.140386152519 0.0372904836761
0.09279975863 1.59801005779 0.0643181120377 -0.0414109999446
-0.298893541042 0.360133935406 -0.0270591900907 0.0473884122849
-0.900237694706 1.70728114254 -0.00021410541124 -0.0569957016241
-1.15679188618 -0.0720900365743 0.0299901192164 0.0753047087293
-0.843066322507 0.477933597555 -0.0878568191453 -0.125042434478
-0.501353929193 -0.533604126324 0.808244356064 0.839300801651
