10.6469045899 5.9305308483 0.161951298526 0.170671241135
-0.0842966375048 0.806355857098 -0.0564635345799 -0.0664195490452
-0.408200162719 1.2235939997 0.0253184692164 0.0364116612637
-0.541177242898 0.735730230923 -0.00987671413272 -0.0220321765691
0.999345702678 0.542908463374 0.000349193918128 0.0135111817645
0.148476179292 0.371211914163 0.00631260124194 -0.00781603967365
0.765484301619 0.694307534994 -0.0113716268119 0.00369747177368
0.312344669254 0.219943933288 0.0154493300339 -0.000546336481484
0.552559962485 0.979146796985 -0.0188900797132 -0.0019701335544
-0.572664384701 0.629975314816 0.0219028178081 0.00404939333283
-0.943998816599 0.412729866209 -0.0246243430431 -0.00581629175274
-0.43656172262 1.1232739908 0.0271507738532 0.00735390687096
-0.613774459119 0.173315550086 -0.0295546953875 -0.00871994260917
-0.0379145294835 0.973899264044 0.03189541483 0.00995601446532
-0.489063692261 1.06859171887 -0.0342258365184 -0.0110931920473
0.145313816675 0.884063249014 0.0365978502094 0.0121554624364
0.466384922258 1.19413042478 -0.0390674927234 -0.0131619878464
-0.0359617252136 0.528826612326 0.0417010515292 0.0141286409156
0.949503527703 0.514681279474 -0.0445836684311 -0.0150690985855
0.0941656975754 0.45194332303 0.0478331354907 0.0159956665154
1.68506992245 -0.242985568759 -0.0516243131147 -0.0169199461588
0.113990923643 -0.961616399241 0.0562364275835 0.0178534244753
0.932657973149 -1.0196874897 -0.0621542226941 -0.0188080512904
-0.560852637888 -0.992045337799 0.0703128115694 0.0197968669823
-0.134627746683 -1.00405833374 -0.0828005408978 -0.0208347527783
-0.00959999836268 -0.987537051793 0.10547689304 0.0219394003646
0.0451731214521 -1.05752393564 -0.163675353612 -0.0231326444712
-0.055203706742 -0.32995695166 0.788952600951 0.024442387773
0.0907080479365 -2.32322519481 0.144765736258 -0.0259055048771
1.12482777548 -1.18519043822 -0.0388471384317 0.0275724106136
0.438386873312 -0.829763181149 0.00689709141816 -0.0295145698455
0.581642094659 -1.17607143057 0.00980529240619 0.0318374689753
0.268778272032 -0.799749736323 -0.0211931851914 -0.0347043669559
-0.0735879065367 -1.26828652792 0.0305669634346 0.0383830031083
-0.373622315056 -0.303675614424 -0.03964869963 -0.0433461714037
-1.18382344264 -0.681825628261 0.0499696081056 0.0505159445871
-0.961349213944 0.549986750113 -0.0639359216739 -0.0619657881195
-0.724973708882 0.367441758491 0.0875868860081 0.0835374926753
-0.352388788102 0.696745821673 -0.146359000894 -0.140542709141
-0.568075535613 -0.310135682533 0.771864120049 0.764510213178
