10.0 13.0 6.72862439167e-18 6.72862439167e-18
2.68858975822 1.53043801916 -0.0915924040904 -0.0915924040904
-0.202080722193 -2.33642337824 0.108168727803 0.108168727803
1.34961759769 1.11219955399 -0.0930047642914 -0.0930047642914
-0.34045826803 -1.80694851402 0.0615938384848 0.0615938384848
1.1994573372 0.383000095008 -0.02473802562 -0.02473802562
0.104732542298 -0.82859981973 -0.00883371268776 -0.00883371268776
0.40482648168 -0.857449679836 0.0327359575025 0.0327359575025
1.57928138986 0.984866195347 -0.043532895711 -0.043532895711
0.545334375696 -1.1004937616 0.040993638597 0.040993638597
1.26320776093 -0.725356433827 -0.027787485742 -0.027787485742
0.931003717962 -1.05829604921 0.00864068647186 0.00864068647186
0.930654081985 -0.212718458551 0.0108730445906 0.0108730445906
1.11109958092 0.345488767688 -0.0256471788823 -0.0256471788823
0.967462286214 0.0118747945403 0.0321783640477 0.0321783640477
0.745692929417 1.61259183632 -0.0292826634529 -0.0292826634529
-0.113319344017 0.665456313938 0.0182473481505 0.0182473481505
-0.00670387983211 1.0407232979 -0.00240118236081 -0.00240118236081
-0.898532603037 1.22029632358 -0.0137836690885 -0.0137836690885
-0.404519074824 0.608397533457 0.0258411668186 0.0258411668186
-0.236167852242 1.43692145884 -0.0304408689144 -0.0304408689144
-1.03917170187 0.646449428004 0.0262325057699 0.0262325057699
0.121176861019 1.17588408964 -0.0142069965659 -0.0142069965659
-0.963080561168 1.02695731648 -0.00251385840185 -0.00251385840185
-0.402236360968 0.85841825324 0.0194158903943 0.0194158903943
-0.131984973329 0.691786185826 -0.0316944674954 -0.0316944674954
-1.28142799407 -0.220376892004 0.0354696980658 0.0354696980658
0.483787525639 1.60466247068 -0.0288352382472 -0.0288352382472
-1.3367333914 0.777760703871 0.0124941783925 0.0124941783925
-1.25039475053 0.835671803876 0.0101752137761 0.0101752137761
0.407061809247 1.50458759095 -0.033654482335 -0.033654482335
-1.12508701581 0.281983106139 0.0513138542459 0.0513138542459
-0.606809826908 1.73537157506 -0.0567073208219 -0.0567073208219
-1.22037126814 0.475852378839 0.0448211313347 0.0448211313347
0.133030633537 1.12189085545 -0.0129083110059 -0.0129083110059
-0.462476548935 0.522916116243 -0.0395607975914 -0.0395607975914
-2.20836551394 -0.651091495852 0.112864080394 0.112864080394
1.11526946692 3.28215559785 -0.215846696917 -0.215846696917
-1.81986942768 -1.95423740465 0.43661117861 0.43661117861
2.0897170637 2.77254174076 0.950423728894 0.950423728894
