17.5456448512 5.7804100526 0.124798682556 0.0677191564491
-1.38671484079 -0.259492340273 -0.0656851388922 -0.0205767714385
-0.585782518501 0.0951101332974 0.0423291576846 0.00572843925721
-1.44117903037 -1.26042000229 -0.0285636305032 0.00161068756522
-0.525092717269 0.975394508718 0.0190621864683 -0.00603075951334
-1.54320317212 0.209413464932 -0.0119128499934 0.00901506873318
0.0187826404521 0.65332041434 0.00622370622118 -0.0111884543258
-0.296644660863 1.01313804611 -0.00151005990635 0.01286002633
0.318529003673 1.0473350484 -0.00251939767205 -0.014200387383
0.478678743683 0.937993233586 0.00605293529255 0.0153115519148
1.42493627639 1.05402502257 -0.00921929217188 -0.0162584164421
-0.422837650835 0.98462890954 0.0121107401749 0.017084382077
1.64435241674 0.846321417787 -0.0147962522091 -0.0178197244317
0.184303081886 0.0473213339666 0.0173294990526 0.0184863629584
0.389322681034 1.3260205963 -0.0197539820189 -0.0191007227477
-0.447848543787 0.745921035697 0.022106514794 0.0196755312526
0.471934127468 1.22932007544 -0.0244197368852 -0.0202209948535
-0.487989793894 0.779704742369 0.0267240712565 0.0207456028068
0.502365242047 1.22094975493 -0.0290494000164 -0.0212567032451
-0.518890899756 0.767606969863 0.0314266662193 0.0217609403109
0.545264239745 1.26504449286 -0.0338895916471 -0.0222646109946
-0.62921179129 0.618589319038 0.036476722712 0.0227739839563
-0.546658145663 0.366344647229 -0.0392340860654 -0.0232956152925
-1.49636641239 0.705848698755 0.0422188757136 0.0238366956316
-0.480237513761 -0.063634068377 -0.0455048568888 -0.0244054689377
-1.54174205215 -0.0278309432558 0.0491906697592 0.0250117777799
-0.428841288453 0.106919549914 -0.0534131903227 -0.0256678171606
-1.63375882192 -0.69065755543 0.0583701130864 0.026389228818
0.344305812125 -1.1139509922 -0.0643603345231 -0.0271967596963
-0.498798639408 -0.911097031973 0.0718612425572 0.0281188830227
1.4841546327 -1.09947956802 -0.0816897987372 -0.0291961290124
0.451031883284 -0.862607214932 0.0953778962155 0.0304886092009
1.59655454786 -1.22467993713 -0.116192880875 -0.0320898912846
0.340306018401 -0.469913708179 0.152632348781 0.0341545265232
1.78227257368 -0.512562490356 -0.236253762863 -0.0369580053644
-0.305979661278 -0.423699097128 0.674151238127 0.0410446328003
1.6915674014 -1.09005129427 0.473898436372 -0.047662439055
1.09150867521 -1.09533638673 -0.12074368432 0.060446073622
1.26908489539 0.549708928777 0.0114318373323 -0.0963555810701
-0.175303408014 -0.402795948262 0.843120204316 0.91857400033
