7.23663069552 5.32178897664 0.270594793624 0.278432304021
1.04059194309 -0.650042567953 -0.0953584201023 -0.104343097564
1.00154079832 -0.0677606832376 0.0514380840501 0.0615936330079
0.980103331243 -0.56262374043 -0.0307219789784 -0.0420879035569
1.02999524018 -0.159697952026 0.0181780018006 0.0308117161017
0.962520384475 0.0438694528279 -0.00940867869014 -0.0233887599145
1.04933563151 -0.0156668030057 0.0026453302577 0.0180763290041
0.887308947673 0.0626850989487 0.00297661352901 -0.0140428703111
-0.0029840970269 1.05444866975 -0.00794799215808 0.0108409522213
0.0225804178774 0.941032688085 0.0125903385442 -0.00820807201149
-0.0574297382742 1.04634357288 -0.0171513532186 0.00597972080793
-0.547042376776 1.0015667739 0.0218616934794 -0.00404722419553
-0.553742812382 0.537865904794 -0.0269836742236 0.0023355683767
-0.165106682697 0.712061550932 0.0328752511702 -0.000790954886467
-0.46863218758 0.688114999028 -0.040106644685 -0.000626571500791
-0.235040049772 0.555571613908 0.0497246577004 0.00194769823665
0.0981205200984 1.42293795252 -0.0639798842789 -0.00319680841338
0.22318274409 0.249771751497 0.0888982490984 0.00439398251507
1.29661189028 0.972928462739 -0.148231275077 -0.00555641369893
0.437135280698 0.452010799777 0.53326817848 0.00669946430072
-2.75865013923 -2.55301749732 0.270594793624 -0.00783751039696
-1.04615828564 -0.11186341537 -0.0953584201023 0.00898467746183
-0.334410740027 1.00890631341 0.0514380840501 -0.0101555489578
-0.570537363548 0.836300584762 -0.0307219789784 0.0113659245784
-0.693074003819 0.48828110723 0.0181780018006 -0.0126337143011
-1.18866156639 0.463359401306 -0.00940867869014 0.0139800812243
-0.871251857495 0.544817414635 0.0026453302577 -0.0154309987464
-1.00235656693 0.0182221118931 0.00297661352901 0.0170194838401
-0.222978000979 0.737418479878 -0.00794799215808 -0.0187889443794
-1.32288298274 -0.249901590612 0.0125903385442 0.0207984105557
-0.713304194835 -0.158575958441 -0.0171513532186 -0.0231310740265
0.150399062202 -1.50359811044 0.0218616934794 0.0259089176749
0.833823372168 -0.0640520762072 -0.0269836742236 -0.0293192426003
-0.0880766552156 -1.20203123194 0.0328752511702 0.0336662060566
0.728823626633 -0.151356799981 -0.040106644685 -0.0394800731842
0.97141194958 -1.19768856311 0.0497246577004 0.0477769594638
1.09111089663 -0.0314652655796 -0.0639798842789 -0.0607830758655
0.866547244178 -0.575864071342 0.0888982490984 0.0845042665833
1.20024227792 0.428217029374 -0.148231275077 -0.142674861378
0.411723401832 -0.0107337385597 0.53326817848 0.526568714179
