13.0 2.0 -5.69345140833e-18 -5.69345140833e-18
0.332504096119 1.03482207769 -0.0126987193734 -0.0126987193734
-0.338652983132 0.962437331424 0.0170394541689 0.0170394541689
0.370966785137 1.03937071471 -0.0192511077136 -0.0192511077136
-1.26714181939 0.958826752261 0.0206049999974 0.0206049999974
0.112046484008 1.04323228461 -0.021528612988 -0.021528612988
-0.0938542344736 0.954332598495 0.0222061391504 0.0222061391504
-0.734161425827 1.04857587786 -0.0227300593561 -0.0227300593561
-0.392718084669 0.947925310524 0.0231519577695 0.0231519577695
-0.460982031049 1.0563274629 -0.0235029277516 -0.0235029277516
-0.766473007479 0.938423365943 0.023802875328 0.023802875328
0.690376512541 1.06819603955 -0.0240651832856 -0.0240651832856
-1.32603871269 0.923210727293 0.0242992296542 0.0242992296542
0.104527981352 1.08839221764 -0.0245118320896 -0.0245118320896
-0.87661464424 0.895061304664 0.0247081193806 0.0247081193806
-0.46210692859 1.13050419307 -0.0248920813543 -0.0248920813543
0.72941481378 0.824532129715 0.0250669307312 0.0250669307312
0.579134638285 1.27713754692 -0.0252353516641 -0.0252353516641
0.135753949585 0.219713363489 0.0253996788933 0.0253996788933
1.50128564901 0.535919939781 -0.0255620347504 -0.0255620347504
0.576344003826 0.715589430949 0.0257244420801 0.0257244420801
1.39111753481 -0.277090066752 -0.0258889263018 -0.0258889263018
0.626163801328 0.187483119853 0.026057617748 0.026057617748
1.36355744589 -0.159463828689 -0.0262328654719 -0.0262328654719
0.642779016426 0.176262368917 0.0264173759163 0.0264173759163
1.35361012667 -0.381266170387 -0.026614394861 -0.026614394861
0.647526826094 -1.15868403808 0.0268279605161 0.0268279605161
1.3545325706 -0.724381583768 -0.0270632728502 -0.0270632728502
0.637363996173 0.208471592309 0.0273272560562 0.0273272560562
1.38793333201 -0.298718235041 -0.0276294519257 -0.0276294519257
0.489492217549 -1.08866084451 0.0279835040757 0.0279835040757
0.165534113396 -0.961491712231 -0.0284097532263 -0.0284097532263
-0.201973251093 -1.03203870034 0.0289400600007 0.0289400600007
0.138953449083 -0.919677659054 -0.0296274663537 -0.0296274663537
-1.37303658951 0.234096218075 0.0305675057107 0.0305675057107
-0.682413250952 0.950920070085 -0.0319516796148 -0.0319516796148
-1.26731220061 -0.0482745157846 0.0342288041485 0.0342288041485
0.385889111594 1.13285923393 -0.0387566747277 -0.0387566747277
-0.350253866702 0.899241202751 0.0524666014946 0.0524666014946
0.338463036688 0.0337803151112 0.99897290848 0.99897290848
