12.7333351134 3.37525755011 0.196427185606 0.196427185606
-1.59435187639 0.561990039176 -0.0767873924899 -0.0767873924899
0.0528870056347 0.473340475901 0.0433110255989 0.0433110255989
-1.08287895052 1.16611748711 -0.027417012882 -0.027417012882
-0.759738238252 0.893069442764 0.0180431501637 0.0180431501637
-1.29126729703 1.09931231661 -0.0117963803944 -0.0117963803944
-0.112951131535 0.85950588404 0.00728804171908 0.00728804171908
-0.82230500437 0.368404876956 -0.00384386360595 -0.00384386360595
-0.215646561473 0.575380429783 0.0010965859977 0.0010965859977
-0.741776111306 0.462609770402 0.00117123106561 0.00117123106561
-0.335514701319 1.24477328489 -0.00309683339551 -0.00309683339551
-0.351028011014 0.811081659168 0.00477141765457 0.00477141765457
0.287341335775 1.1733276806 -0.00625824903496 -0.00625824903496
-0.173181017884 0.820612400937 0.00760290352102 0.00760290352102
0.975874162599 1.22317038947 -0.00883937221386 -0.00883937221386
0.0695681293636 0.401157838032 0.00999387063136 0.00999387063136
1.47063014987 -0.0299986687513 -0.0110873186909 -0.0110873186909
0.664432661454 0.013882608325 0.0121370249293 0.0121370249293
0.954529256521 -0.280178136936 -0.0131578846346 -0.0131578846346
0.0631667037346 -1.30810646948 0.0141632810944 0.0141632810944
1.68833073816 -0.59753707806 -0.0151658130615 -0.0151658130615
0.0953669366284 -0.53345720419 0.0161779359465 0.0161779359465
0.885392344009 -0.417949353244 -0.0172125875436 -0.0172125875436
0.784098386429 -0.0124040136741 0.0182838661723 0.0182838661723
1.25696713855 -0.801217922157 -0.019407839113 -0.019407839113
0.742819931377 0.145107401211 0.0206035851193 0.0206035851193
1.23536829994 -0.114026197476 -0.0218946247773 -0.0218946247773
0.82483771267 0.219281893667 0.023310983729 0.023310983729
0.844949179011 1.03418495959 -0.0248923013194 -0.0248923013194
-0.333073634228 1.02539890346 0.0266927144764 0.0266927144764
0.136631178875 0.840944085978 -0.0287888749297 -0.0287888749297
-0.97354867878 0.283720126989 0.0312937745217 0.0312937745217
-0.0788671497153 0.705308317323 -0.0343820098619 -0.0343820098619
-1.54339447782 -0.396688962709 0.0383393454376 0.0383393454376
-0.537443726735 0.561112175146 -0.0436690990451 -0.0436690990451
-1.42146947058 0.430260126198 0.0513493710978 0.0513493710978
-0.609078035219 -0.00873229055904 -0.0635679526583 -0.0635679526583
-1.35780214671 -0.0623797983139 0.0864338421908 0.0864338421908
-0.705721407246 0.104012887713 -0.145907342784 -0.145907342784
-0.725488735867 -0.15580276215 0.717912384993 0.717912384993
