15.1867491288 7.59894363529 0.140885425841 0.140885425841
-1.41204546999 -0.0310036900642 -0.0538003035115 -0.0538003035115
-0.280881140372 -0.259873611393 0.027992846759 0.027992846759
-0.164694858444 -1.3089858544 -0.0155049531587 -0.0155049531587
-0.425134440398 -0.0935358861968 0.00806738530174 0.00806738530174
-1.46520147725 0.015038333532 -0.00308071452521 -0.00308071452521
-0.517571887843 1.11453775594 -0.000533353403678 -0.000533353403678
-1.55804482468 0.896814565462 0.0033029534943 0.0033029534943
0.0809078710275 1.09187822505 -0.00551751559194 -0.00551751559194
-1.05751273011 0.924570647199 0.00734918847405 0.00734918847405
0.13606192064 1.0459883707 -0.00890702442267 -0.00890702442267
-0.112122226276 1.0235428275 0.0102637019769 0.0102637019769
1.54195088308 0.624272531575 -0.0114697687103 -0.0114697687103
0.00943771428035 0.312898028324 0.0125617224591 0.0125617224591
0.292350933287 1.33558775855 -0.013566842725 -0.013566842725
-0.357007737692 0.732488429769 0.014506214049 0.014506214049
0.405208811723 1.24059677826 -0.0153966995947 -0.0153966995947
-0.486997965785 0.771610127055 0.016252285216 0.016252285216
1.0046073617 1.22466546897 -0.0170850387073 -0.0170850387073
0.0375651708046 0.770276233583 0.0179058342759 0.0179058342759
0.972159840099 0.421154777619 -0.0187249403165 -0.0187249403165
-0.0310929252909 0.597371645963 0.0195525406985 0.0195525406985
1.37377052605 0.0567159134129 -0.0203992469357 -0.0203992469357
0.702335413679 -0.0591415155059 0.0212766568857 0.0212766568857
0.624913179086 -0.589893192942 -0.0221980245161 -0.0221980245161
0.363139404635 -0.434351006456 0.0231791274333 0.0231791274333
0.441850598264 -0.750012145119 -0.0242394613449 -0.0242394613449
-0.432514153762 -1.25460181817 0.025403968069 0.025403968069
0.427793120145 -0.726553876223 -0.0267056461297 -0.0267056461297
-0.41953258265 -1.31489403483 0.0281896633176 0.0281896633176
0.371695777177 -0.566086783607 -0.0299201277681 -0.0299201277681
-1.49320104563 -0.555738094147 0.0319918043258 0.0319918043258
-0.506386912136 -0.393356489435 -0.0345516133786 -0.0345516133786
-1.5058578646 -0.645803281965 0.0378410226694 0.0378410226694
-0.473206904806 -0.304908562711 -0.0422876442392 -0.0422876442392
0.125736476975 -0.813175756846 0.0487287063762 0.0487287063762
0.891205394229 -1.07517401868 -0.059057919022 -0.059057919022
0.0786868670195 -0.950584902165 0.0786636250583 0.0786636250583
0.951955940292 -1.07667682518 -0.131405960915 -0.131405960915
0.0122581481021 -0.261267374393 0.81377145957 0.81377145957
