15.8595206376 5.66781720146 0.224513954811 0.18402748378
-1.36983571501 -0.165266362656 -0.10778571045 -0.0718658719778
-0.616744203656 0.15764420287 0.0723873479461 0.0400379628756
-1.39959514839 -0.155377695503 -0.0543065812489 -0.0248575745586
-0.581742988052 0.163222075 0.0429025384386 0.0158836368426
-1.44123666878 -0.205224039534 -0.0348241968717 -0.00989472163643
-0.52811545442 0.702870221247 0.0286608159994 0.00556816886198
-1.50422455092 1.04623272935 -0.0237065356907 -0.00226042978669
0.828475039605 0.971265119059 0.0195646262533 -0.0003795313902
0.0783324364137 1.07359789671 -0.0159923647657 0.00255977509992
1.02070175984 0.312303067317 0.0128311199625 -0.00441173932052
0.562583353736 0.776441566532 -0.00997140026924 0.0060228229432
0.62097590527 1.11634095253 0.00733390110414 -0.00745369309225
0.331421186483 0.925624215609 -0.00485851012454 0.00874807774278
0.0448688997153 1.02717534139 0.00249753150838 -0.00993860635755
-1.09683794146 0.0222454781558 -0.000211251410755 0.0110504570345
-0.895891703979 -0.0691385964123 -0.00203516773278 -0.0121037324152
-0.580594989074 0.627386324545 0.00427405309332 0.0131150742864
-0.442990111235 0.353709054345 -0.00653722687771 -0.014098813056
-1.47229813525 0.89564620617 0.00885793588613 0.015067833218
-0.214338606759 1.04089798494 -0.0112729693922 -0.016034272771
0.453193790864 1.02834621759 0.0138252748135 0.0170101405852
0.595300441921 0.7968541242 -0.0165675092072 -0.0180079198383
0.669090793319 0.330965110044 0.0195672307982 0.019041223005
1.33947796107 0.620704046885 -0.0229149644611 -0.0201255737216
0.661552225884 -0.214684027414 0.0267374582159 0.0212794160923
1.3274817847 -0.0111406067595 -0.0312207880947 -0.0225255006388
0.716849967216 -1.24511811161 0.0366534169702 0.0238928848492
0.735036141579 -0.823539356358 -0.0435132609832 -0.0254199493029
-0.511783306451 -1.13857310634 0.0526631663859 0.0271591392176
0.484692626099 -0.892202661141 -0.0658565817637 -0.0291847534313
-0.487854883251 -1.07575281934 0.087344901467 0.0316063868883
0.502234388032 -0.962933846393 -0.131038326821 -0.0345935193438
-1.4376157203 -0.0236935196142 0.286709217256 0.0384238101889
1.28782420566 -0.359284761337 0.659709263696 -0.0435869220644
1.24135734488 -0.59720161635 -0.109978486531 0.0510360830892
0.437208170531 -0.473097590445 0.0323134936223 -0.0629089956628
0.618643907669 -0.295675770345 0.0158273711678 0.085200901599
1.43281244291 0.227395902701 -0.0881987974752 -0.143630455072
-0.013033323222 -0.196388394256 0.694243461757 0.740865022728
