9.0 9.0 3.52021934637e-17 3.52021934637e-17
0.778271121477 -1.21258614207 0.0123826178158 0.0123826178158
1.2417241367 0.229380856165 -0.0164756780662 -0.0164756780662
0.737967200196 -1.27293990802 0.0185347976164 0.0185347976164
1.284895374 0.391272185791 -0.019786673058 -0.019786673058
0.687615504663 -0.439077198193 0.0206369581156 0.0206369581156
1.34772566432 -0.686597863675 -0.0212587795628 -0.0212587795628
0.602430469014 -0.108066427139 0.0217385179891 0.0217385179891
1.48065309319 0.113658048219 -0.0221241389519 -0.0221241389519
0.300792624027 0.0388116340666 0.0224444563122 0.0224444563122
0.629440500365 1.10976110713 -0.0227178669031 -0.0227178669031
0.386037376359 -0.25136592331 0.0229567111664 0.0229567111664
0.636655291071 1.56847696117 -0.0231696199267 -0.0231696199267
0.175059469495 0.500001226957 0.0233628565914 0.0233628565914
-0.627407881709 1.49305174687 -0.0235411250866 -0.0235411250866
-0.420553015783 0.479299834665 0.0237080785581 0.0237080785581
-0.574857555124 1.6053481074 -0.0238666534135 -0.0238666534135
-0.413384595202 0.0188148351442 0.0240192982475 0.0240192982475
-0.61157921987 0.819684649761 -0.0241681384263 -0.0241681384263
-0.346017273163 0.301058984573 0.024315101533 0.024315101533
-0.727818019923 0.540717847921 -0.0244620203335 -0.0244620203335
-0.119254866634 0.997862042624 0.024610725378 0.024610725378
-1.50431978988 1.10377549081 -0.0247631373625 -0.0247631373625
-0.105513695691 0.849888458598 0.024921369333 0.024921369333
-0.602409746653 1.17645192434 -0.0250878506979 -0.0250878506979
-1.10073548043 0.807296648798 0.0252654894082 0.0252654894082
-0.9965184624 1.20228897952 -0.0254578969632 -0.0254578969632
-0.44549833584 0.79455114455 0.0256697160196 0.0256697160196
0.265508786855 1.19772991698 -0.0259071182813 -0.0259071182813
-0.287951197696 0.847113477861 0.0261785936118 0.0261785936118
0.933143474947 0.515369597226 -0.0264962579393 -0.0264962579393
0.920944983512 -0.396186935755 0.0268781339259 0.0268781339259
1.11620137528 0.428469939975 -0.0273523749998 -0.0273523749998
0.86364406978 -1.21087830093 0.0279656919041 0.0279656919041
1.15156854788 0.0843823082494 -0.0288018377032 -0.0288018377032
0.834807469156 -0.185715404 0.0300276478108 0.0300276478108
1.17882295086 0.213997273575 -0.0320304125295 -0.0320304125295
0.805789786706 -0.226303271321 0.035962395607 0.035962395607
1.21738748254 0.231685310492 -0.0474746648521 -0.0474746648521
-0.181072494444 -0.231458774771 0.998972844211 0.998972844211
