4.83333333333 8.83333333333 0.0238095238095 0.0238095238095
0.970655119204 -1.22376078882 0.000583000741789 0.000583000741789
1.02916876922 0.2248841072 -0.00851511321389 -0.00851511321389
0.971055720774 -1.26590767835 0.0124814417139 0.0124814417139
1.02916106393 0.438362511901 -0.0148849997004 -0.0148849997004
0.970003226331 -0.361951277234 0.016514152402 0.016514152402
1.03176897065 0.313099267789 -0.0177038481231 -0.0177038481231
0.964785700968 -0.257146388002 0.0186207139904 0.0186207139904
1.04220974845 0.156391069736 -0.0193570800385 -0.0193570800385
0.941478223792 0.253236548258 0.0199683222892 0.0199683222892
1.10973487522 0.891243588083 -0.0204897520254 -0.0204897520254
0.487643729023 -0.0371449729203 0.020945030949 0.020945030949
-0.200446513756 1.63217185038 -0.0213506929179 -0.0213506929179
0.227137604719 0.459244221059 0.0217187267508 0.0217187267508
-0.854339488462 1.50261729247 -0.0220581292269 -0.0220581292269
-0.308199588305 0.50871423494 0.0223758819255 0.0223758819255
0.0837997786853 1.52251709578 -0.0226775920543 -0.0226775920543
0.728511927211 -0.311651263218 0.0229679311678 0.0229679311678
1.17264010256 1.23376536663 -0.0232509501987 -0.0232509501987
0.844636163248 -0.191367630812 0.0235303192108 0.0235303192108
1.16666666667 1.16666666667 -0.0238095238095 -0.0238095238095
0.772025716022 -0.154067812462 0.0240920413768 0.0240920413768
0.223807249726 1.15222652706 -0.0243815164194 -0.0243815164194
0.795904804899 -0.162877052617 0.0246819541514 0.0246819541514
0.162611284546 1.1928864316 -0.0249979549275 -0.0249979549275
0.924938780724 -0.265930696932 0.0253350203546 0.0253350203546
-0.213680887265 1.53526408135 -0.0256999774643 -0.0256999774643
0.141831244903 0.565382901431 0.0261015956663 0.0261015956663
-0.130888647593 1.37292710123 -0.0265515234665 -0.0265515234665
0.171708377894 0.70972267775 0.0270657716102 0.0270657716102
-0.52848588511 0.905318066007 -0.0276671686087 -0.0276671686087
-1.11099335088 -0.523825848574 0.0283896371375 0.0283896371375
-0.942789428739 0.453276276574 -0.0292861021864 -0.0292861021864
-1.03814377674 -0.420032327045 0.0304442366887 0.0304442366887
-0.971234594616 0.398113883621 -0.0320209154583 -0.0320209154583
-1.02284472004 -0.380724139465 0.0343277335849 0.0343277335849
-0.982273181593 0.365030734685 -0.0380848797746 -0.0380848797746
-1.01071228427 -0.349216477691 0.0454189056865 0.0454189056865
-1.00806701472 0.331286609058 -0.0665749720287 -0.0665749720287
-0.0931664396777 -0.307316185679 0.972371702816 0.972371702816
