11.0 13.0 6.93889390391e-18 0.0
3.27146393316 2.20180486654 -0.0911007061811 -0.102859012948
-0.770678544277 -3.51433138801 0.0913972224214 0.113895064445
2.12834820314 0.571393445615 -0.0592964584468 -0.0857067666516
0.51411917934 -1.58193357337 0.022889244736 0.0419933981273
1.0 -2.22044604925e-16 -1.38777878078e-17 -1.38777878078e-17
0.547153033746 -0.215052308981 -0.00233927755768 -0.0286941013192
-0.695186910087 -1.99089189417 -0.011446126549 0.0392619469173
0.815828790422 0.0343501588128 0.0278293984385 -0.0334456179925
0.89715417592 -0.144328641965 -0.0292698469593 0.0176607693
1.0 1.0 -2.42861286637e-17 -1.38777878078e-17
0.406446030523 1.42301187332 0.0709159429168 -0.012801984516
-0.94594977498 -0.0738510929434 -0.197453352045 0.0174194959284
-0.728448409044 0.308183053292 0.48955197144 -0.0144154849845
0.362301704124 -0.301074210882 0.942558270314 0.00718920978687
2.0 -1.0 -5.55111512313e-17 0.0
1.46945720442 -0.263059131419 -0.106889141931 -0.00403012898267
0.00349858054543 0.714025297712 0.118005909941 0.00411084549591
0.173881934439 1.07445579655 -0.0874594772047 -0.00175271055308
-0.131366084229 0.989729052891 0.0416326912577 -0.00036070686957
-3.33066907388e-16 1.0 1.04083408559e-17 -3.46944695195e-18
0.222132486802 0.966360324046 -0.0254139410683 0.00328016025086
-0.879109287884 1.08698141169 0.031506482854 -0.00775546406325
-0.586480469795 0.879846780408 -0.0231394413183 0.0103061766742
-0.0593371803679 1.09562136999 0.00962631481999 -0.00803445448003
-1.0 1.0 6.93889390391e-18 -5.20417042793e-18
-0.295436537169 0.857446908081 -0.00104367774891 0.011758306767
-0.1327561171 1.27354458625 -0.00507834609516 -0.0224978420236
-1.62607047628 0.678947477719 0.0119948232204 0.0264103082049
-0.548064653586 1.23151535437 -0.0119149436044 -0.0191041533913
0.0 1.0 1.38777878078e-17 -6.93889390391e-18
-0.939894801994 0.685705199774 0.0223246947788 0.0263548237615
-0.967479456395 1.59599559448 -0.0465972279703 -0.0507080734663
-0.836066972791 0.29480183086 0.059522305878 0.061275016431
0.18363336044 1.5236992629 -0.0472913231289 -0.0469306162593
-1.0 1.0 6.93889390391e-18 1.12757025938e-17
-0.720456637458 0.175341748953 0.0869980876836 0.0837179274327
0.801796798147 2.82696800469 -0.222628312037 -0.214872847973
-2.92685731212 -1.92353802357 0.514273633098 0.503967456424
2.74242421039 3.01833086638 0.927334606047 0.935369060527
