20.0 7.0 4.62592926927e-18 4.62592926927e-18
9.2639284406 4.17891356573 -0.186432046766 -0.186432046766
-4.06963483367 0.0130164315905 0.0826804065155 0.0826804065155
-2.95851298659 0.35557063299 0.063801372214 0.063801372214
1.21925480889 1.74478289409 -0.0830804771504 -0.0830804771504
-1.0 1.0 9.25185853854e-18 9.25185853854e-18
-1.70515936531 0.638065356045 0.0576581590828 0.0576581590828
0.647298029483 1.07265860081 -0.0302439306962 -0.0302439306962
-0.235178668974 0.333073368933 -0.0258081840333 -0.0258081840333
-1.65184861829 -0.144684288417 0.0356806305678 0.0356806305678
0.0 1.0 1.85037170771e-17 1.85037170771e-17
0.260338621423 1.51712865152 -0.0257343051351 -0.0257343051351
-1.47729422355 0.720880036269 0.0132975563707 0.0132975563707
-0.717355522003 0.738725379234 0.0109041189634 0.0109041189634
0.947088297514 1.42980153852 -0.0140327823311 -0.0140327823311
5.92118946467e-16 1.0 0.0 0.0
-1.24712781473 0.0678224729303 0.00734449610025 0.00734449610025
-0.689377272281 0.158095627088 -0.00257411331011 -0.00257411331011
-0.0355166317492 0.848473381168 -0.000641320771502 -0.000641320771502
-0.0406168291284 1.09360022021 -0.00207678166632 -0.00207678166632
5.92118946467e-16 1.0 1.38777878078e-17 1.38777878078e-17
0.0760543718815 1.0394839084 0.00842305429407 0.00842305429407
-0.109533234256 0.884328947744 -0.0072545801612 -0.0072545801612
-0.766759150712 0.198614965065 -0.00940123411164 -0.00940123411164
-1.11361021649 -0.0111826926384 0.0189012786869 0.0189012786869
-2.96059473233e-16 1.0 1.61907524425e-17 1.61907524425e-17
0.784160694915 1.58529026169 -0.0272351264252 -0.0272351264252
-0.600945216624 0.553754490302 0.0198324630106 0.0198324630106
-1.33669964169 -0.148271950227 0.0232411407193 0.0232411407193
-0.0333308040199 0.603337797418 -0.0440106362211 -0.0440106362211
1.85037170771e-17 1.0 7.40148683083e-17 7.40148683083e-17
-0.731103280478 0.762042752003 0.0610207753354 0.0610207753354
0.558012770961 1.21158049392 -0.0451069068713 -0.0451069068713
0.650718198905 1.27346501882 -0.0550078038253 -0.0550078038253
-1.08670943844 0.441532938078 0.111904197971 0.111904197971
1.0 1.0 5.55111512313e-17 5.55111512313e-17
3.02260064594 1.94296087357 -0.213810073642 -0.213810073642
-2.26043429164 0.15266299173 0.233016796297 0.233016796297
-3.28131981603 -0.868821018354 0.935275549273 0.935275549273
10.3852796428 3.27996302043 0.756134974383 0.756134974383
