14.0 6.0 -6.16790569236e-18 -6.16790569236e-18
9.75106016563 4.69821993311 -0.21217263557 -0.21217263557
1.51429620154 1.59181850544 -0.049858362025 -0.049858362025
-2.87693449237 -0.144762281442 0.113843039677 0.113843039677
-1.40026055358 0.436080652678 0.0614146266626 0.0614146266626
1.31899508077 1.53585940121 -0.0616630731061 -0.0616630731061
1.22397612484 1.50069600414 -0.059644545166 -0.059644545166
-0.569354508457 0.765701737332 0.0285079396287 0.0285079396287
-1.00179850412 0.58536057923 0.0510235889996 0.0510235889996
0.139338590639 1.05804226384 -0.00716414564048 -0.00716414564048
0.753991777403 1.31667819657 -0.0389004187894 -0.0389004187894
0.0993386319706 1.04223251209 -0.00511927455713 -0.00511927455713
-0.501823569123 0.782290206406 0.0257700698092 0.0257700698092
-0.193511302267 0.912785539227 0.00993508964873 0.00993508964873
0.261812020319 1.12824528086 -0.0137411842779 -0.0137411842779
0.145447737427 1.0900682163 -0.00870898885043 -0.00870898885043
-0.0166927603167 0.942359841216 0.00458932388794 0.00458932388794
0.436764125509 0.937552500173 0.00302757186614 0.00302757186614
1.12999094662 1.01329575038 0.000299661761152 0.000299661761152
1.32753136081 1.01630890116 0.00528353167954 0.00528353167954
1.0 1.0 -1.54197642309e-17 -1.54197642309e-17
0.545495635883 1.03578318688 -0.0141907540412 -0.0141907540412
0.0966008206507 1.01950669459 -0.00591128245217 -0.00591128245217
-0.258716606966 0.919056701879 0.0215233701604 0.0215233701604
-0.187628655178 0.929586333858 0.0173628312464 0.0173628312464
0.26098202937 1.10638571087 -0.0250264834172 -0.0250264834172
0.349177217067 1.14837287618 -0.0338687795952 -0.0338687795952
-0.229032364128 0.900406358598 0.0223142702771 0.0223142702771
-0.559130803952 0.753346506618 0.0547137695973 0.0547137695973
0.106928543102 1.04765602536 -0.0105427878265 -0.0105427878265
0.794432914544 1.35711933371 -0.0793415559301 -0.0793415559301
0.144762103908 1.06563217497 -0.0147540567717 -0.0147540567717
-1.03074220391 0.5280533444 0.108330823829 0.108330823829
-0.581733689085 0.730180675471 0.0640290014897 0.0640290014897
1.24410372016 1.58806120088 -0.147009741914 -0.147009741914
1.33531257534 1.65139369316 -0.17719736505 -0.17719736505
-1.41303406094 0.265144757817 0.232350521524 0.232350521524
-2.89543029067 -0.840243013916 0.809323772152 0.809323772152
1.52050714575 0.558428379471 0.983531763944 0.983531763944
9.77053445135 3.91618420818 0.569863089361 0.569863089361
