12.0 25.0 0.0 0.0
3.06794447819 3.41675844341 -0.0773510129099 -0.0773510129099
-1.63792525031 -4.91907902846 0.0933900615642 0.0933900615642
1.96334529477 2.15396552345 -0.0853615328236 -0.0853615328236
-0.194648568958 -3.23464235641 0.0649691986795 0.0649691986795
0.495297657599 0.292902068404 -0.0394553283386 -0.0394553283386
0.96877130045 -1.45356253255 0.0143802258003 0.0143802258003
1.00100283597 -1.18737514555 0.00615161852257 0.00615161852257
0.214149199809 -0.422189271586 -0.0196823665576 -0.0196823665576
0.41734413248 -1.71534749774 0.0254895289727 0.0254895289727
1.01110132045 -0.356813389585 -0.0244232188356 -0.0244232188356
-0.515715658357 -1.43774646962 0.018490381429 0.018490381429
0.287139865446 -0.807599169181 -0.010267146141 -0.010267146141
-0.0845115864537 -1.01243947041 0.00226456617359 0.00226456617359
-1.00175664892 -0.131973391236 0.00361792790843 0.00361792790843
-0.926767732601 0.0693962361152 -0.00644016670282 -0.00644016670282
-1.10961438724 0.546677332988 0.00630683663085 0.00630683663085
-0.889923622826 0.802420385553 -0.00418916393371 -0.00418916393371
-1.08593640928 -0.178096677208 0.00154118202894 0.00154118202894
-0.951491068847 -0.0489152375873 0.000185079310501 0.000185079310501
-1.0 -1.0 1.63268091857e-18 1.63268091857e-18
-1.09260038679 -1.01791052062 -0.00230499342272 -0.00230499342272
-0.2585279 -1.07943773081 0.00606257038076 0.00606257038076
0.0802081114494 -0.784427989393 -0.0098859819914 -0.0098859819914
0.195245222921 -1.32207670895 0.0120433499686 0.0120433499686
1.26470872129 -0.666176438174 -0.0109624218013 -0.0109624218013
0.902189090563 -1.19756666564 0.0057443539056 0.0057443539056
0.950845622777 -1.14225132921 0.00344126131754 0.00344126131754
1.19594021745 0.393759496712 -0.015184560309 -0.015184560309
0.673346212658 -1.50611274174 0.0269427625693 0.0269427625693
1.41369425363 0.734099339679 -0.0354192421948 -0.0354192421948
0.57302256594 0.181311371455 0.0371413823859 0.0371413823859
1.33983725846 0.514540650538 -0.0291091680116 -0.0291091680116
0.87815444567 0.883871114484 0.00934807165666 0.00934807165666
-0.122491013175 0.634222545881 0.0228321592718 0.0228321592718
0.477076164189 2.14603865139 -0.0671606763483 -0.0671606763483
-0.884076658373 -1.08578411835 0.124063273345 0.124063273345
1.28898134828 4.05681303766 -0.201444152009 -0.201444152009
-1.64485559881 -2.9874195023 0.367369856683 0.367369856683
1.91796775874 4.16228483168 0.963336072061 0.963336072061
