6.0 8.0 -7.93016446161e-18 -7.93016446161e-18
2.81935865651 3.06580280016 -0.149639726369 -0.149639726369
-0.0323374968582 -1.87039837033 0.123074139032 0.123074139032
1.2132372155 0.421829562897 -0.030440064726 -0.030440064726
1.28607452916 0.631251547643 -0.0462160620256 -0.0462160620256
0.640604175988 -0.91233109128 0.064620134105 0.064620134105
1.15824305401 0.483754205228 -0.0318020212627 -0.0318020212627
1.06156920986 0.243675439707 -0.0141622036231 -0.0141622036231
0.866233326552 -0.780607973644 0.0371606179064 0.0371606179064
1.07120218577 0.833673477955 -0.0270110128063 -0.0270110128063
1.0 1.0 -5.55111512313e-17 -5.55111512313e-17
1.012971013 -0.167743018429 0.0195413400938 0.0195413400938
0.926134692963 0.688768014657 -0.0192731487542 -0.0192731487542
1.04941526705 0.890785067427 0.00516308114468 0.00516308114468
1.17591657004 -0.019703520188 0.00787855339123 0.00787855339123
0.277704141497 0.62240916205 -0.0102891084645 -0.0102891084645
0.158668967102 0.874761443874 0.00429819847009 0.00429819847009
0.983695270068 0.0313373230899 0.00136905800795 0.00136905800795
0.387647546158 0.559885766086 -0.00152542847845 -0.00152542847845
0.111330876791 0.944833417535 -0.000972919190605 -0.000972919190605
1.0 -2.53765262771e-16 9.91270557701e-18 9.91270557701e-18
0.483225057371 0.427143687445 0.00557894809806 0.00557894809806
-0.309602943504 1.43884425548 -0.0093741043156 -0.0093741043156
0.0663412483067 0.88312653259 0.00400131824084 0.00400131824084
0.0863220541464 0.799792653662 0.00953516846624 0.00953516846624
-0.097111279654 1.32395664885 -0.0197385880074 -0.0197385880074
0.033219275245 0.812036657227 0.0138569159998 0.0138569159998
0.00645726298014 0.899696116986 0.00860038377377 0.00860038377377
0.0115102106051 1.32047693407 -0.0310465724964 -0.0310465724964
-0.0356198020688 0.711446598305 0.0309071071421 0.0309071071421
-2.22044604925e-16 1.0 -3.17206578464e-17 -3.17206578464e-17
0.0883108234117 1.34100223239 -0.0427213416692 -0.0427213416692
-0.137121670405 0.552060573728 0.0598609927497 0.0598609927497
0.0560966967126 1.16613303521 -0.0235906395479 -0.0235906395479
0.129268019595 1.37024248814 -0.0559338644264 -0.0559338644264
-0.249768466403 0.235977242643 0.123967028677 0.123967028677
0.120064938381 1.57313237877 -0.102526195644 -0.102526195644
-0.727446721019 1.41994114789 -0.0889665635302 -0.0889665635302
-1.71738393033 -1.29143991154 0.756318525673 0.756318525673
2.31128431119 2.76016175944 0.858069482936 0.858069482936
