5.14730284296 5.94753014941 0.304577012562 0.304577012562
0.816585719963 -0.606420725256 -0.108994850259 -0.108994850259
1.16667633574 -0.107511951627 0.064756939864 0.064756939864
0.179218846774 -0.547061404815 -0.0450260805944 -0.0450260805944
1.35281754638 -0.546269786267 0.0337460884398 0.0337460884398
0.217601305812 0.375756541293 -0.0263704578684 -0.0263704578684
1.12732945865 -0.74588209334 0.0211159762892 0.0211159762892
0.596032129166 -0.178776207662 -0.0171398516545 -0.0171398516545
0.153496109967 1.4013861235 0.0139916068383 0.0139916068383
-0.634872860038 0.236369235206 -0.011408252624 -0.011408252624
-0.725513471016 0.347046832376 0.00922560874388 0.00922560874388
-0.401721312248 0.569495194984 -0.00733555797215 -0.00733555797215
-0.651706884973 0.312771531439 0.00566367032358 0.00566367032358
-1.06226702898 0.339609139635 -0.004156692907 -0.004156692907
-0.35004568296 0.965096003314 0.00277516360668 0.00277516360668
-0.595565856459 0.230379084123 -0.00148884004099 -0.00148884004099
-0.745874586162 0.402128628958 0.000273747090469 0.000273747090469
-0.542031193747 0.300930346089 0.000889811863048 0.000889811863048
-0.309654289401 0.917666971383 -0.00201865655169 -0.00201865655169
0.768653372853 0.417628505666 0.00312777201829 0.00312777201829
0.625270725561 -0.552407893927 -0.00423113758511 -0.00423113758511
0.6954532794 -0.157332287026 0.00534244450834 0.00534244450834
1.17164410414 -0.134207553294 -0.00647578249955 -0.00647578249955
0.870254131626 -0.534007426083 0.00764636940002 0.00764636940002
1.10354290472 -0.123545820418 -0.00887140648715 -0.00887140648715
0.92065401155 -0.58445812511 0.0101711666128 0.0101711666128
1.04833248002 0.566040568236 -0.0115704713261 -0.0115704713261
1.01079100096 0.164336307557 0.0131008028249 0.0131008028249
0.68081489975 0.451679133586 -0.0148034606834 -0.0148034606834
-0.118945941515 0.995814682126 0.0167344818443 0.0167344818443
-0.0552881205092 1.05567401592 -0.0189726476863 -0.0189726476863
-0.612904739923 0.930512185414 0.0216331558458 0.0216331558458
-0.715115125449 1.07179576131 -0.0248923103359 -0.0248923103359
-0.980469812613 0.418381828811 0.0290352515863 0.0290352515863
-0.331571769204 0.490574697817 -0.034556488788 -0.034556488788
-1.31753459493 -0.192808925614 0.0423968597602 0.0423968597602
-0.75084953934 0.152646890026 -0.0545961393536 -0.0545961393536
-1.21007634652 -0.137562180988 0.0765634491573 0.0765634491573
-0.837352936328 0.130655313843 -0.128938927529 -0.128938927529
-0.906007664393 -0.130609812336 0.428790778495 0.428790778495
