10.0 7.0 0.0 0.0
3.12245303652 0.701550225845 -0.102859012948 -0.102859012948
-0.683973923723 -1.77652107167 0.113895064445 0.113895064445
2.0847041625 0.971021623436 -0.0857067666516 -0.0857067666516
0.521631482806 -0.294130461637 0.0419933981273 0.0419933981273
1.0 1.0 -1.38777878078e-17 -1.38777878078e-17
1.26932321394 0.597809026519 -0.0286941013192 -0.0286941013192
0.678349744592 -0.747464817797 0.0392619469173 0.0392619469173
1.2178652639 0.859364365575 -0.0334456179925 -0.0334456179925
0.93533316469 0.86442174564 0.0176607693 0.0176607693
1.0 1.0 -1.38777878078e-17 -1.38777878078e-17
0.198104584403 1.12680187394 -0.012801984516 -0.012801984516
-0.0409152044417 0.827716371551 0.0174194959284 0.0174194959284
-0.343395601481 1.13351002066 -0.0144154849845 -0.0144154849845
-0.982098247218 0.950381809867 0.00718920978687 0.00718920978687
0.0 1.0 0.0 0.0
-0.649734756567 0.278121654358 -0.00403012898267 -0.00403012898267
-1.37453838659 -0.332923160302 0.00411084549591 0.00411084549591
-0.503698694658 0.50998682169 -0.00175271055308 -0.00175271055308
0.0944597764429 1.05217662616 -0.00036070686957 -0.00036070686957
-2.08166817117e-16 1.0 -3.46944695195e-18 -3.46944695195e-18
-0.190868511239 0.976740770837 0.00328016025086 0.00328016025086
0.863166017749 1.04680581885 -0.00775546406325 -0.00775546406325
0.566597831522 0.939589946908 0.0103061766742 0.0103061766742
0.0916917250855 1.04688344597 -0.00803445448003 -0.00803445448003
1.0 1.0 -5.20417042793e-18 -5.20417042793e-18
0.263619026594 0.934582107817 0.011758306767 0.011758306767
-0.202959351257 1.11420912878 -0.0224978420236 -0.0224978420236
0.136096491193 0.897706768576 0.0264103082049 0.0264103082049
-0.129942192719 0.99243137635 -0.0191041533913 -0.0191041533913
-1.0 2.22044604925e-16 -6.93889390391e-18 -6.93889390391e-18
-1.18526794866 -0.28953973497 0.0263548237615 0.0263548237615
-0.670734521384 0.50702634936 -0.0507080734663 -0.0507080734663
-1.38093343938 -0.601308870624 0.061275016431 0.061275016431
-0.727373214691 0.513474857746 -0.0469306162593 -0.0469306162593
-1.0 1.0 1.12757025938e-17 1.12757025938e-17
-0.709594656242 0.543165796701 0.0837179274327 0.0837179274327
1.31357163631 2.07807789159 -0.214872847973 -0.214872847973
-1.89527000234 -0.817373661273 0.503967456424 0.503967456424
2.31433149435 1.64570535354 0.935369060527 0.935369060527
