9.39846635136 6.82065549999 0.270594793624 0.278432304021
-0.400196698287 -1.01338718974 -0.0976436332634 -0.104343097564
0.574816048842 -1.00815914189 0.056037219309 0.0615936330079
0.725878906991 -0.919826187114 -0.0376939210418 -0.0420879035569
1.32786383366 -0.440770376763 0.0276149076883 0.0308117161017
0.628229303767 0.102051829669 -0.0214410616778 -0.0233887599145
1.44605989406 0.33038157069 0.0174497575033 0.0180763290041
-0.160053969239 0.421729245313 -0.0148338251976 -0.0140428703111
0.716451395764 1.36023389806 0.013176520598 0.0108409522213
0.0557906760917 0.678155073344 -0.012255296207 -0.00820807201149
0.154183585485 1.31760114514 0.0119594416159 0.00597972080793
-0.188557746134 0.664306623519 -0.012255296207 -0.00404722419553
-0.178100993343 1.39179530011 0.013176520598 0.0023355683767
-0.877393182417 0.352845631022 -0.0148338251976 -0.000790954886467
0.00397420939305 0.872594150261 0.0174497575033 -0.000626571500791
-0.551501157297 0.561647461775 -0.0214410616778 0.00194769823665
-0.764245492289 0.124928584776 0.0276149076883 -0.00319680841338
-0.261987419099 0.862550461346 -0.0376939210418 0.00439398251507
0.866254740761 0.611626072068 0.056037219309 -0.00555641369893
0.102840528633 0.307746722439 -0.0976436332634 0.00669946430072
1.59676118603 0.155314372385 0.270594793624 -0.00783751039696
-2.51958198881 -0.614799250165 0.535553391641 0.00898467746183
-1.51815543797 0.511839732268 -0.152830410336 -0.0101555489578
-0.91862518366 0.36648587437 0.0958701911617 0.0113659245784
-0.965271913316 0.695838164808 -0.0734167901667 -0.0126337143011
-1.08657744675 0.189399552876 0.0617570406881 0.0139800812243
-0.887424284686 0.116173650983 -0.0549110719306 -0.0154309987464
-1.1210874486 -0.292311418697 0.0506856898968 0.0170194838401
-0.897292357765 -0.434611013207 -0.0481081869797 -0.0187889443794
-0.377839090431 -0.761338045709 0.0467073282306 0.0207984105557
0.217448051795 -1.03929752867 -0.046262148053 -0.0231310740265
-0.0553905683076 -1.00038300291 0.0467073282306 0.0259089176749
1.32522454438 -1.01225127626 -0.0481081869797 -0.0293192426003
0.703117474972 -0.785967711803 0.0506856898968 0.0336662060566
1.28844619177 -0.327764811173 -0.0549110719306 -0.0394800731842
0.714705421022 -0.462155259124 0.0617570406881 0.0477769594638
1.28233332557 1.04436093985 -0.0734167901667 -0.0607830758655
0.728322342062 0.420904161441 0.0958701911617 0.0845042665833
1.19472597454 0.822955210575 -0.152830410336 -0.142674861378
-0.35486967307 0.621804509954 0.535553391641 0.526568714179
