12.7619047619 6.64285714286 -8.45884209238e-17 0.0238095238095
-0.359337654394 1.0303147805 0.0215803334632 0.000583000741789
0.353865230055 1.01658417294 -0.0269844988904 -0.00851511321389
-0.425114453079 0.861382260427 0.0286390092354 0.0124814417139
-0.742770952867 0.0236494448178 -0.0288949401628 -0.0148849997004
0.0901849394239 1.26381162901 0.0284996958995 0.016514152402
-0.319967360441 0.583475393428 -0.0277547599725 -0.0177038481231
-0.778659739664 0.192502924835 0.0267983556549 0.0186207139904
-0.179081454829 1.24849730589 -0.0256976752046 -0.0193570800385
-0.850914975193 0.807185285536 0.0244848112928 0.0199683222892
-0.112402476221 1.18955042335 -0.0231724410706 -0.0204897520254
-0.966731592508 0.78862424248 0.0217611064241 0.020945030949
0.470673962911 1.27879259637 -0.0202425483098 -0.0213506929179
0.173726695194 0.18396238571 0.0186009169263 0.0217187267508
1.5343475078 0.0548196770296 -0.0168125979246 -0.0220581292269
0.554000027409 -0.108521696582 0.0148448658037 0.0223758819255
1.39359886574 0.130469351496 -0.0126532266643 -0.0226775920543
0.645977710786 -0.121034073994 0.0101769589399 0.0229679311678
1.31943686171 -0.706658880048 -0.00733184269952 -0.0232509501987
0.715270214027 -0.362598587053 0.0039981371602 0.0235303192108
1.2380952381 0.357142857143 -4.22942104619e-17 -0.0238095238095
-0.235195555897 0.655463623788 -0.00493151690087 0.0240920413768
0.186361890694 1.38379037813 0.0112293634032 -0.0243815164194
-0.114443256551 0.565110529717 -0.0196378531264 0.0246819541514
-0.0728413083844 1.50357183381 0.0315535974133 -0.0249979549275
-1.0219078353 0.399592292153 -0.0499394731355 0.0253350203546
0.264774856084 1.7472380437 0.0823717108676 -0.0256999774643
-0.0987640499843 0.00580128387494 -0.155722651465 0.0261015956663
-0.118103027587 2.40952170535 0.485018374467 -0.0265515234665
0.938719573794 -5.2896035559 0.721723853357 0.0270657716102
1.37652088891 -6.04499486615 -0.23898253706 -0.0276671686087
-0.0102486008668 0.561842284892 0.153906033522 0.0283896371375
1.02425960728 -1.88443062457 -0.118693075693 -0.0292861021864
-0.585089392558 -0.405736174667 0.0997665972533 0.0304442366887
0.387974949216 -1.43210895188 -0.0884231038893 -0.0320209154583
0.37868961957 -0.671919513267 0.0816258326786 0.0343277335849
0.712664190264 -1.25587089383 -0.0785485366729 -0.0380848797746
-0.524900585249 -0.795296231262 0.0805042255086 0.0454189056865
0.45491742231 -1.17720299004 -0.0972686525856 -0.0665749720287
-0.411871693979 0.0370898566997 0.999370056919 0.972371702816
