17.0 7.0 4.62592926927e-18 4.62592926927e-18
8.58595185841 4.35120663462 -0.186432046766 -0.186432046766
-2.65484756236 -0.103021585771 0.0826804065155 0.0826804065155
-1.77224259686 0.219565223119 0.063801372214 0.063801372214
2.16790625222 2.02739258858 -0.0830804771504 -0.0830804771504
-1.48029736617e-16 1.0 9.25185853854e-18 9.25185853854e-18
-1.88971096362 -0.290990131904 0.0576581590828 0.0576581590828
-0.471631345231 0.336887071749 -0.0302439306962 -0.0302439306962
-0.5761105962 0.992762323567 -0.0258081840333 -0.0258081840333
-1.36574828735 0.910914096212 0.0356806305678 0.0356806305678
-1.48029736617e-16 1.0 1.85037170771e-17 1.85037170771e-17
0.695501450543 1.08798309473 -0.0257343051351 -0.0257343051351
-0.363631586791 0.960032827345 0.0132975563707 0.0132975563707
-0.314873203319 0.978679549199 0.0109041189634 0.0109041189634
0.450428344442 0.996638941362 -0.0140327823311 -0.0140327823311
5.92118946467e-16 1.0 0.0 0.0
-0.409355308431 1.13450171161 0.00734449610025 0.00734449610025
0.313108886224 0.807628064343 -0.00257411331011 -0.00257411331011
0.975421889012 0.0976677019147 -0.000641320771502 -0.000641320771502
0.756216981172 0.201571386691 -0.00207678166632 -0.00207678166632
-5.92118946467e-16 1.0 1.38777878078e-17 1.38777878078e-17
-0.327959686808 1.21400164302 0.00842305429407 0.00842305429407
0.224248379708 0.900555323776 -0.0072545801612 -0.0072545801612
0.28184033305 0.913524680879 -0.00940123411164 -0.00940123411164
-0.713338971234 1.15120388779 0.0189012786869 0.0189012786869
-1.0 1.0 1.61907524425e-17 1.61907524425e-17
-0.678361201303 0.344183340113 -0.0272351264252 -0.0272351264252
-1.26551839332 -0.0097694169182 0.0198324630106 0.0198324630106
-1.32913879074 0.697345861003 0.0232411407193 0.0232411407193
-0.355474482826 1.1785571594 -0.0440106362211 -0.0440106362211
-1.0 -7.40148683083e-17 7.40148683083e-17 7.40148683083e-17
-1.95511231492 -0.793152629038 0.0610207753354 0.0610207753354
-0.227370575278 0.599534726483 -0.0451069068713 -0.0451069068713
0.574968080817 1.33933381977 -0.0550078038253 -0.0550078038253
-1.48611607362 -0.011459931202 0.111904197971 0.111904197971
-1.0 1.48029736617e-16 5.55111512313e-17 5.55111512313e-17
0.73095489717 1.40891391011 -0.213810073642 -0.213810073642
-2.47161866199 0.329721373066 0.233016796297 0.233016796297
-2.72097813298 -0.738594828109 0.935275549273 0.935275549273
8.59259138241 3.10001491582 0.756134974383 0.756134974383
