9.0 5.0 0.0 3.08395284618e-18
1.76355983615 0.434164091752 -0.06170778703 -0.0512947984164
0.356392153286 -0.209606182581 0.0823929813793 0.0654854967475
1.53625948421 -0.683858806082 -0.0870459638908 -0.0671638034914
0.561971887555 -0.0246742587739 0.0821450342688 0.0622374651096
1.34227369189 0.995731489536 -0.0710570107716 -0.0533606146381
0.767001784178 -0.172839832489 0.0563248417182 0.0422780161694
1.02028342351 1.46965595438 -0.0401415088774 -0.0303701033022
-0.337635404398 0.756010791217 0.0244044521532 0.0187824884574
0.201491917064 1.10090023443 -0.01065520509 -0.00843528207301
1.0 1.0 -1.23358113847e-17 -6.16790569236e-18
0.0332314001665 0.930568966756 0.00694929533931 0.0061227688875
0.0390459868707 1.11211947018 -0.0100954677858 -0.00981047251521
-0.107348011974 0.868381693722 0.00982998319099 0.0112044720555
0.172232894739 1.13163788157 -0.00696081939404 -0.0106736604121
-0.236119174575 0.883638989884 0.00260011461767 0.00875829969108
0.31167098752 1.09038476757 0.00197773497937 -0.0060991304882
-0.490242388853 0.941437955733 -0.00549366303103 0.00335856666438
-0.828955004004 1.02604523122 0.00682166871726 -0.00114172080001
0.0178971748438 1.0003715426 -0.00513115752725 -7.49097348613e-05
-3.45402718772e-16 1.0 2.46716227694e-17 -6.16790569236e-18
0.937891506691 0.105770349808 0.00851237951079 0.00143643639137
1.00939654627 -0.118614972416 -0.0198380261997 -0.00407087008485
1.05206448381 0.132956742315 0.0329200185258 0.00751925832543
0.883294513445 -0.148811403298 -0.0462720601383 -0.01121387611
1.17709702198 0.17182371273 0.0580625729908 0.0144601958487
0.775491183577 -0.218980342897 -0.0661934230334 -0.0165079463602
1.2484800045 0.385809382901 0.0683125774993 0.0166289190243
0.7645678625 0.925232640293 -0.0616112846652 -0.0141931645695
1.16500268651 -0.0834767933315 0.0419260565757 0.00873494383417
1.0 -3.70074341542e-17 1.38777878078e-17 -1.23358113847e-17
0.658327934266 0.0112506331219 -0.10118027887 -0.0120340513397
1.63449552235 0.0667966332701 0.962567596844 0.0271733037616
-9.09966375428 -0.800832691297 0.32235205212 -0.0450732516507
-6.51446601533 -0.0745380978607 -0.122588090555 0.0653874300094
1.66855259023 1.21209303694 0.0371976028139 -0.0880998556212
-2.89091545541 -0.547424863539 0.0280197960767 0.114429954317
0.476511932026 1.99037105609 -0.0933180505136 -0.150368308578
-2.1480338876 0.0739292052018 0.200016176746 0.233492242324
1.19000379739 0.599909124678 0.998179083529 0.983606673679
