4.47052196678 7.20083081021 0.371802677708 0.291937667186
-0.63861313049 0.897639897318 -0.163955800836 -0.107316460325
-0.0928290191058 1.10765309727 0.10722667685 0.0635862094381
0.0691217267352 0.818391129936 -0.0790830393869 -0.0438351893847
1.12936569975 0.0114330664743 0.0617939156834 0.032474312658
-0.00990890741837 0.855529396065 -0.0498796891064 -0.0250183037333
0.191342839477 0.969908148676 0.041041482995 0.0196932377701
0.53611856574 0.301562784988 -0.0341328099528 -0.0156563093211
0.498891322725 0.654251593976 0.0285133011267 0.0124553924255
0.537135521389 0.360398949852 -0.0237950411541 -0.00982582189203
1.16815964133 0.641381396504 0.0197280211486 0.00760202282074
0.862592339135 -0.169215179151 -0.0161428688864 -0.0056747722523
1.13085882333 0.162804407338 0.0129198902333 0.00396876914369
0.868855972425 0.52595281077 -0.00997125198627 -0.00243006736135
1.1354281042 -0.0509101534158 0.00723017432195 0.00101864252355
0.854202262393 -0.714056179075 -0.0046440619611 0.00029621530226
0.562856666586 -0.315464750113 0.00216993900219 -0.00153888192875
0.403895856518 -0.679446899592 0.000228731950732 0.00272940964891
0.614063379455 -0.310633523899 -0.00258439190928 -0.00388494670436
-0.145289833118 -1.22421424793 0.00492723331976 0.00502079501411
0.120838386383 -0.785919003109 -0.00728679022714 -0.00615125378551
-0.0947703941007 -1.22656058393 0.00969345483022 0.00729035228689
-0.379794730602 -0.7453838214 -0.0121800899231 -0.00845255345696
-0.623797114752 -1.31384705859 0.0147839256612 0.00965350450722
-0.386274454857 -0.473611312765 -0.0175489874554 -0.0109109196013
-0.578207729907 -0.814124290252 0.0205294187412 0.0122457057335
-0.673533535476 -0.548375967655 -0.0237942796736 -0.0136834942074
-1.24393885434 -0.219570906015 0.0274348075372 0.0152568339869
-0.768882882456 -0.448928186738 -0.0315759029574 -0.0170084750499
-1.2362980671 -0.0192819940927 0.0363951769219 0.0189964934036
-0.743834262697 0.206005651943 -0.0421562674385 -0.0213026452725
-1.30515477847 0.446146600287 0.0492709623681 0.0240466578917
0.118286454051 0.840408929412 -0.0584246786442 -0.0274120941437
-0.765268444777 0.455256639526 0.0708578716883 0.0316964890489
-0.655671963842 0.157195826871 -0.0890953984194 -0.0374173193039
0.593737200473 1.22077967606 0.119294288395 0.0455629501435
0.152207724748 0.842806081138 -0.182213890078 -0.0582884062308
-0.197451463205 1.06158618883 0.440422359454 0.0813617481585
0.727872186726 -2.00748182099 0.285777239634 -0.137211348615
-0.0529869197982 -0.901666435508 0.347192921196 0.481510468862
