13.5326808197 3.10750401658 0.228394319123 0.228394319123
-1.6278589992 -0.249214329803 -0.0887608147718 -0.0887608147718
0.189884937344 0.845975259701 0.0512593452856 0.0512593452856
-1.38110401826 -0.0514504531854 -0.0336839201125 -0.0336839201125
-0.152048979801 0.524605564044 0.0233866599225 0.0233866599225
-0.854714811026 0.466723435982 -0.0165524236952 -0.0165524236952
-0.145382838697 0.53172523534 0.0116338917405 0.0116338917405
-0.840373803304 0.487566294893 -0.00788410197502 -0.00788410197502
-0.212599658277 0.449132657466 0.00489785545886 0.00489785545886
-0.440275268261 0.918640102876 -0.00243598046027 -0.00243598046027
-0.107255655673 0.484955516221 0.000347875480408 0.000347875480408
-0.936272365972 0.677462411357 0.00146633425725 0.00146633425725
-0.0364741462249 1.23984268661 -0.00307581770902 -0.00307581770902
-1.01438672103 0.778782228146 0.00453032886127 0.00453032886127
0.269537756604 1.22136473499 -0.00586692218603 -0.00586692218603
-0.309836588954 0.761577210105 0.00711413563019 0.00711413563019
0.286923856458 1.2943593825 -0.00829470912487 -0.00829470912487
-0.00391043053977 0.36788582862 0.00942742743286 0.00942742743286
1.53190113409 0.688791425345 -0.010528428379 -0.010528428379
0.50504640451 0.116118567952 0.0116121843579 0.0116121843579
1.50866382952 -0.0490254192276 -0.0126922919665 -0.0126922919665
-0.160104034579 0.68348794758 0.0137821651972 0.0137821651972
1.36809302489 0.104709944862 -0.014895708922 -0.014895708922
0.595811695489 -0.0388295107065 0.0160480456724 0.0160480456724
1.41433273576 -0.108418756067 -0.0172563788722 -0.0172563788722
0.584827802951 -0.764809260116 0.0185411027431 0.0185411027431
1.39216731601 0.229361156236 -0.0199273215981 -0.0199273215981
-0.203760177607 -0.969941833171 0.0214470371144 0.0214470371144
1.59624260941 0.321968426901 -0.0231424380784 -0.0231424380784
-0.292580382895 -0.971587277452 0.0250710596276 0.0250710596276
0.488607115917 -0.938749664374 -0.0273142361881 -0.0273142361881
-1.0013539793 -0.609776660755 0.0299916458781 0.0299916458781
-0.686683902088 0.342036044585 -0.0332878186546 -0.0332878186546
-1.37276177978 -0.356903833922 0.0375039671711 0.0375039671711
-0.589477607234 0.943251708749 -0.0431687657929 -0.0431687657929
-1.47090785211 -0.148496738732 0.0513046593655 0.0513046593655
-0.130207475072 0.630052281155 -0.0641823695324 -0.0641823695324
-0.862484942201 0.33934075682 0.0880672546544 0.0880672546544
-0.14303868171 0.719494309255 -0.14891272833 -0.14891272833
-0.834320484297 -0.201329579172 0.653308608648 0.653308608648
