5.98925696202 5.13564509025 0.26010463903 0.245833145095
0.771704172963 -0.199719976376 -0.110009161073 -0.0947455468692
1.27143284154 -0.417712550238 0.0715166319688 0.0552259738017
0.702583334486 -0.360873849268 -0.0542225330557 -0.0368545286122
1.32174591406 0.335324231103 0.0446487771883 0.0261348737634
0.64619355868 -0.371580174913 -0.0387889905846 -0.0190381481304
1.41335712529 0.788193798946 0.0350470043138 0.0139394906291
-0.270997153436 0.864509384144 -0.0326790828155 -0.0100573056201
0.780401937249 1.18072631516 0.0313139809181 0.00696866760932
-0.521975520414 0.80295547255 -0.0307756627188 -0.0044244082462
-0.0176823354358 1.20733902036 0.0310151972028 0.00226786147141
-0.0785251832655 0.778570354777 -0.0320951589896 -0.000395255485397
0.0793935652806 1.26294677561 0.0342157559561 -0.00126520376413
0.284675246399 0.344016275873 -0.0378038762784 0.00276511106945
1.41187647403 0.645348733581 0.0437493774747 -0.00414285865431
0.296923674176 0.351543063025 -0.0540937372408 0.00542798947056
0.770505092646 1.1643130821 0.0745718131609 -0.00664402338207
1.06160132423 0.953155453533 -0.129411473767 0.00781037088693
0.391046766357 0.444112250056 0.637714107676 -0.00894368994093
-5.46789823404 -3.87747220986 0.203713240037 0.0100589023247
-0.100763552152 0.877530955611 -0.0868148806136 -0.0111700096904
-0.145048511736 0.892633659435 0.055380192427 0.0122908082015
-0.14139828107 0.803410027691 -0.0411382071511 -0.0134355809901
-0.832358976931 0.242254609984 0.0332687984956 0.0146198434597
-0.170646558343 0.73005347345 -0.0284854256623 -0.0158612265242
-0.841665150326 0.295256022625 0.025460983677 0.0171806101899
-0.110962603946 0.674102645861 -0.0235679661712 -0.018603673053
-1.26609049118 0.375983027307 0.0224838135965 0.0201631204213
-0.71512103524 0.484062508118 -0.022041493434 -0.0219020318993
-1.33105538903 -0.233266379767 0.0221671953426 0.0238791056921
-0.0914671091108 -0.408195794468 -0.0228558305849 -0.0261772408813
-0.119115010141 -1.32614259009 0.0241682433802 0.028918284583
0.121869879597 -0.765836368365 -0.0262481405758 -0.0322898664798
0.746110529003 -1.04884017932 0.0293685571411 0.0365977632658
0.787072300695 -0.102285529599 -0.0340398092831 -0.0423775305172
0.333280924222 -1.4001965851 0.0412745286214 0.0506619303805
1.46705599005 0.460188561101 -0.0533399201433 -0.0637348139745
0.557206022301 -0.985918933785 0.0764785968624 0.0878531107986
1.48389489277 0.147205157416 -0.136209638987 -0.148548755717
0.0598983572219 -0.217023039034 0.60046832659 0.613769121283
