3.42517366078 12.753504893 0.304267154234 0.298938367757
0.19172067682 -1.39748235423 -0.113955869027 -0.108435440657
0.528808823952 0.0634294753485 0.0697497330574 0.0643526800654
0.532130617413 -1.57874150826 -0.0495906778328 -0.0445698443538
0.00953588556981 -0.49077827311 0.0376470931438 0.0332263104945
0.0153512256687 -1.45902374432 -0.0293984237244 -0.0257957765814
-0.0655152057388 -0.613667079528 0.0230482125974 0.0204957248908
0.608220110904 -0.818984191975 -0.0177174036233 -0.0164815405221
1.12325531524 0.514447647742 0.0128935850191 0.0133009723248
0.917483646699 -1.07059631091 -0.00821506578937 -0.0106896486421
1.06805573855 0.450606467519 0.00335968938856 0.00848235712437
0.937628887366 -0.367709854109 0.0020429719609 -0.00657021010884
1.0616037623 0.115313185413 -0.0085306720216 0.00487819405661
0.934756042997 -0.852599172654 0.0170526926418 -0.00335260470427
1.07500654057 0.550249296243 -0.0296288795107 0.00195362200768
0.902843193348 -0.467969399978 0.0516962407644 -0.00065071160112
1.15784087322 0.39609777992 -0.105152798792 -0.000580347584046
0.411027263886 -0.235928557704 0.49103861256 0.00175946697691
-1.31895237518 4.33576399482 0.243367757976 -0.00290366166844
0.711483906793 -0.242855714825 -0.105346855746 0.00402810238482
0.0376972157046 1.50300931666 0.0690833396146 -0.00514695333313
-0.244246501428 0.294082711991 -0.0517198858495 0.00627409871456
-0.658463667834 0.778102179238 0.0410803877251 -0.0074238389811
-0.322420126824 0.265152052302 -0.0335001708443 0.00861163218451
-0.926588655505 0.467076564114 0.0274191390781 -0.00985496432998
-0.415775992182 0.18618822967 -0.0219228718346 0.0111744580547
-0.974104831402 0.78248026341 0.0161492156686 -0.0125953791281
-0.985956927123 0.0636850492816 -0.00859058995304 0.0141497921661
-0.513639321408 0.410336780698 -0.00538671905533 -0.0158797851341
-0.708741280027 0.629393971312 0.0540099752731 0.0178424986227
-1.14137480549 -2.9247585358 0.636533074461 -0.020118317165
-1.96565977257 -3.13411743423 -0.178660345943 0.0228248681307
0.0954196200512 1.33315282678 0.577425953857 -0.0261423293929
1.99127062038 -1.65371812202 0.153307002321 0.0303624175177
0.939033242556 1.04171000076 -0.0698429449134 -0.0359917442032
1.00228702446 -1.36029074667 0.0561627400794 0.0439959845112
1.0188651403 0.585138276326 -0.0597884371962 -0.0564745163767
0.963123040881 -0.654340530465 0.0779468095481 0.0790195206681
1.07581714498 1.08098033319 -0.129733294066 -0.133163934708
0.640328599522 -0.32111588435 0.449460226244 0.454165405896
