15.7380952381 24.4047619048 0.0238095238095 0.0238095238095
-0.504283456755 -1.6260957638 0.000583000741789 0.000583000741789
0.509491002004 -0.385339821641 -0.00851511321389 -0.00851511321389
-0.515946237064 -1.60248676335 0.0124814417139 0.0124814417139
0.524229258326 -0.411506229527 -0.0148849997004 -0.0148849997004
-0.535439453898 -1.57148794282 0.016514152402 0.016514152402
0.551934559207 -0.450941025871 -0.0177038481231 -0.0177038481231
-0.57993740956 -1.51492580601 0.0186207139904 0.0186207139904
0.643281090385 -0.554816856556 -0.0193570800385 -0.0193570800385
-0.973015697384 -1.10869065595 0.0199683222892 0.0199683222892
-0.592753433759 0.667229233509 -0.0204897520254 -0.0204897520254
-1.49134325154 -0.575283194219 0.020945030949 0.020945030949
-0.445551939416 0.503517727692 -0.0213506929179 -0.0213506929179
-1.66046599798 -0.387766359452 0.0217187267508 0.0217187267508
0.33844076169 -0.301382684295 -0.0220581292269 -0.0220581292269
-1.24982598531 -0.774076352143 0.0223758819255 0.0223758819255
0.206678173083 -0.198749615755 -0.0226775920543 -0.0226775920543
-1.17959784242 -0.808153902925 0.0229679311678 0.0229679311678
0.150342394095 -0.189486977537 -0.0232509501987 -0.0232509501987
-0.246259605223 -1.675720742 0.0235303192108 0.0235303192108
0.261904761905 -0.404761904762 -0.0238095238095 -0.0238095238095
-0.216077719291 -1.48665376643 0.0240920413768 0.0240920413768
1.23132593689 0.45058294408 -0.0243815164194 -0.0243815164194
-0.260194770441 -1.42909599256 0.0246819541514 0.0246819541514
1.31028765021 0.418991523316 -0.0249979549275 -0.0249979549275
-0.407204122241 -1.4207404021 0.0253350203546 0.0253350203546
1.70823056755 0.439829837076 -0.0256999774643 -0.0256999774643
0.342845648031 -1.49899296237 0.0261015956663 0.0261015956663
1.69788748017 0.794725882831 -0.0265515234665 -0.0265515234665
-0.0491905005379 -0.31754698127 0.0270657716102 0.0270657716102
0.805101009709 1.50052025793 -0.0276671686087 -0.0276671686087
0.832976734901 -1.1007393511 0.0283896371375 0.0283896371375
0.77304133387 1.46837908666 -0.0292861021864 -0.0292861021864
-0.533065740599 0.311244145734 0.0304442366887 0.0304442366887
0.500700948047 1.70597204178 -0.0320209154583 -0.0320209154583
-0.492584969771 0.297725975857 0.0343277335849 0.0343277335849
0.490892567224 1.69523834204 -0.0380848797746 -0.0380848797746
-0.491653090705 0.309883334419 0.0454189056865 0.0454189056865
0.493651206571 1.69720096664 -0.0665749720287 -0.0665749720287
-0.496470907593 -0.584646864156 0.972371702816 0.972371702816
