13.8103960766 5.3629135762 0.237469813685 0.237469813685
-1.48574696259 -0.752569699821 -0.0919325352849 -0.0919325352849
-0.487248628321 -0.113437795779 0.0533618567077 0.0533618567077
-1.58676789583 -0.214562450868 -0.0353594914155 -0.0353594914155
0.0969065298083 0.786451305993 0.0248339714305 0.0248339714305
-1.28864947895 -0.0104650370537 -0.0178571428571 -0.0178571428571
-0.208727517271 0.537327440863 0.0128403768166 0.0128403768166
-0.896412945081 0.33355369518 -0.00901815999765 -0.00901815999765
0.156460047421 0.956901323322 0.00597575816687 0.00597575816687
-0.235313249296 0.914229258884 -0.00346860390646 -0.00346860390646
0.941729209179 0.481615739452 0.00134281299199 0.00134281299199
0.0785855878921 0.409864777792 0.000503604017914 0.000503604017914
0.932082601562 0.713637703023 -0.00214124370622 -0.00214124370622
0.0395311105007 1.00712744481 0.0036208632263 0.0036208632263
1.02435168425 1.09865595798 -0.00498024754303 -0.00498024754303
-0.27723663926 0.720246322175 0.00624848453477 0.00624848453477
-0.753705590647 0.434098489133 -0.00744874186314 -0.00744874186314
-1.3169699025 1.06033381811 0.00860014832297 0.00860014832297
-0.637886691588 1.02241733465 -0.00971912854336 -0.00971912854336
-1.41958717929 0.924720356197 0.0108204035538 0.0108204035538
0.341629531045 1.14547172815 -0.0119177949309 -0.0119177949309
0.73843924317 0.519873964322 0.0130249298579 0.0130249298579
1.31183408693 -0.0401942284615 -0.0141559252021 -0.0141559252021
0.659007229618 -0.029347628192 0.015326124744 0.015326124744
1.37347840823 0.0758856471447 -0.0165529738181 -0.0165529738181
0.520595711858 -0.903326873011 0.0178571428571 0.0178571428571
0.296932565625 -0.989145319472 -0.0192640642416 -0.0192640642416
-0.320171508664 -1.03644275161 0.0208061435195 0.0208061435195
0.328276332106 -0.955090228975 -0.0225260833515 -0.0225260833515
-0.325405617625 -1.03930144773 0.0244820935313 0.0244820935313
0.295176745194 -1.00065425271 -0.0267564220454 -0.0267564220454
-0.00353326000006 -0.672645956376 0.0294700238706 0.0294700238706
1.59278088877 -0.336536816649 -0.0328092739589 -0.0328092739589
0.21941353186 -0.663678501683 0.0370781455209 0.0370781455209
0.838347828104 -0.332069612342 -0.0428095854145 -0.0428095854145
0.14850768263 -0.674250478158 0.0510327823084 0.0510327823084
0.847273686546 -0.318819605049 -0.0640284540609 -0.0640284540609
0.202122288449 -0.685188747448 0.0880667208593 0.0880667208593
1.61627406626 -0.332613150586 -0.148921652446 -0.148921652446
-0.0239124638354 -0.262128158546 0.63319103835 0.63319103835
