17.0 6.0 -8.22387425648e-18 -8.22387425648e-18
6.94949278361 3.01231648044 -0.163062453609 -0.163062453609
-3.81999990198 -0.0147204823942 0.122204863904 0.122204863904
-0.819986376673 1.0558499914 -0.00842893207645 -0.00842893207645
0.298062228111 1.38459223663 -0.0717968643016 -0.0717968643016
-1.86438936932 0.728335224676 0.0702116321291 0.0702116321291
0.17387165754 1.01118802977 -0.0104514497929 -0.0104514497929
-0.019383541501 0.382982060921 -0.0455751013551 -0.0455751013551
-1.60005050511 -0.0414698349948 0.0519738118648 0.0519738118648
0.208163660573 1.13003621705 -0.0117901518191 -0.0117901518191
-0.199605451778 1.28931259057 -0.0333868141792 -0.0333868141792
-1.50463133073 0.682714451275 0.0433554894708 0.0433554894708
0.258028177836 1.08128257626 -0.0131283304518 -0.0131283304518
-0.277857962517 1.13035734439 -0.0265044064867 -0.0265044064867
-1.52025998511 0.883728051299 0.0390120073249 0.0390120073249
0.343059478436 0.978703536824 -0.0147324168314 -0.0147324168314
-0.280987683444 0.239391429557 -0.0222027671105 -0.0222027671105
-1.70304381876 0.0423704070756 0.0371870238939 0.0371870238939
0.577080864751 1.25574481048 -0.0168284157582 -0.0168284157582
0.597892890162 1.24036306223 -0.0193656435709 -0.0193656435709
-1.08783595231 0.584816287262 0.0372891730855 0.0372891730855
0.557015647326 1.20593125019 -0.0197252370728 -0.0197252370728
0.486814514121 1.17600657915 -0.0174632395482 -0.0174632395482
-1.11383701009 0.606432906617 0.0393343028027 0.0393343028027
0.74784604303 1.24801378925 -0.023955760235 -0.023955760235
1.28475968748 1.19122876502 -0.0162315243349 -0.0162315243349
0.1104380345 0.139661803329 0.0439529861637 0.0439529861637
1.64214805155 0.0846559030616 -0.030594156102 -0.030594156102
1.33111061619 0.0597923481902 -0.0155649852515 -0.0155649852515
-0.137077819124 -0.192267448456 0.052971603002 0.052971603002
1.92119469677 0.0619247620169 -0.042224510549 -0.042224510549
1.3551907746 -0.834535347444 -0.0155288275536 -0.0155288275536
-1.05397424681 -1.66754189118 0.071902540729 0.071902540729
1.30564444494 -0.306065363072 -0.0670583714959 -0.0670583714959
1.24070237938 0.0748580183577 -0.0166739049491 -0.0166739049491
-1.31311202562 -1.04896842705 0.12541328574 0.12541328574
1.87655375409 -0.671307357815 -0.152473587121 -0.152473587121
1.20457021534 -0.95185832431 -0.0244230338902 -0.0244230338902
-3.12565590645 -1.50268115315 0.810555986917 0.810555986917
6.63871495364 2.45400990174 0.8352876599 0.8352876599
