17.0 25.0 0.0 0.0
1.94672872276 3.34499637661 -0.0773510129099 -0.0773510129099
-2.94555382993 -4.81545615585 0.0933900615642 0.0933900615642
2.26751054923 2.04856372003 -0.0853615328236 -0.0853615328236
-1.57883974301 -3.14863498049 0.0649691986795 0.0649691986795
0.901441527657 0.237881158982 -0.0394553283386 -0.0394553283386
-0.311635977965 -1.43240531872 0.0143802258003 0.0143802258003
-0.126081426154 -1.17752806149 0.00615161852257 0.00615161852257
0.374885804014 -0.459447976363 -0.0196823665576 -0.0196823665576
-0.428969113467 -1.64747662619 0.0254895289727 0.0254895289727
0.302199678599 -0.481275538864 -0.0244232188356 -0.0244232188356
0.0589755858041 -1.114383874 0.018490381429 0.018490381429
1.1347287564 0.240275911324 -0.010267146141 -0.010267146141
-0.0872553357004 -1.11447837906 0.00226456617359 0.00226456617359
-0.100875593836 -1.15857243233 0.00361792790843 0.00361792790843
0.0908295125831 -0.729293495671 -0.00644016670282 -0.00644016670282
0.44682984491 -1.26547260027 0.00630683663085 0.00630683663085
1.00549188991 -0.817161552658 -0.00418916393371 -0.00418916393371
-0.566325085798 -1.07340941365 0.00154118202894 0.00154118202894
-0.989784150961 -1.00868678293 0.000185079310501 0.000185079310501
-1.0 -1.0 1.63268091857e-18 1.63268091857e-18
-0.985881136612 -0.0966467853522 -0.00230499342272 -0.00230499342272
-1.06913935963 -0.0100484181591 0.00606257038076 0.00606257038076
-0.857188384625 0.140682114435 -0.0098859819914 -0.0098859819914
-1.19926040505 -0.263858482041 0.0120433499686 0.0120433499686
-0.798858166972 0.382102162541 -0.0109624218013 -0.0109624218013
-1.11786396315 0.965589390879 0.0057443539056 0.0057443539056
-1.08644183271 0.954908664176 0.00344126131754 0.00344126131754
0.0771418044195 1.23905782186 -0.015184560309 -0.015184560309
-0.340917486281 0.542816669917 0.0269427625693 0.0269427625693
0.534368903754 1.61642864545 -0.0354192421948 -0.0354192421948
-0.623385932033 0.368164734403 0.0371413823859 0.0371413823859
0.583887058445 1.41539186114 -0.0291091680116 -0.0291091680116
0.898456059225 -0.219197090304 0.00934807165666 0.00934807165666
0.708175568469 -0.479179382968 0.0228321592718 0.0228321592718
1.87445923539 1.31405665037 -0.0671606763483 -0.0671606763483
-0.549684816102 -2.22705115795 0.124063273345 0.124063273345
3.23360226394 3.10879563925 -0.201444152009 -0.201444152009
-1.89950923277 -3.83840236121 0.367369856683 0.367369856683
2.87079703077 4.30541416872 0.963336072061 0.963336072061
