15.4719827509 3.43604088684 0.140885425841 0.140885425841
-1.57974761933 0.964432951023 -0.0538003035115 -0.0538003035115
-0.427925620252 1.07521277941 0.027992846759 0.027992846759
-1.58063774152 0.893823476467 -0.0155049531587 -0.0155049531587
-0.394072719831 1.14565907244 0.00806738530174 0.00806738530174
-0.833462488013 0.754812764915 -0.00308071452521 -0.00308071452521
-0.103366520207 0.304772988402 -0.000533353403678 -0.000533353403678
-0.929527465413 0.990902804692 0.0033029534943 0.0033029534943
-0.0462547949586 1.11560506786 -0.00551751559194 -0.00551751559194
-0.97835292666 0.182685663636 0.00734918847405 0.00734918847405
0.0134195070024 0.871330291662 -0.00890702442267 -0.00890702442267
-1.08784942504 1.0384672783 0.0102637019769 0.0102637019769
0.447927740698 0.986335345513 -0.0114697687103 -0.0114697687103
-0.414969080591 1.00600971832 0.0125617224591 0.0125617224591
0.399068420522 0.994066757404 -0.013566842725 -0.013566842725
0.487957992623 0.985511345479 0.014506214049 0.014506214049
1.45930683607 -0.18682381059 -0.0153966995947 -0.0153966995947
0.551119476515 0.590995905107 0.016252285216 0.016252285216
1.44538668078 -0.0296837710818 -0.0170850387073 -0.0170850387073
0.556150494785 -0.667638075891 0.0179058342759 0.0179058342759
1.44282705849 0.411711830452 -0.0187249403165 -0.0187249403165
0.558383845588 -0.363625836061 0.0195525406985 0.0195525406985
1.43955175563 0.400084010585 -0.0203992469357 -0.0203992469357
0.564539446143 -0.893420130394 0.0212766568857 0.0212766568857
1.42623298683 -0.161209251035 -0.0221980245161 -0.0221980245161
-0.233027266684 -0.844807784388 0.0231791274333 0.0231791274333
1.25159534922 -0.0909403993027 -0.0242394613449 -0.0242394613449
-0.599154356919 -1.2711354396 0.025403968069 0.025403968069
0.600041374223 -0.746784279319 -0.0267056461297 -0.0267056461297
-1.25442217895 -1.27672527577 0.0281896633176 0.0281896633176
-0.594895983047 -0.635749675618 -0.0299201277681 -0.0299201277681
-1.43602567552 -0.331544438524 0.0319918043258 0.0319918043258
-0.544680595673 0.716017276343 -0.0345516133786 -0.0345516133786
-1.49555426809 0.289244182702 0.0378410226694 0.0378410226694
0.146097552699 0.741907932203 -0.0422876442392 -0.0422876442392
-1.08813490459 0.187817007327 0.0487287063762 0.0487287063762
0.082835828189 1.05419305953 -0.059057919022 -0.059057919022
-1.13153628926 0.893532303549 0.0786636250583 0.0786636250583
0.621673738672 1.17998406444 -0.131405960915 -0.131405960915
-0.545834248361 0.122264736324 0.81377145957 0.81377145957
