4.0 10.0 0.0 0.0
1.19579394711 0.540343677876 -0.0253141048256 -0.0253141048256
0.788385479107 -0.537793449014 0.0332659354587 0.0332659354587
1.21605132208 0.5225575402 -0.0362587720026 -0.0362587720026
0.788102041611 -0.49645510001 0.0369108382567 0.0369108382567
1.20071947536 0.460875309541 -0.0361501990165 -0.0361501990165
0.816228144288 -0.417156706847 0.0344217922128 0.0344217922128
1.16223315783 0.366689009613 -0.0319938149118 -0.0319938149118
0.862720558835 -0.310927342482 0.0290596878669 0.0290596878669
1.11011081389 0.251366686213 -0.0257777985526 -0.0257777985526
0.918041754757 -0.189486170447 0.0222883367499 0.0222883367499
1.05408377282 0.126651950401 -0.0187204813349 -0.0187204813349
0.972217627742 -0.0639333626166 0.0151951088208 0.0151951088208
1.00439527927 0.00168434911004 -0.0118252866554 -0.0118252866554
1.01464632947 0.0616774959138 0.00871564465372 0.00871564465372
0.972302779178 -0.134709215697 -0.00596120272135 -0.00596120272135
1.03251972265 0.273210507188 0.00364598765306 0.00364598765306
0.975205637511 0.896087793903 -0.00184164613246 -0.00184164613246
0.987544679974 0.014004216425 0.000606191786493 0.000606191786493
-0.0753106734889 1.03615552128 1.70171802408e-05 1.70171802408e-05
-9.34924652316e-17 1.0 1.31473779232e-17 1.31473779232e-17
0.0995075543753 1.01778360473 -0.000669476158262 -0.000669476158262
-1.10910573047 0.924269972953 0.00198791492502 0.00198791492502
0.0922322476577 1.20675698669 -0.00393652709454 -0.00393652709454
-1.05384563587 -0.102703676143 0.00648210809613 0.00648210809613
-0.00268558266548 1.02856052531 -0.00957838123253 -0.00957838123253
-0.925539308005 0.0485874105111 0.0131678423169 0.0131678423169
-0.158677263526 0.866007486298 -0.0171841694633 -0.0171841694633
-0.747489319309 0.229320572905 0.0215553218912 0.0215553218912
-0.353099585427 0.663239667524 -0.0262075748865 -0.0262075748865
-0.542407881083 0.462989690334 0.0310709939191 0.0310709939191
-0.563248584225 0.366189655308 -0.0360874046928 -0.0360874046928
-0.332362401707 1.03981580011 0.0412231944778 0.0412231944778
-0.769068124192 1.14522450569 -0.0464924997795 -0.0464924997795
-0.13218059674 0.736251992598 0.0520054167113 0.0520054167113
-0.971175142221 1.35416059698 -0.0580856588842 -0.0580856588842
0.133656083489 0.5723478952 0.0656228342677 0.0656228342677
0.0194074550228 1.49070724208 -0.0775032922379 -0.0775032922379
-0.102710496107 0.440190779744 0.109090639409 0.109090639409
0.15964256627 0.477877633258 0.995887062876 0.995887062876
