4.0 13.0 0.0 0.0
1.16190270938 0.671684474016 -0.0253141048256 -0.0253141048256
0.835137068761 -0.60958087319 0.0332659354587 0.0332659354587
1.17605340885 -0.263253909421 -0.0362587720026 -0.0362587720026
0.794916456444 -0.94403484913 0.0369108382567 0.0369108382567
1.29025853487 0.896896987181 -0.0361501990165 -0.0361501990165
0.041137505755 -1.49764013 0.0344217922128 0.0344217922128
0.654452457409 0.133158741258 -0.0319938149118 -0.0319938149118
1.10805759011 -0.306783160016 0.0290596878669 0.0290596878669
0.948335496267 0.285885814916 -0.0257777985526 -0.0257777985526
1.02861654831 -0.189958253365 0.0222883367499 0.0222883367499
0.982765228881 -0.187567748828 -0.0187204813349 -0.0187204813349
1.0109735749 -1.12938674766 0.0151951088208 0.0151951088208
0.992954149373 0.599145228654 -0.0118252866554 -0.0118252866554
1.00388490218 -0.661329986728 0.00871564465372 0.00871564465372
0.999750687227 -0.678792456401 -0.00596120272135 -0.00596120272135
0.994557921364 -0.0247095004263 0.00364598765306 0.00364598765306
1.01670823258 0.12603165134 -0.00184164613246 -0.00184164613246
0.950399605581 1.05399838486 0.000606191786493 0.000606191786493
-0.051523839911 0.987832719429 1.70171802408e-05 1.70171802408e-05
-4.67462326158e-17 1.0 1.31473779232e-17 1.31473779232e-17
0.0632110943224 1.00827789348 -0.000669476158262 -0.000669476158262
-1.0205274929 0.982481424885 0.00198791492502 0.00198791492502
-0.0713779515458 1.02782972941 -0.00393652709454 -0.00393652709454
-0.776370904464 0.963988817434 0.00648210809613 0.00648210809613
-0.487246011882 1.03206481612 -0.00957838123253 -0.00957838123253
0.440170340648 1.02313147285 0.0131678423169 0.0131678423169
-1.03114010887 0.411927396869 -0.0171841694633 -0.0171841694633
-0.231572665057 0.222420118219 0.0215553218912 0.0215553218912
-0.512847189386 1.52900774113 -0.0262075748865 -0.0262075748865
-0.794154940293 0.492148674142 0.0310709939191 0.0310709939191
0.419053592867 1.52600735233 -0.0360874046928 -0.0360874046928
-0.606000647586 0.443166543714 0.0412231944778 0.0412231944778
-0.780099242157 1.59184947975 -0.0464924997795 -0.0464924997795
0.247368602346 0.372847239607 0.0520054167113 0.0520054167113
-0.339729976604 1.66062519222 -0.0580856588842 -0.0580856588842
-0.828429399813 0.308619681968 0.0656228342677 0.0656228342677
1.23882371694 1.72078473808 -0.0775032922379 -0.0775032922379
-0.303427224177 0.237463248097 0.109090639409 0.109090639409
0.224431853493 0.657446263728 0.995887062876 0.995887062876
