15.0 24.0 0.0 0.0
3.5513749413 4.73533402743 -0.102859012948 -0.102859012948
-2.89134292502 -5.56955466825 0.113895064445 0.113895064445
1.9436039222 1.99189688356 -0.0857067666516 -0.0857067666516
-0.92376407045 -2.35547688694 0.0419933981273 0.0419933981273
2.22044604925e-16 -1.0 -1.38777878078e-17 -1.38777878078e-17
1.42726594651 -0.154449049831 -0.0286941013192 -0.0286941013192
-0.122755191481 -2.11754977778 0.0392619469173 0.0392619469173
0.270361725808 -0.0828098555926 -0.0334456179925 -0.0334456179925
-0.135794481584 -1.46014422288 0.0176607693 0.0176607693
5.55111512313e-16 -1.0 -1.38777878078e-17 -1.38777878078e-17
-0.0300134528296 -0.770038866914 -0.012801984516 -0.012801984516
0.632653465048 -0.776141513281 0.0174194959284 0.0174194959284
0.771484636424 0.208796073692 -0.0144154849845 -0.0144154849845
-0.0201801495769 -1.39023974513 0.00718920978687 0.00718920978687
1.0 -1.0 0.0 0.0
0.343605818648 -0.776889076362 -0.00403012898267 -0.00403012898267
-0.295286855372 -1.28305684508 0.00411084549591 0.00411084549591
0.162858440904 -0.777451370024 -0.00175271055308 -0.00175271055308
-0.0300700019756 -1.114402464 -0.00036070686957 -0.00036070686957
1.11022302463e-16 -1.0 -3.46944695195e-18 -3.46944695195e-18
-0.808872413875 -0.210516199027 0.00328016025086 0.00328016025086
-1.10485291379 0.270924807671 -0.00775546406325 -0.00775546406325
-0.990362449803 -0.333797077035 0.0103061766742 0.0103061766742
-0.961739601924 0.327738148651 -0.00803445448003 -0.00803445448003
-1.0 1.0 -5.20417042793e-18 -5.20417042793e-18
-1.11936868363 0.832837917951 0.011758306767 0.011758306767
-0.73212288673 1.37793082946 -0.0224978420236 -0.0224978420236
-1.36810524821 0.524010229609 0.0264103082049 0.0264103082049
-0.642436072298 1.3571872765 -0.0191041533913 -0.0191041533913
3.33066907388e-16 1.0 -6.93889390391e-18 -6.93889390391e-18
-0.197776504783 0.489193704555 0.0263548237615 0.0263548237615
0.39893686755 2.00593722765 -0.0507080734663 -0.0507080734663
-0.297370118611 -0.374907360094 0.061275016431 0.061275016431
1.63072225618 0.541138183792 -0.0469306162593 -0.0469306162593
1.0 -1.0 1.12757025938e-17 1.12757025938e-17
0.0931263357091 -1.57711347637 0.0837179274327 0.0837179274327
2.99984933703 3.16757184248 -0.214872847973 -0.214872847973
-2.19517726377 -4.66746087355 0.503967456424 0.503967456424
3.39154759239 5.71150217514 0.935369060527 0.935369060527
