8.0 20.0 3.08395284618e-18 3.08395284618e-18
0.84006322452 3.08632222702 -0.0512947984164 -0.0512947984164
-0.0467170266975 -0.9149963025 0.0654854967475 0.0654854967475
1.92248125823 2.12652465117 -0.0671638034914 -0.0671638034914
0.177623230794 -1.75574663308 0.0622374651096 0.0622374651096
1.71360309166 1.45568701285 -0.0533606146381 -0.0533606146381
0.405869770426 -1.15850840328 0.0422780161694 0.0422780161694
1.46588534879 0.875150437557 -0.0303701033022 -0.0303701033022
0.669775901869 -0.655653451267 0.0187824884574 0.0187824884574
1.18370609794 -0.837461839477 -0.00843528207301 -0.00843528207301
1.0 -1.0 -6.16790569236e-18 -6.16790569236e-18
-0.130139181724 -1.15800636734 0.0061227688875 0.0061227688875
1.14493086491 -0.718888680994 -0.00981047251521 -0.00981047251521
-0.574148787699 -1.36801161837 0.0112044720555 0.0112044720555
-0.610824422536 -0.570364776697 -0.0106736604121 -0.0106736604121
0.305492386495 -1.49843307484 0.00875829969108 0.00875829969108
-0.431349881312 -0.244693855899 -0.0060991304882 -0.0060991304882
-1.14492833561 -0.356672042945 0.00335856666438 0.00335856666438
-0.905343452629 -0.928097881718 -0.00114172080001 -0.00114172080001
-1.06297545923 0.0964685645181 -7.49097348613e-05 -7.49097348613e-05
-1.0 -4.81096644004e-16 -6.16790569236e-18 -6.16790569236e-18
-0.0224279278457 -0.936149430585 0.00143643639137 0.00143643639137
-0.115640375201 -1.05484210906 -0.00407087008485 -0.00407087008485
0.864241931312 -0.929115975699 0.00751925832543 0.00751925832543
0.395852629802 -1.14686404556 -0.01121387611 -0.01121387611
0.32966479039 -0.439753246297 0.0144601958487 0.0144601958487
0.933597372946 -0.206008938442 -0.0165079463602 -0.0165079463602
-0.160541573664 -1.04607660024 0.0166289190243 0.0166289190243
1.3586725965 0.183459051857 -0.0141931645695 -0.0141931645695
0.847969128202 -1.18075582184 0.00873494383417 0.00873494383417
1.0 -2.96059473233e-16 -1.23358113847e-17 -1.23358113847e-17
1.14033807938 0.257188405127 -0.0120340513397 -0.0120340513397
0.721848421098 -0.450819613525 0.0271733037616 0.0271733037616
1.41439763294 0.069863340667 -0.0450732516507 -0.0450732516507
0.453033131059 -1.77299015292 0.0653874300094 0.0653874300094
1.67263232228 1.84976678488 -0.0880998556212 -0.0880998556212
0.211327419615 -2.31467553604 0.114429954317 0.114429954317
1.89671595273 1.12243928911 -0.150368308578 -0.150368308578
-0.0293228473169 -1.95697533753 0.233492242324 0.233492242324
0.831303354238 2.14435863808 0.983606673679 0.983606673679
