14.0 8.0 0.0 0.0
3.39450064516 2.79263094209 -0.0871710119737 -0.102859012948
-3.38440201963 -0.517653278108 0.0923018455192 0.113895064445
1.04869881641 2.03400806097 -0.0674940109407 -0.0857067666516
-0.798565394578 0.519038087607 0.0326342873498 0.0419933981273
-1.0 1.0 -1.38777878078e-17 -1.38777878078e-17
0.11510734779 1.30734061407 -0.0227258823934 -0.0286941013192
-0.197465760706 0.593651901471 0.0321266822846 0.0392619469173
-0.103493145743 1.33126560705 -0.0287383506785 -0.0334456179925
-1.16746992928 0.83594158517 0.0162151535937 0.0176607693
0.0 1.0 -2.08166817117e-17 -1.38777878078e-17
0.317481432283 1.08464467736 -0.0142476002223 -0.012801984516
-0.490019761552 0.9562249826 0.0221267632425 0.0174194959284
0.67958918387 0.771683119395 -0.0215507496172 -0.0144154849845
0.94631569143 -0.188563747396 0.0131574287126 0.00718920978687
1.0 5.55111512313e-16 0.0 0.0
1.08752925815 0.15429550005 -0.0133892397602 -0.00403012898267
0.851750084347 -0.680739799316 0.0223236012069 0.00411084549591
1.17532081764 -0.925362038826 -0.0233459294789 -0.00175271055308
0.809163715112 0.382879630329 0.0153272941049 -0.00036070686957
4.16333634234e-16 1.0 0.0 -3.46944695195e-18
-0.0680337982661 0.881480719897 -0.0182263431121 0.00328016025086
0.0942956996684 1.25652499396 0.033151317011 -0.00775546406325
-0.0968212159286 0.682137500922 -0.0381932977218 0.0103061766742
0.0658449022919 1.2383671685 0.0280153427428 -0.00803445448003
3.33066907388e-16 1.0 1.73472347598e-17 -5.20417042793e-18
-0.0823294200243 0.649171710915 -0.0447734743072 0.011758306767
0.145390664136 1.7029671165 0.101297016997 -0.0224978420236
-0.151231559575 0.103578934069 -0.161237645555 0.0264103082049
0.0849534346524 1.72526327467 0.214287089 -0.0191041533913
0.0 -1.11022302463e-16 1.0 -6.93889390391e-18
0.68821914079 -7.59266368353 0.259746066153 0.0263548237615
0.964024878502 -4.29654552648 -0.238356027226 -0.0507080734663
-0.744783824619 0.194394411303 0.185069875452 0.061275016431
0.458085119575 -1.34762750826 -0.103462397334 -0.0469306162593
-2.22044604925e-16 -1.0 1.30104260698e-17 1.12757025938e-17
0.139158385096 -1.04658129351 0.119767724656 0.0837179274327
2.21363499284 -0.630695768017 -0.263372322369 -0.214872847973
-2.78564079904 -1.69347420624 0.544874237498 0.503967456424
3.29119241919 1.72241631078 0.913862557164 0.935369060527
