13.0 6.0 2.16201325848e-16 2.16201325848e-16
8.9018964677 4.56102380803 -0.217285719563 -0.217285719563
0.717019519339 1.28914147572 -0.0259835809839 -0.0259835809839
-3.05844536232 -0.227251876293 0.131120357848 0.131120357848
-0.753315862368 0.701588254879 0.0352538503838 0.0352538503838
1.87252228347 1.72714657491 -0.0918272163877 -0.0918272163877
0.803750353728 1.30335319383 -0.0401952990971 -0.0401952990971
-1.37559462747 0.502127104372 0.0684382411206 0.0684382411206
-0.906669338922 0.69344915891 0.0433929463529 0.0433929463529
1.22125837609 1.36038263856 -0.0522643316833 -0.0522643316833
1.6656096948 1.30888647499 -0.045728580249 -0.045728580249
0.258528624837 0.73535366083 0.0398882640476 0.0398882640476
-0.413521540269 0.689252470733 0.0475896345297 0.0475896345297
0.342933844816 1.19092849728 -0.0296651319808 -0.0296651319808
0.629106338378 1.31233587911 -0.0491779843751 -0.0491779843751
-0.279473945872 0.870323206191 0.0206732247631 0.0206732247631
-0.711250199693 0.686227095505 0.0506150097582 0.0506150097582
0.178939352955 1.07549561842 -0.0123169976045 -0.0123169976045
0.781628269562 1.31514326818 -0.051985373439 -0.051985373439
-0.0649796956882 0.975143990816 0.00414503370385 0.00414503370385
-0.887593222796 0.683482774594 0.053359330669 0.053359330669
-0.0782880300024 0.975033668565 0.00425535595474 0.00425535595474
1.26638925599 1.31796578076 -0.0548078860276 -0.0548078860276
1.1599568672 1.07652369381 -0.0133450729976 -0.0133450729976
0.0413344218253 0.680423801965 0.0564183032986 0.0564183032986
-0.162279056388 0.867253135489 0.0237432954652 0.0237432954652
0.532874753573 1.32147568117 -0.0583177864349 -0.0583177864349
0.376305998929 1.197686584 -0.0364232186977 -0.0364232186977
-0.679563647701 0.676121043898 0.060721061365 0.060721061365
-0.642682217457 0.722094073755 0.0531478511229 0.0531478511229
0.875134470437 1.32720475634 -0.0640468616055 -0.0640468616055
1.57224841271 1.38576460887 -0.0776463020008 -0.0776463020008
0.330933709656 0.667573283342 0.0692688219208 0.0692688219208
-0.603612326614 0.450906891159 0.119658454333 0.119658454333
0.501215733656 1.34250283311 -0.0793449383704 -0.0793449383704
1.35621747161 1.8510493943 -0.215730035776 -0.215730035776
-0.599301688153 0.627145274067 0.109696831196 0.109696831196
-2.60963606299 -0.825001748262 0.728870229817 0.728870229817
0.648324242116 0.267253814681 0.995904080056 0.995904080056
8.47628888765 3.738542791 0.605195297462 0.605195297462
