13.1698008094 3.43027258247 0.106678401451 0.106678401451
-0.983104871451 1.18399915168 -0.0386198285181 -0.0386198285181
-0.0842362288128 0.567448757294 0.0178365494932 0.0178365494932
-0.868634237686 0.329006528287 -0.00767553570551 -0.00767553570551
-0.172932427095 1.19637538458 0.00159110820153 0.00159110820153
-0.781844987067 0.879997494649 0.00250208821776 0.00250208821776
-0.281673088163 1.08816497156 -0.00547555138759 -0.00547555138759
-0.57420737346 0.930397083099 0.00775818913588 0.00775818913588
0.485010506161 1.05627124257 -0.00958585460569 -0.00958585460569
-0.439805610874 0.954929800944 0.0110991898635 0.0110991898635
0.407969301819 1.034412671 -0.0123874688029 -0.0123874688029
-0.380136460673 0.976704142132 0.0135102877648 0.0135102877648
0.343589870493 1.0115863035 -0.0145091551538 -0.0145091551538
0.51645391318 0.990698355852 0.0154140807819 0.0154140807819
1.43106805014 -0.0688512863749 -0.0162475222392 -0.0162475222392
0.439911012655 0.269384035488 0.0170268583187 0.0170268583187
0.111055578079 1.07469423942 -0.0177660060442 -0.0177660060442
0.272728100677 1.04594559225 0.0184765236671 0.0184765236671
1.40089355644 0.347323128167 -0.0191683993197 -0.0191683993197
0.656395254007 -0.103206846592 0.0198506480202 0.0198506480202
1.31483347102 0.0193355806957 -0.0205317974483 -0.0205317974483
0.707147313424 0.0784687233603 0.0212203202937 0.0212203202937
1.27172463423 -0.385676011265 -0.0219250606741 -0.0219250606741
0.752172927853 -0.625993057672 0.0226557009985 0.0226557009985
1.21569642341 -0.382986452283 -0.0234233233872 -0.0234233233872
0.843714770127 -0.601866683164 0.0242411386667 0.0242411386667
0.322818684329 -0.427796504205 -0.0251254920612 -0.0251254920612
-0.16430715949 -1.46739530943 0.026097320507 0.026097320507
-0.0787539101792 -0.37854970431 -0.027184357638 -0.027184357638
-0.913861505625 -0.576924323548 0.0284246127249 0.0284246127249
-0.0488206534881 -0.499068635875 -0.0298721081928 -0.0298721081928
-1.48124056451 0.064250039103 0.0316068269117 0.0316068269117
-0.630437412693 0.00527494937948 -0.0337530077361 -0.0337530077361
-1.27613664898 -0.00522710609113 0.0365153267304 0.0365153267304
0.180488097459 0.987172658083 -0.0402573720228 -0.0402573720228
-1.35847461905 -0.272411917074 0.0456940932212 0.0456940932212
-0.708010577058 0.586667660772 -0.0544530895758 -0.0544530895758
-1.23743670071 0.535095377419 0.0712166405387 0.0712166405387
-0.84569273779 -0.156232871411 -0.117232928949 -0.117232928949
-0.359811456612 0.090918951205 0.865343171344 0.865343171344
