8.88721912287 3.75736549849 0.149655536476 0.196427185606
0.725068907585 0.023121516532 -0.0371667811787 -0.0767873924899
1.27864065288 0.00106488969366 0.00904590791929 0.0433110255989
0.729548692151 0.635264428952 0.00264130948267 -0.027417012882
1.25867789735 0.439190461876 -0.00858515642689 0.0180431501637
0.756066734597 0.516111278202 0.0119492363601 -0.0117963803944
1.22226652242 0.548783745548 -0.0139725520933 0.00728804171908
0.825829153129 1.21493600631 0.0152271788777 -0.00384386360595
0.872593981263 0.837314504059 -0.0160077817615 0.0010965859977
-0.42447818544 1.14497220602 0.0164783632325 0.00117123106561
-0.344986427236 0.85804378857 -0.0167354828971 -0.00309683339551
-0.691300605027 1.1493818222 0.0168382982886 0.00477141765457
-0.292847612763 0.830593944482 -0.0168239408562 -0.00625824903496
-0.726005674382 1.21685648511 0.0167158438796 0.00760290352102
-0.222163459364 0.580577588539 -0.0165284394458 -0.00883937221386
-1.17778033643 0.127357330847 0.016269864399 0.00999387063136
-0.855593163235 -0.835390213182 -0.0159435020713 -0.0110873186909
-1.12738466467 0.0138466139746 0.0155487869905 0.0121370249293
-0.891371922644 -0.175100933855 -0.0150814870456 -0.0131578846346
-1.07945891495 0.808848611698 0.0145335502222 0.0141632810944
-0.983332419814 0.0174155356924 -0.013892509907 -0.0151658130615
-0.725385073556 0.4244510392 0.0131403517448 0.0161779359465
-0.289434759927 0.468751494864 -0.012251626114 -0.0172125875436
-1.35641621658 0.675125142836 0.0111904008569 0.0182838661723
0.56422102123 1.09196432334 -0.00990531058704 -0.019407839113
0.409279753071 1.03677931714 0.00832130775423 0.0206035851193
0.605503375441 0.246641937202 -0.00632538424546 -0.0218946247773
1.25201844087 0.0295712769768 0.00374059707768 0.023310983729
0.404815915593 -0.457376686797 -0.000275754106792 -0.0248923013194
0.657905465038 -0.456050262327 -0.00458016519024 0.0266927144764
0.892879299114 0.011282472432 0.0118040158928 -0.0287888749297
0.345835695679 -0.801223487993 -0.0235002122092 0.0312937745217
0.511748928926 -0.278307444029 0.0451007519357 -0.0343820098619
0.677728937217 -0.669302000083 -0.0958062299683 0.0383393454376
-0.188732719703 -0.399415080437 0.321252984938 -0.0436690990451
1.92568599562 -0.200547879107 0.653237457175 0.0513493710978
2.57081412296 0.271918712839 -0.235082138427 -0.0635679526583
0.171512163525 0.491853933878 0.188136027389 0.0864338421908
1.68994793742 0.568978051869 -0.218767850572 -0.145907342784
-0.166828867911 0.38819618229 0.774866072673 0.717912384993
