15.3810112165 3.77734048832 0.0878094067108 0.0878094067108
-1.16540342783 0.864565496946 -0.0299737243302 -0.0299737243302
0.169503449136 1.13681680534 0.0120390973011 0.0120390973011
-1.44697388948 0.864404723522 -0.00322348195754 -0.00322348195754
-0.717252833332 1.13421115815 -0.00207029023193 -0.00207029023193
-0.687189750824 0.866888361965 0.00563791865112 0.00563791865112
-0.245703729763 1.13237614088 -0.0082327891933 -0.0082327891933
-1.49476190633 0.867983183895 0.0102266236483 0.0102266236483
0.269048775807 1.13205857102 -0.011824197472 -0.011824197472
-1.19335938862 0.867419545939 0.0131477865421 0.0131477865421
0.172551729998 1.1337751748 -0.0142750899139 -0.0142750899139
-1.21709991435 0.863905933086 0.0152580228411 0.0152580228411
0.633063609948 1.14069223785 -0.0161327714552 -0.0161327714552
-0.523234459465 0.848779438128 0.0169255156343 0.0169255156343
0.438962582487 1.18577616993 -0.0176558596291 -0.0176558596291
0.367593535926 0.0434558649159 0.0183389840367 0.0183389840367
1.51088868841 0.933661522642 -0.0189870538115 -0.0189870538115
0.53786429407 -0.0537725701356 0.0196101795032 0.0196101795032
1.41607488954 0.0368129121052 -0.0202171052344 -0.0202171052344
0.666068936205 0.0277272406914 0.0208157301381 0.0208157301381
0.90681348417 -0.445007949464 -0.0214135333118 -0.0214135333118
-0.0602890599929 -0.708245117512 0.0220179527486 0.0220179527486
1.82043913919 0.438928692306 -0.0226367598356 -0.0226367598356
-1.32602510435 -1.16639095322 0.0232784701722 0.0232784701722
0.474651574694 -0.732485804561 -0.0239528384101 -0.0239528384101
0.415788939567 -1.34511106006 0.0246715016407 0.0246715016407
0.547326633248 -0.403159854908 -0.0254488679072 -0.0254488679072
0.782977818207 -0.571752161918 0.0263034048467 0.0263034048467
1.27829928404 -0.438775842322 -0.0272595910423 -0.0272595910423
0.705344345694 -0.542282518746 0.0283509973236 0.0283509973236
1.2958423977 -0.523426677394 -0.0296253730734 -0.0296253730734
0.713183756747 1.05941085825 0.0311534737046 0.0311534737046
0.364399744592 0.889425222577 -0.0330453170173 -0.0330453170173
-0.388187058625 1.16018148473 0.0354823822929 0.0354823822929
-0.923248108257 0.612314832252 -0.0387875907689 -0.0387875907689
-0.776703186784 0.330181191325 0.04359740178 0.04359740178
-0.100923544825 0.753925650162 -0.0513657886783 -0.0513657886783
-1.44290083921 -0.309556262845 0.0663005423375 0.0663005423375
-0.691748983285 0.230113388643 -0.107755572169 -0.107755572169
-0.466693640549 -0.204276628398 0.891807092478 0.891807092478
