19.0 15.0 0.0 0.0
3.54474919322 3.58787223001 -0.102859012948 -0.102859012948
-4.56206011539 -2.96782441888 0.113895064445 0.113895064445
1.24968493517 2.05346086698 -0.0857067666516 -0.0857067666516
-1.89694634817 -1.06561141431 0.0419933981273 0.0419933981273
-1.66533453694e-16 -1.0 -1.38777878078e-17 -1.38777878078e-17
0.712326550965 -0.465299428378 -0.0286941013192 -0.0286941013192
-0.903701151432 -1.76974577317 0.0392619469173 0.0392619469173
0.707734961728 -0.300730725178 -0.0334456179925 -0.0334456179925
-0.325679857342 -1.41125099415 0.0176607693 0.0176607693
1.11022302463e-16 -1.0 -1.38777878078e-17 -1.38777878078e-17
-0.589885104112 0.125521243699 -0.012801984516 -0.012801984516
-1.39118074771 -0.365508310031 0.0174194959284 0.0174194959284
-0.799893557375 0.612177196775 -0.0144154849845 -0.0144154849845
-0.942245266785 0.972641764786 0.00718920978687 0.00718920978687
0.0 1.0 0.0 0.0
-0.747745108925 1.07279458138 -0.00403012898267 -0.00403012898267
-0.696322106113 0.871844037603 0.00411084549591 0.00411084549591
0.294424598649 1.15811520985 -0.00175271055308 -0.00175271055308
-0.00329223045904 0.817469816084 -0.00036070686957 -0.00036070686957
1.0 5.55111512313e-17 -3.46944695195e-18 -3.46944695195e-18
1.14346425348 -0.0612783306528 0.00328016025086 0.00328016025086
0.85133617063 0.0348591212556 -0.00775546406325 -0.00775546406325
1.11174484572 0.194847423749 0.0103061766742 0.0103061766742
0.88168177248 1.23556665426 -0.00803445448003 -0.00803445448003
5.55111512313e-17 1.0 -5.20417042793e-18 -5.20417042793e-18
-0.202069016744 0.790813067118 0.011758306767 0.011758306767
0.362923817451 1.36233867403 -0.0224978420236 -0.0224978420236
-0.42163044864 0.601858965101 0.0264103082049 0.0264103082049
0.305617216068 1.2745251275 -0.0191041533913 -0.0191041533913
0.0 1.0 -6.93889390391e-18 -6.93889390391e-18
-0.422121178397 0.646949709476 0.0263548237615 0.0263548237615
0.806129911527 1.65870082025 -0.0507080734663 -0.0507080734663
-0.958703085833 0.229488473798 0.061275016431 0.061275016431
0.713960557295 1.56785022851 -0.0469306162593 -0.0469306162593
2.77555756156e-16 1.0 1.12757025938e-17 1.12757025938e-17
-1.11916287576 0.110912398109 0.0837179274327 0.0837179274327
2.44389662302 2.97262949389 -0.214872847973 -0.214872847973
-3.68455459515 -2.16413851383 0.503967456424 0.503967456424
4.53751738694 3.36815080438 0.935369060527 0.935369060527
