16.0025861181 5.3915478786 0.106678401451 0.106678401451
-1.4382604303 0.000753284642611 -0.0386198285181 -0.0386198285181
-0.571336123429 1.05770214638 0.0178365494932 0.0178365494932
-1.42624104117 -0.495391775371 -0.00767553570551 -0.00767553570551
-0.570100648026 0.892919280207 0.00159110820153 0.00159110820153
-1.45311272265 0.843969406015 0.00250208821776 0.00250208821776
0.231799137065 1.19622556873 -0.00547555138759 -0.00547555138759
-0.282339047428 0.782652948856 0.00775818913588 0.00775818913588
0.13300823052 1.24252099521 -0.00958585460569 -0.00958585460569
-1.26723300367 0.710288860671 0.0110991898635 0.0110991898635
1.08054440606 1.41892483233 -0.0123874688029 -0.0123874688029
0.612085552227 -0.506419881892 0.0135102877648 0.0135102877648
1.42236796035 -0.305958224055 -0.0145091551538 -0.0145091551538
0.561037525613 -0.746331491536 0.0154140807819 0.0154140807819
1.45778387135 -0.115619467053 -0.0162475222392 -0.0162475222392
0.50934388441 0.102792120602 0.0170268583187 0.0170268583187
1.57130152143 -0.16631544691 -0.0177660060442 -0.0177660060442
-0.0584445636187 0.64776579942 0.0184765236671 0.0184765236671
0.997208807003 0.412119723935 -0.0191683993197 -0.0191683993197
0.00878218378314 0.589150042423 0.0198506480202 0.0198506480202
0.154956799637 1.23323874665 -0.0205317974483 -0.0205317974483
-0.186584662048 0.821925516416 0.0212203202937 0.0212203202937
0.175302659087 1.14724035225 -0.0219250606741 -0.0219250606741
-0.104270364678 0.876746516229 0.0226557009985 0.0226557009985
-0.424809492741 1.0975442676 -0.0234233233872 -0.0234233233872
-0.629143507668 0.947408220253 0.0242411386667 0.0242411386667
-0.384602479907 0.254475772526 -0.0251254920612 -0.0251254920612
-0.53960846783 0.775958514676 0.026097320507 0.026097320507
-0.738265821671 -0.0384308718977 -0.027184357638 -0.027184357638
-0.954478671437 0.341310044994 0.0284246127249 0.0284246127249
0.0541353522163 0.756381648006 -0.0298721081928 -0.0298721081928
-1.61948675161 -0.313808140306 0.0316068269117 0.0316068269117
-0.453344779484 0.223602817834 -0.0337530077361 -0.0337530077361
-1.53144817919 -0.166203742523 0.0365153267304 0.0365153267304
-0.400105966687 0.0537893954489 -0.0402573720228 -0.0402573720228
-0.38145176354 -1.23969837856 0.0456940932212 0.0456940932212
0.404253727585 -0.812391742903 -0.0544530895758 -0.0544530895758
-0.406842648063 -1.1507288298 0.0712166405387 0.0712166405387
0.403447007043 -0.909410316295 -0.117232928949 -0.117232928949
-0.393216215283 -0.330507261366 0.865343171344 0.865343171344
