9.0 10.0 1.30614473485e-16 0.0
2.32684240859 0.783542413152 -0.0591500784616 -0.0773510129099
-0.14189744792 -2.00822418103 0.0657893774514 0.0933900615642
1.89595476338 1.68096060379 -0.0565790614568 -0.0853615328236
0.378070933757 -1.56118919954 0.0413012628668 0.0649691986795
1.35411292759 -0.258502686035 -0.0244915475942 -0.0394553283386
0.877068891691 -0.155405975189 0.00886823719107 0.0143802258003
0.949250289256 -0.0910173733947 0.00383399746863 0.00615161852257
1.15984249062 0.403830847688 -0.0126149195239 -0.0196823665576
0.786147028804 -1.21198998587 0.0171083132782 0.0254895289727
1.24534226599 0.122993542497 -0.0175056346357 -0.0244232188356
0.618005740543 1.14635357047 0.0144637661025 0.018490381429
-0.0965689974754 0.978621809388 -0.00898690217865 -0.010267146141
0.0207717599244 0.999469888418 0.00228582295831 0.00226456617359
0.0500562048163 0.995341927797 0.00437549248601 0.00361792790843
-0.160142350375 1.01050852815 -0.00983269505374 -0.00644016670282
0.334551550283 0.991684409773 0.0131592126733 0.00630683663085
-0.75170733819 0.999366080959 -0.013776571748 -0.00418916393371
-0.632719966231 1.00971591144 0.0115262751903 0.00154118202894
-0.107120444853 0.988788085723 -0.00669633023275 0.000185079310501
-1.0 1.0 6.53072367427e-18 1.63268091857e-18
-0.0569812887968 1.02396525452 0.00749085395556 -0.00230499342272
-0.74379506315 0.945067666616 -0.0144508277214 0.00606257038076
-0.544222763541 1.08257320212 0.0194333410611 -0.0098859819914
-0.154427454649 0.905121913942 -0.0210160094562 0.0120433499686
-1.07592636213 1.08207166343 0.0179424357974 -0.0109624218013
0.147121384993 0.959287877022 -0.00924208966239 0.0057443539056
0.0493712559794 0.977359708234 -0.00569281468941 0.00344126131754
-0.150385481727 1.08736586501 0.0271034229743 -0.015184560309
0.237578297253 0.895508526027 -0.0549974179663 0.0269427625693
-0.57129904189 0.814062862201 0.0896319141219 -0.0354192421948
-1.10427779116 -0.462984675688 -0.133413356874 0.0371413823859
-0.92312988825 0.303335331289 0.20433702725 -0.0291091680116
0.117795221051 -0.0895193450415 1.00523372135 0.00934807165666
2.78355170559 -0.20881968264 0.13187250868 0.0228321592718
2.05831792339 0.611137766461 -0.194654364482 -0.0671606763483
-0.507212047421 -1.43714304274 0.238249475624 0.124063273345
0.569231893044 -0.0210494379865 -0.289464041493 -0.201444152009
-2.23064062726 -2.20447141294 0.424072764903 0.367369856683
1.64052824201 1.79463468314 0.93742661632 0.963336072061
