17.5238095238 3.80952380952 0.0238095238095 0.0238095238095
-0.318040886276 1.05305977481 0.000583000741789 0.000583000741789
0.190697850241 0.926104538538 -0.00851511321389 -0.00851511321389
-1.1928666292 1.10469881994 0.0124814417139 0.0124814417139
0.19111931439 0.848030060726 -0.0148849997004 -0.0148849997004
-1.19561326436 1.23947642503 0.016514152402 0.016514152402
0.211894529304 0.4796781373 -0.0177038481231 -0.0177038481231
-1.25136837727 0.427491235275 0.0186207139904 0.0186207139904
0.3520327767 0.632219156367 -0.0193570800385 -0.0193570800385
-1.80111890713 0.274818753137 0.0199683222892 0.0199683222892
0.00742316844304 1.15985570749 -0.0204897520254 -0.0204897520254
-0.214238954386 1.04951607123 0.020945030949 0.020945030949
-0.335026753778 0.332255987882 -0.0213506929179 -0.0213506929179
-0.768826611814 0.582471512941 0.0217187267508 0.0217187267508
-0.186010991494 0.46928121929 -0.0220581292269 -0.0220581292269
-0.840825595422 0.452286716587 0.0223758819255 0.0223758819255
-0.132066541385 1.31112393951 -0.0226775920543 -0.0226775920543
-0.935653544957 0.767830710275 0.0229679311678 0.0229679311678
1.62927708312 1.18835347106 -0.0232509501987 -0.0232509501987
-0.523083045897 0.840160476872 0.0235303192108 0.0235303192108
1.47619047619 0.190476190476 -0.0238095238095 -0.0238095238095
-0.470590181894 0.844494723832 0.0240920413768 0.0240920413768
1.54617601886 0.0334647728596 -0.0243815164194 -0.0243815164194
0.501225786457 -0.0251208544837 0.0246819541514 0.0246819541514
1.45279846754 -0.00725023263395 -0.0249979549275 -0.0249979549275
0.623629822285 0.0761392147113 0.0253350203546 0.0253350203546
1.11837015519 -0.328801013977 -0.0256999774643 -0.0256999774643
-0.255054534309 -0.812344711526 0.0261015956663 0.0261015956663
1.41277280162 -0.0256864289389 -0.0265515234665 -0.0265515234665
-0.923230311261 -1.48933763501 0.0270657716102 0.0270657716102
1.24021248835 -0.188093610463 -0.0276671686087 -0.0276671686087
0.0342124789039 -0.545561765474 0.0283896371375 0.0283896371375
0.289156991275 -1.1159897058 -0.0292861021864 -0.0292861021864
-0.280903278465 -0.920549305309 0.0304442366887 0.0304442366887
-0.295837417861 -1.12044175901 -0.0320209154583 -0.0320209154583
-1.51141047671 -0.234614143069 0.0343277335849 0.0343277335849
-0.539053129254 0.0791605450894 -0.0380848797746 -0.0380848797746
-1.42622606322 -0.0398269776319 0.0454189056865 0.0454189056865
-0.618331189066 0.0184878143374 -0.0665749720287 -0.0665749720287
-0.452289713929 -0.00350830842095 0.972371702816 0.972371702816
