12.8786468305 6.40991806603 0.221998299429 0.245833145095
-0.252736893605 -1.33245220487 -0.07201548762 -0.0947455468692
-0.397245624226 -0.0119238416754 0.0334423507465 0.0552259738017
-1.44766874291 -0.165331105694 -0.0159002878397 -0.0368545286122
-0.559945221758 0.221194204742 0.00592200827839 0.0261348737634
-1.48639663334 -0.301358620745 0.000500160492392 -0.0190381481304
-0.0748933630896 0.774891866474 -0.00497508777078 0.0139394906291
-1.04724250098 0.0386779997639 0.0082718878174 -0.0100573056201
-0.81010852243 0.447907159445 -0.0108034009539 0.00696866760932
-1.17173687539 1.04038683104 0.0128103379213 -0.0044244082462
0.172401623359 1.04172501543 -0.0144419777949 0.00226786147141
0.325112926178 0.906648465792 0.0157953473255 -0.000395255485397
1.40787212609 1.16680863451 -0.0169357811947 -0.00126520376413
0.644161251728 0.400820439519 0.0179083753598 0.00276511106945
1.265758427 0.056862182589 -0.0187446543463 -0.00414285865431
-0.419443019877 1.04157051146 0.0194665547153 0.00542798947056
0.423657777433 0.987337811717 -0.02008879702 -0.00664402338207
-0.468289091154 1.00366620157 0.0206201997768 0.00781037088693
0.968341596618 0.988665410737 -0.0210641978162 -0.00894368994093
0.744073842389 1.05595057807 0.0214186298344 0.0100589023247
1.30627747829 0.551180907447 -0.0216746754265 -0.0111700096904
0.661719747013 0.482656128924 0.0218145727339 0.0122908082015
1.39352545893 0.248375897064 -0.0218073085939 -0.0134355809901
-0.010078192796 -0.805671676872 0.0216005693526 0.0146198434597
0.256715176866 -1.03521899302 -0.0211051733251 -0.0158612265242
-0.737985135874 -0.542540269097 0.0201629745901 0.0171806101899
-0.283232762871 -0.426736714037 -0.0184743181428 -0.018603673053
-0.685842561515 -0.58361553042 0.015411527722 0.0201631204213
-0.428071697251 -0.40930493179 -0.00943993852651 -0.0219020318993
-1.37722105453 -0.600681166371 -0.00432038042504 0.0238791056921
-0.6582127731 -0.37250508976 0.0532432117933 -0.0261772408813
-0.340435300074 -0.799795562162 0.729625588374 0.028918284583
0.253143042751 -1.57480953213 -0.123214354994 -0.0322898664798
0.646445530935 0.0963333121983 0.0920821458149 0.0365977632658
0.868359721996 -0.53313737903 -0.0850074228043 -0.0423775305172
0.265674210965 -0.306458108301 0.0865871987086 0.0506619303805
1.52237401747 -0.186799616201 -0.0955026050363 -0.0637348139745
0.515127392169 -0.707059048767 0.116761167324 0.0878531107986
1.50833498825 -0.371843415965 -0.175346751855 -0.148548755717
0.0676592910612 -0.175036572002 0.638928265305 0.613769121283
