9.0 9.0 -7.40148683083e-18 -7.40148683083e-18
3.40321514478 2.82226996004 -0.127173559399 -0.127173559399
-0.696881794653 -2.09218821992 0.124401693586 0.124401693586
1.80426350556 1.06004884338 -0.0665602650296 -0.0665602650296
1.0 -2.81256499572e-16 3.75770396523e-17 3.75770396523e-17
0.500008709181 -1.4688030364 0.0434109560969 0.0434109560969
1.60851046488 0.0518289742332 -0.0513288321272 -0.0513288321272
0.61438833737 -0.26744584202 0.0307173166183 0.0307173166183
1.0 -3.5527136788e-16 -5.27377144186e-19 -5.27377144186e-19
1.34634406571 1.01575267178 -0.022367309341 -0.022367309341
0.504208518571 0.530908628006 0.0269928011065 0.0269928011065
1.38055862124 -0.165494400175 -0.0161993675469 -0.0161993675469
1.0 1.18423789293e-16 -4.69817879821e-17 -4.69817879821e-17
-0.165623009034 0.889276267161 0.011242421121 0.011242421121
0.794131964217 0.617093480677 -0.0127954678345 -0.0127954678345
0.739994645334 -0.0556934645841 0.00698181903222 0.00698181903222
4.73695157173e-16 1.0 7.07554983084e-18 7.07554983084e-18
0.160807248497 1.33821863421 -0.00310307912681 -0.00310307912681
-0.693983687994 0.218000140248 0.0017469259761 0.0017469259761
-0.798953175394 0.166041458912 0.00061720809044 0.00061720809044
1.18423789293e-16 1.0 4.4408920985e-17 4.4408920985e-17
-0.784716883927 1.11446324504 -0.00436848318299 -0.00436848318299
-0.684769640423 0.861833816349 0.0089316397477 0.0089316397477
0.0547639205529 1.09767688954 -0.00834665479935 -0.00834665479935
-1.0 1.0 4.90030742874e-18 4.90030742874e-18
-0.580127569134 0.882996937755 0.0127975885699 0.0127975885699
0.648710601334 1.18684970302 -0.0216469197733 -0.0216469197733
-0.543947823188 0.849805900091 0.0180860705529 0.0180860705529
-1.0 1.0 5.81245412343e-18 5.81245412343e-18
-0.127920130436 1.19616880535 -0.0248378357489 -0.0248378357489
0.0372748662566 0.681114031161 0.0411632385512 0.0411632385512
-0.117020764054 1.26074592037 -0.0342948916954 -0.0342948916954
-1.0 1.0 -4.04699328455e-18 -4.04699328455e-18
-0.564907248944 0.640607110744 0.0494160065323 0.0494160065323
0.648629965265 1.6117715499 -0.0868363021565 -0.0868363021565
-0.457422854864 0.464667840397 0.0795717495672 0.0795717495672
-5.92118946467e-17 1.0 7.02056756838e-17 7.02056756838e-17
-0.00844753173812 1.96776687857 -0.179033641378 -0.179033641378
-2.49916459078 -1.33387877035 0.636037889591 0.636037889591
2.81140945916 2.52426271318 0.900110617733 0.900110617733
