12.0 5.0 -1.34572487833e-17 6.72862439167e-18
3.28132676968 1.74927985237 -0.12166220586 -0.0915924040904
-0.924691021065 -0.241235854471 0.153805732252 0.108168727803
2.37805027626 0.690751853012 -0.139263311542 -0.0930047642914
0.242641127256 0.760148026266 0.0961003673762 0.0615938384848
1.19677040806 0.00317001683872 -0.0399268130531 -0.02473802562
0.111680253909 0.961729452298 -0.0146730884277 -0.00883371268776
0.421577606404 0.330829954365 0.0557506215444 0.0327359575025
1.06077811766 0.189171690556 -0.0758003259007 -0.043532895711
-0.425420162734 1.49686179097 0.0728247431454 0.040993638597
1.54818435337 0.713523094686 -0.0502831325417 -0.027787485742
-0.304288114079 1.08069986704 0.0159075783372 0.00864068647186
-1.22984754003 1.091289591 0.0203468862066 0.0108730445906
0.249210178318 0.835494239235 -0.0487526422456 -0.0256471788823
-0.871682810534 0.828963706317 0.0621086528347 0.0321783640477
-0.859955619863 -0.539393812331 -0.0573764258833 -0.0292826634529
-1.03567202688 0.399928565588 0.0362948577921 0.0182473481505
0.0466582576576 0.98802342936 -0.00484911436325 -0.00240118236081
0.234310391096 0.88677833026 -0.0282715087345 -0.0137836690885
-0.459143876601 1.24245080397 0.0538631294855 0.0258411668186
0.84131228445 0.692997427943 -0.064533827683 -0.0304408689144
0.893284819508 1.27964844787 0.0566245312981 0.0262325057699
1.01409345058 0.840435407026 -0.0312711461874 -0.0142069965659
0.041425004034 0.970145878589 -0.00565334014856 -0.00251385840185
-0.207814485477 1.24625800764 0.0447261646769 0.0194158903943
-0.168817627314 0.561790668654 -0.0750444694912 -0.0316944674954
-1.65355235286 1.56080307792 0.0867259578998 0.0354696980658
-0.528849358058 0.379373787848 -0.0732817838739 -0.0288352382472
-1.19135859408 0.116307895916 0.0333152396135 0.0124941783925
-1.14913930833 0.13875570943 0.0288758447409 0.0101752137761
-0.52384862984 -0.60149052788 -0.104026990679 -0.033654482335
-1.70171694006 1.52773030647 0.180089719443 0.0513138542459
-0.259036563824 -0.531249641342 -0.246647627594 -0.0567073208219
-1.50811484993 -0.269903470285 0.311806168971 0.0448211313347
0.26225440148 -0.31527739164 0.982988184987 -0.0129083110059
2.32040865448 -7.59152894123 0.0998139527152 -0.0395607975914
0.353088951138 -3.37377729748 -0.0392804532096 0.112864080394
2.496139843 2.28308105095 -0.0889534827851 -0.215846696917
-1.2859908215 -1.74045507576 0.350497269439 0.43661117861
2.26544252441 1.32758705172 0.991328511686 0.950423728894
