12.0 9.0 -5.69345140833e-18 -5.69345140833e-18
0.292821485523 -0.770306073159 -0.0126987193734 -0.0126987193734
0.678055375089 -1.19818561925 0.0170394541689 0.0170394541689
0.375702323665 -0.866606811638 -0.0192511077136 -0.0192511077136
0.517299430916 -0.184509595692 0.0206049999974 0.0206049999974
1.45103037478 -0.787369239949 -0.021528612988 -0.021528612988
0.539673195481 0.46343923694 0.0222061391504 0.0222061391504
1.51539004922 1.38316971993 -0.0227300593561 -0.0227300593561
-0.259986547338 0.666631356632 0.0231519577695 0.0231519577695
0.380080115184 1.30612364261 -0.0235029277516 -0.0235029277516
-0.479459888077 0.712845414762 0.023802875328 0.023802875328
1.17385760754 1.27180540423 -0.0240651832856 -0.0240651832856
0.0929342607014 0.742069083973 0.0242992296542 0.0242992296542
0.0736142676219 1.24416238261 -0.0245118320896 -0.0245118320896
-0.0316297987396 0.770784109185 0.0247081193806 0.0247081193806
-0.524237890581 1.21130743266 -0.0248920813543 -0.0248920813543
-0.765285116329 0.812985377799 0.0250669307312 0.0250669307312
0.437691101024 1.14759033327 -0.0252353516641 -0.0252353516641
-0.29436955985 0.939736672996 0.0253996788933 0.0253996788933
-0.167043721941 0.61613737852 -0.0255620347504 -0.0255620347504
-1.15360594659 0.0595726346832 0.0257244420801 0.0257244420801
0.795172193576 1.57869886625 -0.0258889263018 -0.0258889263018
-1.05085702085 0.173679838751 0.026057617748 0.026057617748
-0.319976956427 0.443061682696 -0.0262328654719 -0.0262328654719
-0.0997369360282 1.15473228743 0.0264173759163 0.0264173759163
-0.109001500376 0.611874513714 -0.026614394861 -0.026614394861
-1.1772064515 0.138333740808 0.0268279605161 0.0268279605161
0.426264977633 1.05127836844 -0.0270632728502 -0.0270632728502
-1.83336697394 -0.340054240534 0.0273272560562 0.0273272560562
-0.0652630842637 0.0455268136836 -0.0276294519257 -0.0276294519257
-0.696619024332 -1.20991067111 0.0279835040757 0.0279835040757
-0.466182635128 0.342701470279 -0.0284097532263 -0.0284097532263
-0.336196762156 -1.54412220608 0.0289400600007 0.0289400600007
0.519541312782 -0.553145325439 -0.0296274663537 -0.0296274663537
0.602725603541 -1.41269186042 0.0305675057107 0.0305675057107
0.316874453634 -0.567578251378 -0.0319516796148 -0.0319516796148
0.773034819914 -0.24978466136 0.0342288041485 0.0342288041485
1.29567035413 0.269845226842 -0.0387566747277 -0.0387566747277
0.666905032392 -0.264781668743 0.0524666014946 0.0524666014946
0.290302864713 0.252491696593 0.99897290848 0.99897290848
