13.4632932192 5.12717052576 0.106678401451 0.106678401451
0.677229778221 -0.90472653515 -0.0386198285181 -0.0386198285181
1.33000612981 0.163098371222 0.0178365494932 0.0178365494932
0.667473483595 -0.110386092808 -0.00767553570551 -0.00767553570551
1.32941229174 0.05090003741 0.00159110820153 0.00159110820153
0.694776705279 0.574673250284 0.00250208821776 0.00250208821776
0.519917099061 1.25207646485 -0.00547555138759 -0.00547555138759
-0.442461131942 0.777240054903 0.00775818913588 0.00775818913588
0.435733312787 1.2168820102 -0.00958585460569 -0.00958585460569
-0.443963848933 0.779761949038 0.0110991898635 0.0110991898635
0.46141551983 1.22975932758 -0.0123874688029 -0.0123874688029
-0.490673672738 0.75443799064 0.0135102877648 0.0135102877648
0.54688541108 1.27015625622 -0.0145091551538 -0.0145091551538
-1.46102069305 0.689364510781 0.0154140807819 0.0154140807819
-0.306683899141 1.39010975447 -0.0162475222392 -0.0162475222392
-0.771170775663 0.341241463681 0.0170268583187 0.0170268583187
-0.183727958605 0.666517852561 -0.0177660060442 -0.0177660060442
-0.852604823942 0.307969543613 0.0184765236671 0.0184765236671
-0.110797341128 0.728712294873 -0.0191683993197 -0.0191683993197
-0.934729358819 0.212293079464 0.0198506480202 0.0198506480202
0.00835622729813 0.92332753958 -0.0205317974483 -0.0205317974483
-1.21178280874 0.850837019217 0.0212203202937 0.0212203202937
-0.744760187862 -0.0648390471067 -0.0219250606741 -0.0219250606741
-1.28773310957 -0.00767610991366 0.0226557009985 0.0226557009985
-0.683584302208 0.046260979065 -0.0234233233872 -0.0234233233872
-1.34609556645 -0.076599887234 0.0242411386667 0.0242411386667
-0.616914730379 0.110817136681 -0.0251254920612 -0.0251254920612
-1.44382896413 -0.19254752246 0.026097320507 0.026097320507
-0.365883588309 -0.936325063928 -0.027184357638 -0.027184357638
-0.40796507319 -1.10750592004 0.0284246127249 0.0284246127249
0.912513810786 -0.853275156307 -0.0298721081928 -0.0298721081928
0.121110292076 -1.21803403714 0.0316068269117 0.0316068269117
0.87841323389 -0.066800886437 -0.0337530077361 -0.0337530077361
0.901844520659 -0.156767249953 0.0365153267304 0.0365153267304
1.16150377411 -0.63265757759 -0.0402573720228 -0.0402573720228
0.811295583781 0.872000899616 0.0456940932212 0.0456940932212
1.19367469912 -0.222709648357 -0.0544530895758 -0.0544530895758
0.843285234905 0.552366227679 0.0712166405387 0.0712166405387
0.60121186077 1.18413638457 -0.117232928949 -0.117232928949
-0.409492092372 0.130913723524 0.865343171344 0.865343171344
