10.1902649762 10.0229383318 0.156307312843 0.156307312843
-0.515649368376 0.853142246541 -0.0604105981461 -0.0604105981461
-0.922246602861 1.17953411007 0.0324056816837 0.0324056816837
-0.55046309761 0.804423444478 -0.0189212972355 -0.0189212972355
-0.453390576159 1.20432623559 0.0109108254706 0.0109108254706
-1.31994441117 0.791479019237 -0.00554861910269 -0.00554861910269
0.63005489922 1.20877754741 0.00166667900169 0.00166667900169
-1.11491131632 0.795795697178 0.00130576214797 0.00130576214797
0.733439650237 1.19104847267 -0.00368099376193 -0.00368099376193
0.0677902334211 0.845923278733 0.00564453632532 0.00564453632532
1.21319991555 0.959220338319 -0.00731380062431 -0.00731380062431
0.75936106581 -0.342925445463 0.00876697431048 0.00876697431048
1.25956048689 0.292315211394 -0.0100583998287 -0.0100583998287
0.725109070315 -0.987157591526 0.0112272912889 0.0112272912889
1.28991978334 -0.0828526882287 -0.0123029415953 -0.0123029415953
0.692310778441 -0.888480547739 0.0133079785363 0.0133079785363
1.33331374704 -0.12471538099 -0.0142604887728 -0.0142604887728
0.616913783746 -0.870221939269 0.0151754632604 0.0151754632604
0.602419699149 -0.129155293006 -0.0160658279455 -0.0160658279455
0.335761612449 -0.876878277686 0.0169432213619 0.0169432213619
0.695797348937 -0.109990192668 -0.0178186246452 -0.0178186246452
0.282490953243 -0.915793713267 0.0187029193609 0.0187029193609
0.737533543499 -0.0265575007373 -0.0196074345917 -0.0196074345917
0.23532215725 -1.18955349854 0.0205445426997 0.0205445426997
0.827853177488 -0.763382427 -0.0215283724717 -0.0215283724717
-0.34181794635 -1.2596826127 0.0225757317582 0.0225757317582
0.287353242016 -0.725377597496 -0.0237073766361 -0.0237073766361
-0.271637974538 -1.28590615885 0.0249498460653 0.0249498460653
0.267096993117 -0.704667236345 -0.0263382316246 -0.0263382316246
-0.26845543738 -1.30333301655 0.0279205376272 0.0279205376272
0.277945716922 -0.692667436897 -0.0297648541249 -0.0297648541249
-0.327192673246 -1.27797139784 0.0319717574586 0.0319717574586
-0.769549773315 0.408400142825 -0.0346970396354 -0.0346970396354
-1.23658076083 -0.480116638926 0.0381964654162 0.0381964654162
-0.761490182347 1.04456261892 -0.0429223091236 -0.0429223091236
-1.2373884145 -0.0774996035927 0.0497583130966 0.0497583130966
-0.767571473786 0.360450302731 -0.0606974235981 -0.0606974235981
-1.21920058218 0.807027870402 0.081381681132 0.081381681132
-0.824546694747 1.30108609503 -0.136516669727 -0.136516669727
-0.546530650639 0.0240270687236 0.788824312958 0.788824312958
