15.0 5.0 0.0 0.0
9.6723575864 3.74950593574 -0.208264988505 -0.208264988505
0.0 1.0 0.0 0.0
-3.23346985082 0.0462293678633 0.120710678119 0.120710678119
5.55111512313e-17 1.0 0.0 0.0
1.90809120017 1.56443529683 -0.0815925843564 -0.0815925843564
0.0 1.0 -8.881784197e-17 -8.881784197e-17
-1.32876099943 0.615087184269 0.0585424783056 0.0585424783056
7.54951656745e-16 1.0 0.0 0.0
1.03544961814 1.2768739475 -0.0427040342732 -0.0427040342732
0.0 1.0 0.0 0.0
-1.17587075091 0.7985438235 0.030640039407 0.030640039407
-1.0 1.0 0.0 0.0
-0.371970696254 1.14327083575 -0.0207106781187 -0.0207106781187
0.0 1.0 0.0 0.0
0.528979968192 0.905153349571 0.012003937954 0.012003937954
1.0 1.0 0.0 0.0
0.690723542659 1.05195083716 -0.00393508534123 -0.00393508534123
0.0 1.0 0.0 0.0
-0.173694746313 0.988194743976 -0.00393508534123 -0.00393508534123
3.33258098083e-16 1.0 0.0 0.0
-0.0175687584241 0.972255720681 0.012003937954 0.012003937954
0.0 1.0 0.0 0.0
0.171810558634 1.06872642993 -0.0207106781187 -0.0207106781187
-6.2172489379e-16 1.0 0.0 0.0
-0.325461767154 0.886517248118 0.030640039407 0.030640039407
0.0 1.0 0.0 0.0
0.496149713256 1.1652641919 -0.0427040342732 -0.0427040342732
-1.99648953737e-16 1.0 0.0 0.0
-0.703516997001 0.770641384602 0.0585424783056 0.0585424783056
0.0 1.0 0.0 0.0
0.982072259926 1.31576249758 -0.0815925843564 -0.0815925843564
6.66133814775e-16 1.0 0.0 0.0
-1.41621473056 0.552918984456 0.120710678119 0.120710678119
0.0 1.0 0.0 0.0
2.43003138529 1.69110770098 -0.208264988505 -0.208264988505
1.0 1.0 0.0 0.0
-2.47188899798 -0.468370190827 0.635310236809 0.635310236809
0.0 -8.881784197e-17 1.0 1.0
9.30275246217 2.90593071043 0.635310236809 0.635310236809
