10.1273042343 7.00209926317 0.187641332209 0.207921470355
0.0665979644993 0.882984284658 -0.0614299213922 -0.081220662091
0.838628023876 1.19484074536 0.026931146498 0.0462562962492
-0.384966472628 0.661871619617 -0.0108530674769 -0.0297293417643
1.214386305 0.468964554776 0.00156633797816 0.0200042663921
-0.634212810456 0.932996630145 0.00447195333378 -0.0135325178809
0.608230818728 1.18836324951 -0.00870419870995 0.00886630947432
-0.843469764777 0.508292177749 0.0118265556781 -0.00530406383716
-0.144730444634 0.5463595115 -0.0142149022168 0.00246418344122
-0.852687323017 0.424969828338 0.0160886030808 -0.000120976971713
-0.153383842573 0.593971887599 -0.0175826845319 -0.00186789191914
-0.839178461769 0.391925752941 0.0187828718258 0.00359693833325
-0.169489390053 0.619432034917 -0.0197437318185 -0.00513169147147
-0.818763294101 0.371384655992 0.0204982980924 0.00651933372428
-0.208553502464 0.629814882567 -0.0210628586494 -0.00779503700436
-0.113905151699 0.962933663945 0.0214384404697 0.00898591432305
1.18639241226 0.0478352641633 -0.0216092684735 -0.0101135908444
0.815872860054 -0.0345670821911 0.021537292625 0.0111959488523
1.107666985 -0.0297587337441 -0.0211499530199 -0.0122483681938
0.105140518415 -0.773119563238 0.0203139591122 0.0132846585128
0.847234870201 -0.25628785476 -0.0187756908353 -0.0143178108629
-0.372173532548 -1.2906880844 0.0160088105422 0.01536065926
1.13942713281 0.0871308953191 -0.0107458354307 -0.0164265252897
-0.452576261559 -1.44567202381 -0.000967098292844 0.0175299156778
0.415618857196 -0.491224918361 0.0406071111927 -0.0186873528327
-0.440937296323 -0.917504505759 0.781666595808 0.0199184447783
0.790381159097 -0.977426851627 -0.10324818906 -0.0212473519615
0.240384864843 -0.500748687711 0.0739482589916 0.0227049016372
0.735385539457 -0.426946661582 -0.0646031839352 -0.0243317716598
0.297232956751 -0.595432374796 0.0607703338182 0.0261834893497
0.641006001502 -0.419722912407 -0.0594135622295 -0.0283386319951
-0.357710114127 -1.34762151733 0.0595779712376 0.0309129573574
0.27018457605 -0.672021053226 -0.0609750584286 -0.0340852022365
-0.188181448112 -1.36404341657 0.0636605086608 0.0381476349365
-0.00584755983574 -0.46962171263 -0.0680157059717 -0.0436144035451
-0.839395044876 -0.662030115202 0.0749577321066 0.0514829855417
-0.252510651627 -0.276940859254 -0.0866605287684 -0.0639789813865
-1.40440307227 0.0370134499709 0.109278024001 0.0872911553302
-0.738334145428 1.28334777493 -0.168850569249 -0.14748433512
-0.665628759328 0.152582650481 0.716467833492 0.695666026473
