14.0 6.0 -5.69345140833e-18 -5.69345140833e-18
1.33068577243 0.163733336507 -0.0126987193734 -0.0126987193734
0.683532362021 -0.170099337092 0.0170394541689 0.0170394541689
1.29598049601 0.179763096257 -0.0192511077136 -0.0192511077136
0.731952285594 -0.213882879211 0.0206049999974 0.0206049999974
1.22637014033 1.04730509936 -0.021528612988 -0.021528612988
0.857346535856 0.910865839086 0.0222061391504 0.0222061391504
0.321217148759 1.09272327083 -0.0227300593561 -0.0227300593561
-0.136721150805 0.91368320833 0.0231519577695 0.0231519577695
-0.679461578452 1.07395555969 -0.0235029277516 -0.0235029277516
-0.485853214162 0.944234476608 0.023802875328 0.023802875328
0.252855155856 1.02991577524 -0.0240651832856 -0.0240651832856
-0.0701576809776 1.0082056253 0.0242992296542 0.0242992296542
-0.65733816872 0.929585441656 -0.0245118320896 -0.0245118320896
-0.466679261281 1.19877207799 0.0247081193806 0.0247081193806
-0.435630733638 0.169008299274 -0.0248920813543 -0.0248920813543
-0.654453497848 0.663758265697 0.0250669307312 0.0250669307312
-0.257329783772 0.466093050838 -0.0252353516641 -0.0252353516641
-0.831582756356 0.415539513166 0.0253996788933 0.0253996788933
-0.0770508317526 0.700886339474 -0.0255620347504 -0.0255620347504
-1.01882384856 0.177792665311 0.0257244420801 0.0257244420801
0.122873475889 0.958788595145 -0.0258889263018 -0.0258889263018
-1.24379097956 -0.140936363318 0.026057617748 0.026057617748
0.410181177229 1.58857626458 -0.0262328654719 -0.0262328654719
-1.82361917603 0.578360689575 0.0264173759163 0.0264173759163
-0.324641242971 1.13548540661 -0.026614394861 -0.026614394861
-1.58270529972 -0.60920702045 0.0268279605161 0.0268279605161
-0.511564555791 0.556424374483 -0.0270632728502 -0.0270632728502
-1.26798263941 -0.684820698834 0.0273272560562 0.0273272560562
0.601335308433 -0.736660318124 -0.0276294519257 -0.0276294519257
-0.363811916332 -1.31698308573 0.0279835040757 0.0279835040757
1.55649519195 -0.660102053129 -0.0284097532263 -0.0284097532263
-0.797421985663 -1.3709420004 0.0289400600007 0.0289400600007
0.799039757053 -0.529097863749 -0.0296274663537 -0.0296274663537
0.401956939675 -0.315895914767 0.0305675057107 0.0305675057107
0.470086577615 -0.781081628841 -0.0319516796148 -0.0319516796148
0.653575167579 -0.122777789703 0.0342288041485 0.0342288041485
1.38893893634 0.206181852144 -0.0387566747277 -0.0387566747277
0.594727295466 0.852281446396 0.0524666014946 0.0524666014946
0.346444936701 0.126464819706 0.99897290848 0.99897290848
