21.3950896913 6.61578855473 0.0677191564491 0.0677191564491
-1.56004627244 -0.239106540762 -0.0205767714385 -0.0205767714385
-0.441197568174 0.232875210446 0.00572843925721 0.00572843925721
-1.55825443041 -0.227978173422 0.00161068756522 0.00161068756522
-0.443252217744 0.222843812809 -0.00603075951334 -0.00603075951334
-1.55378481716 -0.216455881539 0.00901506873318 0.00901506873318
-0.451145082913 0.207310673137 -0.0111884543258 -0.0111884543258
-1.5410708556 -0.191584129193 0.01286002633 0.01286002633
-0.471339448894 0.152256289129 -0.014200387383 -0.014200387383
-1.5075565723 0.672865993247 0.0153115519148 0.0153115519148
0.374834652952 1.2338056263 -0.0162584164421 -0.0162584164421
-1.33933103257 0.824713266183 0.017084382077 0.017084382077
0.341321244851 1.0038045691 -0.0178197244317 -0.0178197244317
-1.39192023068 -0.122938017502 0.0184863629584 0.0184863629584
0.69653770384 1.54630231174 -0.0191007227477 -0.0191007227477
-0.246893617068 0.16061276696 0.0196755312526 0.0196755312526
1.84636289217 0.178673268337 -0.0202209948535 -0.0202209948535
0.22354487657 -0.216437171791 0.0207456028068 0.0207456028068
1.75009930986 0.223278031371 -0.0212567032451 -0.0212567032451
0.259755376314 -0.219271829923 0.0217609403109 0.0217609403109
1.74127394507 1.11148417254 -0.0222646109946 -0.0222646109946
0.244969169632 -0.12698363515 0.0227739839563 0.0227739839563
1.79721047655 1.31152484003 -0.0232956152925 -0.0232956152925
-0.00566350635645 0.721791099186 0.0238366956316 0.0238366956316
0.599978858276 1.26676595432 -0.0244054689377 -0.0244054689377
-0.688072934619 0.73866861805 0.0250117777799 0.0250117777799
0.787557142482 1.25938170289 -0.0256678171606 -0.0256678171606
-1.43722607498 0.737431068263 0.026389228818 0.026389228818
0.372269783011 1.28539787568 -0.0271967596963 -0.0271967596963
-1.36456191437 -0.0851043527725 0.0281188830227 0.0281188830227
-0.511198289316 1.03892164643 -0.0291961290124 -0.0291961290124
-1.53038750421 -0.0431775948958 0.0304886092009 0.0304886092009
-0.447297661187 1.10410860948 -0.0320898912846 -0.0320898912846
-1.56778684626 -0.383586752168 0.0341545265232 0.0341545265232
-0.419743850967 0.33250955899 -0.0369580053644 -0.0369580053644
-1.59347106884 -0.327943829832 0.0410446328003 0.0410446328003
-0.386717411887 0.369042544799 -0.047662439055 -0.047662439055
-1.66388925619 -0.930590038625 0.060446073622 0.060446073622
0.357872012191 -0.905880305428 -0.0963555810701 -0.0963555810701
-0.485050488083 -0.315119811137 0.91857400033 0.91857400033
