12.0 12.0 0.0 3.08395284618e-18
1.41286266818 2.22015543829 -0.049858362025 -0.0512947984164
-2.188374303 -0.170383143511 0.0614146266626 0.0654854967475
0.759168081551 2.0901041032 -0.059644545166 -0.0671638034914
-0.761553720065 0.00869116752274 0.0510235889996 0.0622374651096
0.58915313524 1.90120261989 -0.0389004187894 -0.0533606146381
-0.193312554828 0.0164672771763 0.0257700698092 0.0422780161694
1.55062294311 0.29856053165 -0.0137411842779 -0.0303701033022
0.679890010422 -0.212103794344 0.00458932388794 0.0187824884574
1.15067918193 0.0941129953125 0.000299661761152 -0.00843528207301
1.0 -9.86864910778e-17 -2.77555756156e-17 -6.16790569236e-18
-0.00270988041426 0.807063447356 -0.00591128245217 0.0061227688875
0.0626358817294 1.28084734516 0.0173628312464 -0.00981047251521
-0.100901064238 0.644795462518 -0.0338687795952 0.0112044720555
0.161058112403 1.41334917727 0.0547137695973 -0.0106736604121
-0.520359270791 0.54379157693 -0.0793415559301 0.00875829969108
-0.938315773663 1.48538599105 0.108330823829 -0.0060991304882
0.43583042567 0.500810484959 -0.147009741914 0.00335856666438
-0.357273554326 1.46646547242 0.232350521524 -0.00114172080001
0.304077851808 -0.747325435243 0.983531763944 -7.49097348613e-05
2.0 -7.0 -3.08395284618e-18 -6.16790569236e-18
0.0592276079479 -1.79675693123 -0.049858362025 0.00143643639137
0.898194300222 0.68480744185 0.0614146266626 -0.00407087008485
0.220766196429 -1.47405211433 -0.059644545166 0.00751925832543
0.595254507929 0.181925050551 0.0510235889996 -0.01121387611
0.658209090337 -0.810735354975 -0.0389004187894 0.0144601958487
-0.129291578341 -0.780014079784 0.0257700698092 -0.0165079463602
-0.064363793976 -1.29993166339 -0.0137411842779 0.0166289190243
0.223193934933 -0.641494273307 0.00458932388794 -0.0141931645695
0.969967249525 -0.0850766370629 0.000299661761152 0.00873494383417
0.0 -1.0 -3.08395284618e-17 -1.23358113847e-17
-0.0394117473254 -1.01360310769 -0.00591128245217 -0.0120340513397
0.74705905758 -0.271560539937 0.0173628312464 0.0271733037616
0.758832466765 -0.270033079859 -0.0338687795952 -0.0450732516507
-0.861847658439 -1.71617000533 0.0547137695973 0.0653874300094
1.41091143598 -0.182683533793 -0.0793415559301 -0.0880998556212
-0.167760543296 -1.92816215652 0.108330823829 0.114429954317
0.869682411938 0.0186545337134 -0.147009741914 -0.150368308578
-1.10288945259 -2.04027315249 0.232350521524 0.233492242324
1.24442167701 1.33872444154 0.983531763944 0.983606673679
