10.0 14.0 -7.40148683083e-18 -7.40148683083e-18
3.11596344979 3.45699191222 -0.127173559399 -0.127173559399
-2.32789823359 -4.12715680001 0.124401693586 0.124401693586
1.27578146702 0.455701875379 -0.0665602650296 -0.0665602650296
1.0 -1.0 3.75770396523e-17 3.75770396523e-17
-0.222824364197 -1.82694896934 0.0434109560969 0.0434109560969
0.316537370777 -0.0920976511221 -0.0513288321272 -0.0513288321272
-0.0668080332114 -1.41862789971 0.0307173166183 0.0307173166183
1.0 0.0 -5.27377144186e-19 -5.27377144186e-19
1.28522373805 0.649345123738 -0.022367309341 -0.022367309341
0.688268484301 -1.17072872307 0.0269928011065 0.0269928011065
1.17109427632 -0.593894437476 -0.0161993675469 -0.0161993675469
1.0 2.96059473233e-16 -4.69817879821e-17 -4.69817879821e-17
0.913186962257 -0.0527627059169 0.011242421121 0.011242421121
1.06045835181 0.0208910898766 -0.0127954678345 -0.0127954678345
1.01329313651 0.123794235936 0.00698181903222 0.00698181903222
1.0 1.0 7.07554983084e-18 7.07554983084e-18
0.229481676574 1.13270612807 -0.00310307912681 -0.00310307912681
-0.106666749698 0.884529364181 0.0017469259761 0.0017469259761
0.00276175451543 1.04348081333 0.00061720809044 0.00061720809044
-5.92118946467e-17 1.0 4.4408920985e-17 4.4408920985e-17
0.155948321034 1.02072564052 -0.00436848318299 -0.00436848318299
-0.631180435621 0.927910080556 0.0089316397477 0.0089316397477
-0.890195686774 1.08129882731 -0.00834665479935 -0.00834665479935
-2.36847578587e-16 1.0 4.90030742874e-18 4.90030742874e-18
0.147724395698 0.855245246766 0.0127975885699 0.0127975885699
-0.47785869352 1.25334891046 -0.0216469197733 -0.0216469197733
-1.08387853728 0.783721341791 0.0180860705529 0.0180860705529
-3.5527136788e-16 1.0 5.81245412343e-18 5.81245412343e-18
0.51438192037 1.30282176536 -0.0248378357489 -0.0248378357489
-1.14380635349 0.49775297117 0.0411632385512 0.0411632385512
-0.477687988543 1.41645859838 -0.0342948916954 -0.0342948916954
0.0 1.0 -4.04699328455e-18 -4.04699328455e-18
-1.16060287641 0.41749547803 0.0494160065323 0.0494160065323
-0.109178140827 1.99334058178 -0.0868363021565 -0.0868363021565
-0.316882677631 0.132539851484 0.0795717495672 0.0795717495672
0.0 1.0 7.02056756838e-17 7.02056756838e-17
0.842883981873 2.53241425228 -0.179033641378 -0.179033641378
-1.93534226681 -2.52112315715 0.636037889591 0.636037889591
2.88448841735 4.15415958852 0.900110617733 0.900110617733
