12.7158093897 5.60316961456 0.0222646109946 0.0677191564491
-0.150569023918 0.939599811914 0.018191946194 -0.0205767714385
-0.965443349881 1.04984407858 -0.0284116633471 0.00572843925721
-1.15937378076 0.962226555148 0.0324347079279 0.00161068756522
-0.486030278105 1.02515770828 -0.0344293919467 -0.00603075951334
-0.346597642131 0.987988230424 0.0356249442538 0.00901506873318
-1.28902408003 0.998107848876 -0.0364865843087 -0.0111884543258
-0.152658702261 1.01701839282 0.0372206748615 0.01286002633
-0.766276055879 0.96561984575 -0.0379315549273 -0.014200387383
0.544553493126 1.05704944423 0.0386800165789 0.0153115519148
1.27408734395 -0.0127313570438 -0.0395083777471 -0.0162584164421
0.775021806221 0.0623988342554 0.0404528467411 0.017084382077
1.19736900368 -0.0955541022049 -0.0415508919759 -0.0178197244317
0.831399840957 0.136539652002 0.04284701149 0.0184863629584
1.11886957029 -0.213267441609 -0.0443988527306 -0.0191007227477
1.01411331432 0.606209106695 0.0462854067732 0.0196755312526
-0.00452874748685 0.998500817311 -0.0486196272868 -0.0202209948535
-0.867483492426 1.08534708808 0.0515696231695 0.0207456028068
0.586470564295 0.861732417882 -0.0553968058494 -0.0212567032451
-0.538085998848 1.18685785979 0.0605296579434 0.0217609403109
-0.352173026057 0.760466749072 -0.0677191564491 -0.0222646109946
-0.687402700335 1.30098970733 0.0784046543485 0.0227739839563
-0.220712060798 0.631049773944 -0.0957176151721 -0.0232956152925
0.767617446843 1.33535469942 0.127944431653 0.0238366956316
1.42101307557 -1.06049315555 -0.206289065889 -0.0244054689377
0.108210205819 1.74658149004 0.63719046438 0.0250117777799
0.749503840241 -6.51967220957 0.520986004248 -0.0256678171606
0.934419111679 -3.68167691403 -0.184974847192 0.026389228818
0.47032214292 0.724552574145 0.117191377133 -0.0271967596963
-0.402950109645 -2.06112649098 -0.0924432804445 0.0281188830227
1.36227629242 1.64909499341 0.0849629232016 -0.0291961290124
0.566200308744 -0.646833478652 -0.0900735542663 0.0304886092009
1.50397341814 0.624568428621 0.112298245545 -0.0320898912846
0.397927503667 -0.82981376456 -0.177209549487 0.0341545265232
1.65559681794 -0.303960651005 0.509695816044 -0.0369580053644
-2.93507147391 -0.555181388198 0.653223319401 0.0410446328003
-1.71684802616 -1.02936345939 -0.229546036007 -0.047662439055
0.311353566576 -1.02304677734 0.164553809644 0.060446073622
0.706638316958 -0.991825962776 -0.16877758095 -0.0963555810701
0.210300356405 -0.20056947877 0.974204670722 0.91857400033
