13.8751119885 2.57495312115 0.278432304021 0.278432304021
-1.58247695667 0.363485100101 -0.104343097564 -0.104343097564
-0.248261608693 0.635751196464 0.0615936330079 0.0615936330079
-0.870297018142 0.362106995305 -0.0420879035569 -0.0420879035569
-0.0960240218868 0.644743634632 0.0308117161017 0.0308117161017
-0.933069822398 0.339021688228 -0.0233887599145 -0.0233887599145
-0.01657869775 0.70177478815 0.0180763290041 0.0180763290041
-1.14632798195 0.14515368222 -0.0140428703111 -0.0140428703111
-0.294532673153 0.401059472085 0.0108409522213 0.0108409522213
-0.837764451771 0.487756135584 -0.00820807201149 -0.00820807201149
0.258488930876 0.887092907485 0.00597972080793 0.00597972080793
-1.13150118583 0.434333553037 -0.00404722419553 -0.00404722419553
-0.345644718395 0.901280094358 0.0023355683767 0.0023355683767
-0.662091171464 0.447570530244 -0.000790954886467 -0.000790954886467
-0.38043722276 0.455467302396 -0.000626571500791 -0.000626571500791
-0.330668086584 0.850497265817 0.00194769823665 0.00194769823665
-0.310637052591 0.508267648952 -0.00319680841338 -0.00319680841338
-0.37231448933 0.788047511397 0.00439398251507 0.00439398251507
0.265862676066 1.18599471243 -0.00555641369893 -0.00555641369893
0.113994207417 0.493807890851 0.00669946430072 0.00669946430072
0.804046208672 0.537248324563 -0.00783751039696 -0.00783751039696
0.608476588713 0.122445572198 0.00898467746183 0.00898467746183
1.36659843 -0.336930809845 -0.0101555489578 -0.0101555489578
0.648919031698 -0.468606759854 0.0113659245784 0.0113659245784
1.33905602811 0.109220438882 -0.0126337143011 -0.0126337143011
0.671981030455 0.00958107960517 0.0139800812243 0.0139800812243
1.31628401283 -0.349592389403 -0.0154309987464 -0.0154309987464
0.697943251698 -0.447300354196 0.0170194838401 0.0170194838401
1.28384764489 0.186449750316 -0.0187889443794 -0.0187889443794
0.154865373046 -0.696746221017 0.0207984105557 0.0207984105557
0.764970852403 -0.398694927363 -0.0231310740265 -0.0231310740265
-0.329161204605 -1.18464652486 0.0259089176749 0.0259089176749
-0.182522730988 -0.912000409545 -0.0293192426003 -0.0293192426003
-1.46481900723 0.0495714410019 0.0336662060566 0.0336662060566
-0.601737313687 0.755432171301 -0.0394800731842 -0.0394800731842
-1.35459225227 0.296847103975 0.0477769594638 0.0477769594638
-0.709570889671 0.677664540474 -0.0607830758655 -0.0607830758655
-0.964330768746 0.337827518822 0.0845042665833 0.0845042665833
-0.142280989103 0.651746740478 -0.142674861378 -0.142674861378
-0.475707165576 0.355544290032 0.526568714179 0.526568714179
