15.3876853822 20.8471145608 0.207921470355 0.207921470355
-0.334494474541 -1.629584688 -0.081220662091 -0.081220662091
0.348287200333 -0.387987175041 0.0462562962492 0.0462562962492
-0.35270412384 -1.60696919794 -0.0297293417643 -0.0297293417643
0.351851753979 -0.392522929518 0.0200042663921 0.0200042663921
-0.346640074586 -1.61216499452 -0.0135325178809 -0.0135325178809
0.336586191447 -0.378473911287 0.00886630947432 0.00886630947432
-0.320199796939 -1.63788780451 -0.00530406383716 -0.00530406383716
0.297937837158 -0.332242607376 0.00246418344122 0.00246418344122
-0.918367754187 -1.73390281196 -0.000120976971713 -0.000120976971713
-0.220418159121 0.0132803834482 -0.00186789191914 -0.00186789191914
-0.253102518518 -1.08639674987 0.00359693833325 0.00359693833325
0.722414341069 -0.439714634444 -0.00513169147147 -0.00513169147147
-1.30167240208 -0.810508065294 0.00651933372428 0.00651933372428
0.191058817471 -0.117217438621 -0.00779503700436 -0.00779503700436
-1.14569727135 -0.914600697599 0.00898591432305 0.00898591432305
0.128741240181 -0.0721880077397 -0.0101135908444 -0.0101135908444
-1.13371051036 -0.92510327359 0.0111959488523 0.0111959488523
0.174988274669 -0.108419637681 -0.0122483681938 -0.0122483681938
-1.39162750953 -0.689917921019 0.0132846585128 0.0132846585128
-0.539687736726 0.649174145927 -0.0143178108629 -0.0143178108629
-1.48887753664 -0.68140540171 0.01536065926 0.01536065926
-0.48647721261 0.885952453154 -0.0164265252897 -0.0164265252897
-1.55902459703 0.0317171330893 0.0175299156778 0.0175299156778
0.176724238342 1.01089364776 -0.0186873528327 -0.0186873528327
-1.20008308489 -0.0756815497312 0.0199184447783 0.0199184447783
0.590102862974 1.45093161686 -0.0212473519615 -0.0212473519615
-0.657301026127 0.560985307576 0.0227049016372 0.0227049016372
0.0374045000563 1.42709991405 -0.0243317716598 -0.0243317716598
0.158817699962 0.614212374006 0.0261834893497 0.0261834893497
0.92036958495 0.808775387693 -0.0283386319951 -0.0283386319951
-0.00276349902077 0.205365428937 0.0309129573574 0.0309129573574
1.3620767894 0.451013447602 -0.0340852022365 -0.0340852022365
0.624338300264 -0.4172211839 0.0381476349365 0.0381476349365
1.38914495096 0.265288917322 -0.0436144035451 -0.0436144035451
0.599881946337 -1.18221659063 0.0514829855417 0.0514829855417
1.40761006903 0.660650116971 -0.0639789813865 -0.0639789813865
-0.198790353364 -1.36409797261 0.0872911553302 0.0872911553302
1.51307357408 0.594284871886 -0.14748433512 -0.14748433512
-0.0372672341572 -0.559559745506 0.695666026473 0.695666026473
