17.9926775156 2.83944334319 0.186276406742 0.218560768295
-1.40273110212 0.406723302681 -0.0570460059542 -0.0852006975277
-0.653111193817 1.05432261667 0.0241130563027 0.0488980614404
-1.17239782328 0.285642411164 -0.00986135764861 -0.031812598788
0.0410299834544 0.639153232727 0.00227389128879 0.0217809824839
-0.995980011314 0.395182103706 0.00223826055361 -0.0151142914981
-0.0301344320584 0.583663161933 -0.00510451847616 0.0103120071963
-0.95083014836 0.432302574755 0.00699823255714 -0.00664840296605
-0.0651860545699 0.553409882286 -0.00827369107686 0.00372928168742
-0.919615671122 0.461654881492 0.00913234904314 -0.00132173685447
-0.0970106340767 0.519345856017 -0.00969530028326 -0.000721001106101
-0.880055408536 0.51078019094 0.0100381655199 0.00249632730477
-0.170269411842 0.419976685957 -0.0102091800948 -0.00407172988461
-0.422629511593 1.04919472312 0.010239097751 0.00549577732455
1.15976513648 0.231208358107 -0.0101468065825 -0.00680465767718
0.724583953996 -0.0911984966297 0.00994253713132 0.0080262541944
1.27103714887 0.0523534646637 -0.00962960696374 -0.00918279554898
0.779864979672 -0.670450565871 0.00920517341403 0.0102926534404
0.951277112256 0.99454432476 -0.00866019821768 -0.0113716195655
-0.353420305632 1.05120480915 0.00797864280334 0.0124338644718
0.14751681224 0.791757019057 -0.00713573975253 -0.0134927097808
-0.968886373413 0.37119998172 0.0060949610529 0.0145613069723
-0.10899899153 0.555403281105 -0.00480293693553 -0.0156532978063
-0.802736923187 0.539328624308 0.00318089704739 0.0167835279901
-0.564050089576 0.0559793430913 -0.00110982451279 -0.0179688958407
-1.40512937929 0.551885766693 -0.00159650194424 0.0192294444922
-0.623628900429 0.293537265279 0.00524354730296 -0.0205898580808
-1.34784857049 -0.196375218377 -0.0103647945159 0.0220816170885
-0.684096770941 0.163163163779 0.0179743135436 -0.0237462419042
-1.27524353014 -0.141372469871 -0.0302446738872 0.0256403825268
-0.785459997077 0.106060147438 0.0527622137373 -0.0278441627246
-1.08968416274 0.56093407662 -0.105304245496 0.0304755474672
-0.100405876865 1.25619737267 0.341868926718 -0.0337165508304
1.48925054638 -1.89769343782 0.597418350693 0.0378645340365
1.21086176996 -1.71319467483 -0.208592406251 -0.0434419954595
-0.39346171866 -0.408354448585 0.149478308061 0.0514609896811
1.20029265011 -0.559157047278 -0.134186056203 -0.0641742834283
-0.113081637835 -0.440053022875 0.14231897315 0.0878213422685
1.06147596699 -0.604579975196 -0.192999327753 -0.148458070257
-0.0239193159035 0.107988503366 0.711668349616 0.674131667908
