7.49849741724 6.95696506336 0.214711407034 0.273012395655
0.443554023841 -0.817027062644 -0.0564006112062 -0.102940936914
0.819042004129 -0.625588304316 0.0215557893528 0.0606606364697
0.982984732412 -0.595978083487 -0.00737498095781 -0.041300276784
1.11588179816 -0.183047044374 1.94010022638e-05 0.0300884071665
0.416105059402 0.455661609894 0.00435351129835 -0.0226998874787
0.598155842387 0.614890612786 -0.00719514344516 0.0174082445164
0.41058959678 0.311325266367 0.00916196808872 -0.0133884177239
0.393997170276 0.959087938512 -0.010589022114 0.0101959980727
-0.391923966641 0.870174111141 0.0116628912818 -0.00757005040279
-0.345018550093 0.42821634506 -0.0124945972185 0.00534694729392
-0.706637710971 0.515713099804 0.0131537043479 -0.00341854212292
-0.257714783592 0.510120412368 -0.0136856224393 0.00171015332771
-1.2448617848 0.00681283288315 0.0141209647484 -0.000168200188093
0.316370619379 1.04578530919 -0.0144808767683 -0.00124712509743
0.194544011044 0.413639104381 0.0147801973827 0.00256640758375
0.907918813661 0.504473299669 -0.0150293921268 -0.00381395791259
-0.126568004213 0.687966104576 0.0152357558516 0.005009804784
0.72600811412 0.748210313128 -0.015404156865 -0.00617110440855
0.0199600802257 0.451511648778 0.0155374728617 0.00731319333622
0.236375578697 1.39723018942 -0.0156367978813 -0.00845043076589
-0.488519066688 0.471073826259 0.0157014525803 0.00959693297301
-0.279705823546 0.691706163404 -0.0157287918838 -0.0107672815027
-0.978303913151 0.105476278901 0.0157137628764 0.0119772818135
-0.835112996249 0.0202843645024 -0.0156481082228 -0.0132448586502
-1.26903919748 -0.0146981371173 0.015519015005 0.0145912014372
-0.227375284937 -0.431573104053 -0.0153068338931 -0.0160423258745
-0.847026685852 -0.537938403265 0.0149811495462 0.0176313146545
0.39879233169 -0.97343574195 -0.0144937632571 -0.0194016774433
-0.685798021577 -0.782783973433 0.0137655390707 0.0214126044127
-0.116668120989 -0.360514088348 -0.0126601747711 -0.0237475456071
-0.218429854639 -1.38990076339 0.0109276257554 0.0265289176978
0.397664600956 -0.562624216248 -0.008068946783 -0.029944788121
0.305633307758 -0.6616057098 0.002965421648 0.0343007605832
0.317689713451 -0.774904352769 0.0073661536664 -0.0401300788866
0.653464221262 -0.187425298754 -0.0335886235091 0.0484557648053
1.47802905318 0.243690786804 0.149941261344 -0.061523025433
-1.76998569234 -0.587515619728 0.670930996355 0.085406169138
-0.667296057583 -0.995392460887 -0.279676651435 -0.144251201178
0.0378421793891 -0.714947562531 0.622833063517 0.542746281692
