10.515783384 7.85172487346 0.140885425841 0.140885425841
-0.729377345208 0.749117429361 -0.0538003035115 -0.0538003035115
-0.233385124097 1.26153449732 0.027992846759 0.027992846759
-0.807063679384 0.737771982828 -0.0155049531587 -0.0155049531587
-0.132025328251 1.25986560497 0.00806738530174 0.00806738530174
-0.185027185347 0.743782259458 -0.00308071452521 -0.00308071452521
-0.712301756327 1.25173304079 -0.000533353403678 -0.000533353403678
0.0168332203329 0.753706541673 0.0033029534943 0.0033029534943
0.00059222475519 1.23924934334 -0.00551751559194 -0.00551751559194
0.656731875215 0.771109469391 0.00734918847405 0.00734918847405
1.12518038669 1.21022831336 -0.00890702442267 -0.00890702442267
-0.0688389685478 0.837280466116 0.0102637019769 0.0102637019769
1.39296292045 0.870328739988 -0.0114697687103 -0.0114697687103
0.645976772009 -0.408258906929 0.0125617224591 0.0125617224591
1.3558368318 0.364757181976 -0.013566842725 -0.013566842725
0.618524987933 -1.20468417982 0.014506214049 0.014506214049
1.45334677732 0.430289783691 -0.0153966995947 -0.0153966995947
0.184119257091 -0.781924908924 0.016252285216 0.016252285216
0.791005210963 -0.253146205145 -0.0170850387073 -0.0170850387073
0.205921073031 -0.739821220887 0.0179058342759 0.0179058342759
0.807439920732 -0.257226990446 -0.0187249403165 -0.0187249403165
0.165590871436 -0.758692496575 0.0195525406985 0.0195525406985
0.903457784834 -0.184314095114 -0.0203992469357 -0.0203992469357
-0.410517597228 -1.30922591857 0.0212766568857 0.0212766568857
0.355735131296 -0.761179442555 -0.0221980245161 -0.0221980245161
-0.34339626277 -1.20779462174 0.0231791274333 0.0231791274333
0.344819724073 -0.814093983581 -0.0242394613449 -0.0242394613449
-0.354335343835 -1.16471683351 0.025403968069 0.025403968069
0.372156391237 -0.861070374178 -0.0267056461297 -0.0267056461297
-0.403543166997 -1.10077823833 0.0281896633176 0.0281896633176
0.468262975273 -0.971392863042 -0.0299201277681 -0.0299201277681
-0.69895699698 -0.787232237196 0.0319918043258 0.0319918043258
-0.274263480777 -0.25940821095 -0.0345516133786 -0.0345516133786
-0.715819451265 -0.696828976921 0.0378410226694 0.0378410226694
-0.909824025029 -0.363147097944 -0.0422876442392 -0.0422876442392
-1.17343487315 -0.497970124563 0.0487287063762 0.0487287063762
-0.787865634076 0.334916087763 -0.059057919022 -0.059057919022
-1.23142911727 -0.0107151378717 0.0786636250583 0.0786636250583
-0.780289987815 1.56701846296 -0.131405960915 -0.131405960915
-0.595249062757 -0.174124346988 0.81377145957 0.81377145957
