14.2146641051 3.36259122249 0.140885425841 0.140885425841
-1.14052676634 -0.106417834301 -0.0538003035115 -0.0538003035115
-0.937214021972 0.403252946058 0.027992846759 0.027992846759
-0.549213378254 1.16259818623 -0.0155049531587 -0.0155049531587
-0.408601709764 0.237870447826 0.00806738530174 0.00806738530174
-0.574221815596 0.705686840563 -0.00308071452521 -0.00308071452521
-0.508295490647 0.244243677518 -0.000533353403678 -0.000533353403678
-0.0749108601373 1.15385647038 0.0033029534943 0.0033029534943
-0.392653845731 0.391139796456 -0.00551751559194 -0.00551751559194
-0.674270992132 0.532484148299 0.00734918847405 0.00734918847405
0.523086189324 1.32417278384 -0.00890702442267 -0.00890702442267
-0.680037847771 0.511733902196 0.0102637019769 0.0102637019769
-0.376258365552 0.439108193301 -0.0114697687103 -0.0114697687103
-0.127417569326 1.04937228454 0.0125617224591 0.0125617224591
0.191942308162 1.02466142204 -0.013566842725 -0.013566842725
-0.213326772146 0.941117522036 0.014506214049 0.014506214049
0.219669164052 1.08498093515 -0.0153966995947 -0.0153966995947
-0.213320203126 0.88454543473 0.016252285216 0.016252285216
0.174400785471 1.17611010628 -0.0170850387073 -0.0170850387073
0.487429346594 0.138936996621 0.0179058342759 0.0179058342759
1.36375104491 0.872086890092 -0.0187249403165 -0.0187249403165
0.658955592207 -0.10505764092 0.0195525406985 0.0195525406985
1.33956815187 0.197111145557 -0.0203992469357 -0.0203992469357
0.651859473223 -0.727375081273 0.0212766568857 0.0212766568857
1.36670264632 -0.29256519421 -0.0221980245161 -0.0221980245161
0.597727080372 -0.76801925753 0.0231791274333 0.0231791274333
1.48323547925 0.0346605987782 -0.0242394613449 -0.0242394613449
0.142663443708 -0.350407825188 0.025403968069 0.025403968069
0.850635060044 -1.1754414861 -0.0267056461297 -0.0267056461297
0.112392534606 -0.872716227516 0.0281896633176 0.0281896633176
-0.684834672649 -1.14218422976 -0.0299201277681 -0.0299201277681
-0.369668049462 -0.693522960212 0.0319918043258 0.0319918043258
-0.927828428419 -0.0312157072803 -0.0345516133786 -0.0345516133786
-1.14233555473 0.576089285918 0.0378410226694 0.0378410226694
-0.818690095167 0.46590589519 -0.0422876442392 -0.0422876442392
-0.393511825963 0.537881561597 0.0487287063762 0.0487287063762
-0.609419152197 0.411345333043 -0.059057919022 -0.059057919022
-0.0617300214707 0.921783331196 0.0786636250583 0.0786636250583
0.104410671477 1.1655408967 -0.131405960915 -0.131405960915
-0.104805638133 0.147388522996 0.81377145957 0.81377145957
