22.0 14.0 1.86230958969e-16 1.86230958969e-16
5.13809655017 4.62753559276 -0.117095666001 -0.117095666001
-5.68201527459 -1.86410134952 0.124673597788 0.124673597788
1.70139716735 2.74148149391 -0.0831905697179 -0.0831905697179
-1.73529252886 0.462507712109 0.0246954827946 0.0246954827946
-1.72790027795 -0.393642432349 0.0260332268769 0.0260332268769
0.405045528539 1.35074507404 -0.05304908531 -0.05304908531
-2.29470564936 0.545889993638 0.0517536905637 0.0517536905637
-0.342719044286 1.14938163986 -0.0284433661724 -0.0284433661724
-0.932327144004 0.0487005454289 -0.00350038904346 -0.00350038904346
-0.861827223051 0.325927316649 0.0294315297035 0.0294315297035
0.603509054151 1.38974177657 -0.0391125095844 -0.0391125095844
-1.95954824058 -0.864956912781 0.0301936517265 0.0301936517265
-0.756061359482 0.267214349723 -0.00835676352864 -0.00835676352864
-0.563153304139 1.34411643104 -0.0157072202943 -0.0157072202943
-1.83499116589 -0.783274985039 0.0311138641579 0.0311138641579
-0.184197613478 -0.535307192827 -0.0313873510294 -0.0313873510294
-1.42681822877 0.00757291655733 0.017007892689 0.017007892689
-1.1206541363 -0.00265135249682 0.00505412189747 0.00505412189747
-0.473877810607 -0.538517759988 -0.0245356027672 -0.0245356027672
-1.35566101486 -1.45494153183 0.0324244237486 0.0324244237486
0.780704330345 -0.675300864281 -0.0249314969372 -0.0249314969372
-0.151714763798 -1.06623954489 0.00521959159441 0.00521959159441
-0.503958996984 -1.22411757922 0.0178591228835 0.0178591228835
0.939532016815 -0.581794535119 -0.0335323702709 -0.0335323702709
-0.967869380721 -1.42022377875 0.0338502434734 0.0338502434734
0.552109090549 -0.784662498191 -0.0174238634655 -0.0174238634655
1.17337648509 -0.883581823025 -0.00946749559345 -0.00946749559345
0.259814375157 -1.42791568747 0.0350111207589 0.0350111207589
2.01591101671 -0.435264116065 -0.0465526594556 -0.0465526594556
0.20796853961 -1.43378929688 0.0360949181722 0.0360949181722
1.09704933939 -0.947190977334 -0.00444658577425 -0.00444658577425
1.81329685009 -0.559022593869 -0.0377012559539 -0.0377012559539
-0.535935541628 -1.82948459761 0.0723474118799 0.0723474118799
2.65939324806 -0.112532235977 -0.0795037033267 -0.0795037033267
0.101750942262 -1.46261505126 0.0429748034991 0.0429748034991
-0.744715127936 -1.48581376257 0.0471950504899 0.0471950504899
3.39931808668 1.26368106924 -0.205449889999 -0.205449889999
-3.8130807318 -2.58798193733 0.571916017471 0.571916017471
5.76591322841 3.57236396904 0.918860662701 0.918860662701
