13.0135478208 5.66872498158 0.0878094067108 0.0878094067108
-0.571406882486 0.851933190912 -0.0299737243302 -0.0299737243302
0.731993583453 0.927764746092 0.0120390973011 0.0120390973011
0.625221223685 -0.238026150899 -0.00322348195754 -0.00322348195754
1.49199745742 0.0796763293303 -0.00207029023193 -0.00207029023193
-0.0502209432393 0.521398626183 0.00563791865112 0.00563791865112
0.948321259429 0.514490809064 -0.0082327891933 -0.0082327891933
0.829424568757 0.514470851628 0.0102266236483 0.0102266236483
0.349055914965 1.26469313496 -0.011824197472 -0.011824197472
0.653394258087 -0.186746523444 0.0131477865421 0.0131477865421
0.120940621989 1.36957418088 -0.0142750899139 -0.0142750899139
-0.146432208133 0.695176232508 0.0152580228411 0.0152580228411
0.130728839726 1.27131520242 -0.0161327714552 -0.0161327714552
-0.0627539155315 0.752996903935 0.0169255156343 0.0169255156343
-0.61658234041 1.22515019311 -0.0176558596291 -0.0176558596291
-0.411869817461 0.801169044624 0.0183389840367 0.0183389840367
0.208634986224 1.13799651674 -0.0189870538115 -0.0189870538115
-1.1157916123 -0.124374836775 0.0196101795032 0.0196101795032
0.141957760295 1.37620209403 -0.0202171052344 -0.0202171052344
-1.45830323868 0.412609951331 0.0208157301381 0.0208157301381
-0.617225233927 0.0556154328873 -0.0214135333118 -0.0214135333118
-1.35265832579 -0.0910622318224 0.0220179527486 0.0220179527486
-0.660692794624 0.0865663231548 -0.0226367598356 -0.0226367598356
-1.34143801133 -0.0605995851748 0.0232784701722 0.0232784701722
-0.61071423914 -0.0159597797472 -0.0239528384101 -0.0239528384101
-0.415110645538 -0.921704016067 0.0246715016407 0.0246715016407
-0.673781983311 -0.0423628972305 -0.0254488679072 -0.0254488679072
0.0922851575819 -1.27500472263 0.0263034048467 0.0263034048467
-0.471975695495 -0.805151210325 -0.0272595910423 -0.0272595910423
-0.665355415821 -1.15463657182 0.0283509973236 0.0283509973236
0.333516280647 -0.876486573056 -0.0296253730734 -0.0296253730734
-0.237307872125 -1.09259670513 0.0311534737046 0.0311534737046
1.03947551713 -0.0554548535347 -0.0330453170173 -0.0330453170173
0.0352647430896 -1.00268260152 0.0354823822929 0.0354823822929
0.922686811346 -1.09627196296 -0.0387875907689 -0.0387875907689
0.104643935557 -0.53667381926 0.04359740178 0.04359740178
0.876984933459 -0.429607220294 -0.0513657886783 -0.0513657886783
0.132411791565 -0.561883516196 0.0663005423375 0.0663005423375
0.882424328341 -0.463234322268 -0.107755572169 -0.107755572169
-0.629735062666 -0.497004645221 0.891807092478 0.891807092478
