9.03176724521 9.81014716184 0.126841766445 0.106678401451
-0.398197210045 0.948673609586 -0.0617355488338 -0.0386198285181
0.693148571504 0.748345491071 0.0438806434774 0.0178365494932
0.320938351388 0.241995925006 -0.0366668442146 -0.00767553570551
0.692161483761 0.742833934504 0.0335925698483 0.00159110820153
0.282466037985 0.283294109082 -0.032620726261 0.00250208821776
0.76011373343 0.674055658106 0.0329357606378 -0.00547555138759
0.155915285066 0.40968775293 -0.0341771618568 0.00775818913588
1.11189391067 0.322785880223 0.036196935449 -0.00958585460569
0.630454698255 -0.065368453567 -0.0389727871887 0.0110991898635
-0.102625356483 1.53795879765 0.0425827373521 -0.0123874688029
0.0421013895438 0.520209175459 -0.0472163913415 0.0135102877648
-0.0181932960096 1.473282745 0.0532267716082 -0.0145091551538
-0.785356828965 -0.292483556316 -0.0612575312114 0.0154140807819
-0.24790297509 1.38052331502 0.0725574086064 -0.0162475222392
-0.78678299399 0.602516202352 -0.0898735271366 0.0170268583187
0.105017374001 1.39852474581 0.120700583922 -0.0177660060442
0.0194199311554 0.627452382253 -0.195922599871 0.0184765236671
-0.225323493465 0.863239610597 0.816456954165 -0.0191683993197
3.2341225899 -1.42144731456 0.225168488321 0.0198506480202
0.630694723423 -0.450765292046 -0.0569739447586 -0.0205317974483
-0.304142451719 -1.66009114446 -0.00261942410526 0.0212203202937
-0.0343672368224 -0.00221503043603 0.0538641453609 -0.0219250606741
-1.03475675237 -1.05462256191 -0.143144234588 0.0226557009985
0.551830401621 0.253423097737 0.674969823056 -0.0234233233872
-0.487926073539 -3.23155251632 0.403062398183 0.0242411386667
0.501947010011 -1.58241454643 -0.171036173716 -0.0251254920612
0.359229369698 -0.878643269196 0.111969865229 0.026097320507
0.682356466014 -0.953845304987 -0.084332700787 -0.027184357638
0.298226793542 -1.18724337919 0.0681822017098 0.0284246127249
0.708208970472 -0.344851840074 -0.0576666355899 -0.0298721081928
0.316146204913 -0.568507896376 0.0504766807971 0.0316068269117
0.0265109029393 -1.12271879691 -0.0455760679717 -0.0337530077361
-0.124072829312 -0.931150497222 0.0425327605089 0.0365153267304
0.199748849128 -1.08497629338 -0.0413287645396 -0.0402573720228
-0.401250920678 -0.726096450537 0.0424341965258 0.0456940932212
-0.9568395166 0.0328203651512 -0.0473105213596 -0.0544530895758
-1.10295806295 0.494087031786 0.0605216453571 0.0712166405387
-0.897219917526 0.582015138893 -0.103227482993 -0.117232928949
-0.403026117199 -0.30192146442 0.848200383938 0.865343171344
