13.8224665729 5.55673499502 0.239001948095 0.207921470355
-1.46175288601 -0.264750683233 -0.109330695312 -0.081220662091
-0.51541681213 0.26098380734 0.0718756071249 0.0462562962492
-0.804728307581 0.450951017793 -0.0532057118351 -0.0297293417643
-0.16022709541 0.54323986122 0.0415956969878 0.0200042663921
-0.423223514583 0.94139593105 -0.0334334311344 -0.0135325178809
1.23575266673 0.355148686785 0.0272244598038 0.00886630947432
-0.549147341047 0.910658065111 -0.0222317720045 -0.00530406383716
1.08505978526 0.586732223614 0.0180459459949 0.00246418344122
-0.188119388373 0.485493037142 -0.0144186628094 -0.000120976971713
0.384177593481 1.35334561832 0.0111884767458 -0.00186789191914
-0.469346221555 0.684291334138 -0.00824405360587 0.00359693833325
0.565703312373 1.30311382912 0.00550437826924 -0.00513169147147
-0.853584117306 0.697919198235 -0.00290730772809 0.00651933372428
-0.0509591687603 1.31091603997 0.000402483882441 -0.00779503700436
-0.452609547559 0.665038547636 0.00205339326011 0.00898591432305
-0.258021435472 1.40100421426 -0.00450002217238 -0.0101135908444
-0.853071825923 0.155550017819 0.00697634799967 0.0111959488523
-0.046245434232 0.881703819335 -0.00952327610872 -0.0122483681938
-1.21016800837 -0.117248334711 0.0121866824277 0.0132846585128
-0.692940982969 0.234385331823 -0.0150212344883 -0.0143178108629
-1.34278206523 -0.93625800224 0.0180957816755 0.01536065926
0.381163552875 -0.863283121161 -0.0215016010888 -0.0164265252897
-0.485647823987 -1.2294270427 0.0253658936442 0.0175299156778
1.16250827106 -0.101761774562 -0.0298753473582 -0.0186873528327
-0.383383017498 -1.1086620233 0.0353202657265 0.0199184447783
0.847363697105 -0.43845568107 -0.0421843968668 -0.0212473519615
0.115520726929 -0.591316722421 0.0513482230095 0.0227049016372
0.930362681218 -0.345814256097 -0.0646196783044 -0.0243317716598
-0.00818717414042 -1.02999634204 0.0864397560256 0.0261834893497
1.63889155348 -0.453047577699 -0.131600074421 -0.0283386319951
0.17776559257 -0.419382926053 0.299225115894 0.0309129573574
1.23411392886 -0.985951857535 0.62334976188 -0.0340852022365
1.26405161705 -0.893380541219 -0.122255266309 0.0381476349365
0.93828821117 0.185853958573 0.05125365474 -0.0436144035451
0.0452829294259 -0.98805332461 -0.0172992169878 0.0514829855417
1.49631280579 0.419388852748 -0.00934677147798 -0.0639789813865
0.519915413852 -1.09934260428 0.0416297903963 0.0872911553302
1.52600000463 0.319224747253 -0.108083428543 -0.14748433512
-0.0479312014697 -0.289770508047 0.660932247238 0.695666026473
