9.33820933178 6.65181861877 0.1841824229 0.170671241135
0.646944844353 -1.43444962908 -0.0742355887189 -0.0664195490452
1.33775952408 -0.194717428827 0.0401091330374 0.0364116612637
0.683323503316 -0.193993986211 -0.0225785130506 -0.0220321765691
1.28369192934 0.27383285977 0.0115410482101 0.0135111817645
0.790423343987 -0.366525470089 -0.00376664634082 -0.00781603967365
0.775254497293 0.814562498981 -0.00211881997906 0.00369747177368
0.221941624738 0.17269620429 0.00680757038947 -0.000546336481484
1.4744557972 0.953270583594 -0.0106900761636 -0.0019701335544
-0.578657912239 0.912828903435 0.0140054077982 0.00404939333283
0.608621908499 1.14181341907 -0.0169094838 -0.00581629175274
-1.23821185741 0.811948289447 0.0195093693074 0.00735390687096
-0.447819533258 1.25994601094 -0.0218819304555 -0.00871994260917
-0.711745706237 0.472890648468 0.0240846553809 0.00995601446532
-0.231019422711 0.556826184848 -0.0261622906328 -0.0110931920473
-0.807925412708 0.428127744818 0.0281511289518 0.0121554624364
-0.143925282909 0.57853909452 -0.0300819340052 -0.0131619878464
-0.96853076392 0.421556581807 0.0319820653909 0.0141286409156
0.753646701635 0.570378393527 -0.0338771498759 -0.0150690985855
0.934686259896 0.451443233102 0.0357925334977 0.0159956665154
0.194512339304 1.29094596217 -0.0377546989371 -0.0169199461588
0.0902137857816 0.768459274176 0.0397928248399 0.0178534244753
0.961695758175 1.20330199422 -0.0419406957615 -0.0188080512904
-1.13421496885 0.821503958959 0.0442392547552 0.0197968669823
0.0554661484247 1.10787169076 -0.0467402576554 -0.0208347527783
-1.25618529476 -0.241311961067 0.0495118109782 0.0219394003646
-0.756346649145 0.230810765393 -0.0526472143167 -0.0231326444712
-1.2213835842 -0.236443377959 0.0562798567483 0.024442387773
-0.025471348507 -0.532679739111 -0.060609871833 -0.0259055048771
-0.964033233573 -0.459433684107 0.0659554137218 0.0275724106136
0.337090567959 -0.938158721867 -0.0728607412492 -0.0295145698455
-0.256763041125 -1.10379786888 0.0823534135624 0.0318374689753
0.975794005505 -0.0914999876429 -0.0966701550754 -0.0347043669559
0.0920815467085 -1.09313699822 0.121920495784 0.0383830031083
0.901396514281 -0.963821856599 -0.183888880545 -0.0433461714037
-0.444997863826 -0.403938314602 0.815026157765 0.0505159445871
0.295086613119 -1.49204509376 0.108705453016 -0.0619657881195
-1.3802463067 -1.01195108019 0.0171179436301 0.0835374926753
-0.699245018068 0.379004751251 -0.104131047877 -0.140542709141
-0.685573345236 -0.316472468093 0.742478036609 0.764510213178
