8.79928415186 10.7625783651 0.124357347884 0.124357347884
0.53362783831 -0.734657881823 -0.0465496018039 -0.0465496018039
0.543876830844 -0.242510790562 0.0231456066618 0.0231456066618
0.408581622794 -0.775826227569 -0.0117629979388 -0.0117629979388
0.627156584862 -0.205752891447 0.00496572276495 0.00496572276495
0.339428946026 -0.817379941898 -0.000400801248046 -0.000400801248046
0.702566657717 -0.145906056409 -0.00291140082762 -0.00291140082762
0.216883710026 -0.933598962656 0.00545183133335 0.00545183133335
1.14673455846 0.300472755592 -0.00748450148936 -0.00748450148936
0.895961339396 -0.266248385873 0.00916663895575 0.00916663895575
1.08538383539 0.263565414565 -0.0105979426602 -0.0105979426602
0.935729607169 -0.271238543308 0.0118449118346 0.0118449118346
1.02750375174 0.290307884767 -0.0129538288559 -0.0129538288559
1.05721535019 -0.342133525628 0.0139581330042 0.0139581330042
0.52872563803 0.674816211646 -0.014882832681 -0.014882832681
0.447260486079 0.904515586448 0.0157472685935 0.0157472685935
0.524517343663 1.14968572857 -0.0165669188244 -0.0165669188244
-0.253613136996 0.833135850476 0.0173546290927 0.0173546290927
0.00987407190034 1.17192652845 -0.0181214915743 -0.0181214915743
-0.963488131884 0.829885692181 0.0188775093762 0.0188775093762
-0.0123637306466 1.1621449412 -0.0196321364047 -0.0196321364047
-1.53265046374 0.853869704756 0.0203947569906 0.0203947569906
-0.553263764902 1.11590667911 -0.0211751580107 -0.0211751580107
-1.41079867051 0.949016263138 0.0219840448252 0.0219840448252
-0.607277090012 0.82190001208 -0.0228336607254 -0.0228336607254
-1.38381787067 0.203941229803 0.0237385902642 0.0237385902642
-0.61907150017 0.771757372472 -0.0247168663876 -0.0247168663876
-1.38299730515 0.257414946262 0.0257915733995 0.0257915733995
-0.609714631786 0.686479486696 -0.0269932704425 -0.0269932704425
-1.40475654424 -0.538204507673 0.0283638121667 0.0283638121667
-0.567260130521 0.534359154975 -0.0299626444076 -0.0299626444076
-1.50109539746 -0.819631659217 0.0318777083108 0.0318777083108
-0.0130042636865 -0.750727769642 -0.0342454716833 -0.0342454716833
-0.304560207469 -1.29657072199 0.0372904836761 0.0372904836761
0.395441533952 -0.68866272941 -0.0414109999446 -0.0414109999446
-0.498697635445 -1.31793720408 0.0473884122849 0.0473884122849
0.818750757641 -0.679065205894 -0.0569957016241 -0.0569957016241
0.162639340278 -1.31877740265 0.0753047087293 0.0753047087293
0.883597198495 -0.706707999702 -0.125042434478 -0.125042434478
0.0383276183339 -0.622311613614 0.839300801651 0.839300801651
