9.0 10.0 6.57909940519e-17 -8.22387425648e-18
4.92516060666 3.96268498348 -0.118007741173 -0.163062453609
-1.34911013006 -1.99839758965 0.0784791149516 0.122204863904
1.15397776927 0.109766166527 -0.00481399442184 -0.00842893207645
2.31570403542 0.733321036704 -0.0364644432749 -0.0717968643016
-0.327719956072 -0.357273832661 0.0316351467205 0.0702116321291
1.20936519291 1.10662870181 -0.0041572199973 -0.0104514497929
2.01123947984 0.736540412208 -0.0158772405493 -0.0455751013551
-0.474090248512 -0.412141126663 0.0156711523101 0.0519738118648
0.240792464012 1.20985086254 -0.00302380201762 -0.0117901518191
1.41935485156 1.5077718831 -0.00709763587491 -0.0333868141792
0.00737904411486 0.404757691834 0.00734041737175 0.0433554894708
0.140814014511 1.1648648567 -0.00165530888215 -0.0131283304518
0.37562518903 1.30082738048 -0.00218363236097 -0.0265044064867
-0.657180128319 0.623248413484 0.0014687258 0.0390120073249
0.312383883105 1.08627769838 0.000128869262763 -0.0147324168314
1.16923043737 0.439783527527 0.00127674458696 -0.0222027671105
0.549093763396 -0.579224175836 -0.00407059878386 0.0371870238939
1.23565646078 0.23411146753 0.00278789827941 -0.0168284157582
1.29419378851 0.249766494517 0.00440469154356 -0.0193656435709
0.399066268033 -0.4516394637 -0.0110592450379 0.0372891730855
1.33393276055 0.224732009992 0.00740660520803 -0.0197252370728
1.30926319807 0.185747341539 0.00816625750967 -0.0174632395482
0.272029329198 -0.382197422664 -0.022739419043 0.0393343028027
1.46398737557 0.200724782858 0.0171256376841 -0.023955760235
1.33023030414 0.094245369605 0.0144636635914 -0.0162315243349
0.0546933700241 0.160420403787 -0.0496690648694 0.0439529861637
1.70253512436 1.28641665702 0.0452119530555 -0.030594156102
1.38742607868 0.292716936603 0.0317439771612 -0.0155649852515
-0.461208488334 -0.807997848044 -0.16523029437 0.052971603002
2.31634640971 0.576657952615 0.258262172466 -0.042224510549
0.834024541979 0.196380939503 0.975256643825 -0.0155288275536
-8.04195704534 -0.853628741107 0.576863779847 0.071902540729
-8.52920040274 0.750991549435 -0.257595521302 -0.0670583714959
-1.36662934809 0.176110956004 -0.0424300370662 -0.0166739049491
-0.174363998738 -1.24734271528 0.239204774031 0.12541328574
-0.992409216414 1.45860472254 -0.232460413063 -0.152473587121
0.00481330742771 1.13530774863 -0.0309355992794 -0.0244230338902
-0.909901946277 -1.81157272834 0.874629388951 0.810555986917
2.77471111992 3.95882336368 0.780906560173 0.8352876599
