17.2834865583 5.61660975659 0.0878094067108 0.0878094067108
-1.44436408466 0.707767716829 -0.0299737243302 -0.0299737243302
-0.577317059649 0.0725114123175 0.0120390973011 0.0120390973011
-1.40976255016 -0.117603815859 -0.00322348195754 -0.00322348195754
-0.600144397832 0.149064643055 -0.00207029023193 -0.00207029023193
-1.39097488894 -0.214692138074 0.00563791865112 0.00563791865112
-0.617864650448 0.878450293011 -0.0082327891933 -0.0082327891933
-1.37278123773 0.185442894127 0.0102266236483 0.0102266236483
-0.636808451823 -0.0795055610443 -0.011824197472 -0.011824197472
-1.35922844749 0.143427983315 0.0131477865421 0.0131477865421
-0.55196480042 1.09112228172 -0.0142750899139 -0.0142750899139
0.266452101156 0.948012222477 0.0152580228411 0.0152580228411
0.854548420288 1.02446654736 -0.0161327714552 -0.0161327714552
0.0594776720444 1.03410082539 0.0169255156343 0.0169255156343
1.60398481278 0.33037006893 -0.0176558596291 -0.0176558596291
0.473292415481 -0.154070310758 0.0183389840367 0.0183389840367
1.49142150881 -0.775858494062 -0.0189870538115 -0.0189870538115
0.529200493147 -0.0907794900602 0.0196101795032 0.0196101795032
1.45704212288 0.0708432872086 -0.0202171052344 -0.0202171052344
0.552897498768 -0.0431024574471 0.0208157301381 0.0208157301381
1.4396127385 -0.0210153781386 -0.0214135333118 -0.0214135333118
0.565977900542 0.521858341118 0.0220179527486 0.0220179527486
1.43047871419 1.20935979945 -0.0226367598356 -0.0226367598356
0.569464224883 0.842196074249 0.0232784701722 0.0232784701722
1.44147044058 1.13491449258 -0.0239528384101 -0.0239528384101
0.47802802513 0.879694789187 0.0246715016407 0.0246715016407
0.272042246737 1.10806534033 -0.0254488679072 -0.0254488679072
-0.249427239501 0.905494737311 0.0263034048467 0.0263034048467
-0.115333369421 1.07339073015 -0.0272595910423 -0.0272595910423
-1.51345179978 0.980894259443 0.0283509973236 0.0283509973236
-0.54311696943 0.389884178431 -0.0296253730734 -0.0296253730734
-1.43395761743 -0.225968280301 0.0311534737046 0.0311534737046
-0.579570055874 1.10383980593 -0.0330453170173 -0.0330453170173
-1.41035330983 -0.313566570023 0.0354823822929 0.0354823822929
-0.59862111977 -0.779009347168 -0.0387875907689 -0.0387875907689
-1.39198126763 0.191652604889 0.04359740178 0.04359740178
-0.619748398402 -0.559239875751 -0.0513657886783 -0.0513657886783
-1.3617186943 -0.597138871001 0.0663005423375 0.0663005423375
-0.683142346816 0.295069352427 -0.107755572169 -0.107755572169
-0.529467359121 -0.25028718148 0.891807092478 0.891807092478
