8.22351856501 6.6902773312 0.170990023354 0.106678401451
0.690888172816 -0.50176691226 -0.0918414470484 -0.0386198285181
1.31548128999 0.414943942649 0.0632912582692 0.0178365494932
0.681868315005 -0.299853028661 -0.0473252590729 -0.00767553570551
1.32213247512 -0.246789203233 0.0366879887744 0.00159110820153
0.669664269827 -0.840233126092 -0.0288871963885 0.00250208821776
1.34934363152 1.37056411231 0.0228009260154 -0.00547555138759
0.578874206102 -0.299160056986 -0.0178372125913 0.00775818913588
0.288157835108 1.46108724249 0.0136490319039 -0.00958585460569
-0.338641864868 0.549290251057 -0.0100168790162 0.0110991898635
0.420694679156 1.49997191269 0.00679350219332 -0.0123874688029
-0.994942878927 -0.0488488559758 -0.00387521623098 0.0135102877648
-0.0611945659893 0.963598958743 0.00118583772819 -0.0145091551538
-0.948178849001 0.85694730021 0.00133288908201 0.0154140807819
0.0569187182895 1.19599032114 -0.00372731922982 -0.0162475222392
0.0760571743015 0.650530205123 0.0060359067566 0.0170268583187
1.3194680892 -0.104297785333 -0.00829201520031 -0.0177660060442
0.717976239368 0.537891682983 0.0105260321227 0.0184765236671
1.27778953574 0.563227472699 -0.0127671023733 -0.0191683993197
0.713848093084 -0.286913182764 0.015044705063 0.0198506480202
0.443242918053 1.06405320361 -0.0173902636374 -0.0205317974483
0.567379743862 -0.0426039547667 0.0198389839068 0.0212203202937
0.178790351082 1.277647988 -0.0224321626961 -0.0219250606741
-0.238697056159 0.788629670548 0.0252203159919 0.0226557009985
0.308593029583 1.17101020327 -0.0282676789648 -0.0234233233872
-0.960412170453 0.868241313036 0.0316590143279 0.0242411386667
-0.0974263825221 1.0746902718 -0.0355104102059 -0.0251254920612
-0.902848807986 0.0748208625907 0.039987262469 0.026097320507
-0.0402691914756 0.92149600897 -0.0453359103279 -0.027184357638
-1.27309235687 -0.190301618039 0.0519430438095 0.0284246127249
-0.777700014812 0.0971659617227 -0.0604566950923 -0.0298721081928
-1.19907718813 -0.02734783767 0.0720600399723 0.0316068269117
-0.82375223904 -0.0510880893787 -0.0891869749554 -0.0337530077361
-1.13066583817 0.148972861732 0.117832981637 0.0365153267304
0.121097958642 -1.39422432984 -0.178168900148 -0.0402573720228
-0.0382207102888 -0.0135675633696 0.412193254737 0.0456940932212
-0.357954633835 -2.63106269012 0.661929158641 -0.0544530895758
-0.343992076719 -4.42580673969 -0.120440367626 0.0712166405387
1.66895757363 0.958965734848 -0.00374556689473 -0.117232928949
-0.289762995768 -0.75267157836 0.783632855728 0.865343171344
