12.1872017968 4.43928478116 0.124357347884 0.124357347884
0.803117055953 -0.165998084786 -0.0465496018039 -0.0465496018039
1.21317261084 0.161999800359 0.0231456066618 0.0231456066618
0.786386642981 -0.166293289986 -0.0117629979388 -0.0117629979388
1.2035683236 0.178347534511 0.00496572276495 0.00496572276495
0.816703478808 -0.198935993602 -0.000400801248046 -0.000400801248046
0.170821206971 1.21010953539 -0.00291140082762 -0.00291140082762
0.0794936547669 0.542910799032 0.00545183133335 0.00545183133335
0.963929824337 0.407311813396 -0.00748450148936 -0.00748450148936
-0.426686935929 1.06691257245 0.00916663895575 0.00916663895575
0.324795881892 1.01344295332 -0.0105979426602 -0.0105979426602
-0.242852748295 0.951295245453 0.0118449118346 0.0118449118346
0.0644418121984 1.07064702198 -0.0129538288559 -0.0129538288559
-0.998389827366 0.912406057137 0.0139581330042 0.0139581330042
-0.0231705291414 1.10317753589 -0.014882832681 -0.014882832681
-0.999401875621 0.879748138634 0.0157472685935 0.0157472685935
0.663292597851 1.14403841314 -0.0165669188244 -0.0165669188244
-1.45838995026 0.798190871984 0.0173546290927 0.0173546290927
-0.504272245975 0.16037144391 -0.0181214915743 -0.0181214915743
-1.53557494258 -0.230947882389 0.0188775093762 0.0188775093762
-0.109375794983 0.624698732499 -0.0196321364047 -0.0196321364047
-0.221002084779 0.977034755843 0.0203947569906 0.0203947569906
-0.457032997739 1.11018244687 -0.0211751580107 -0.0211751580107
-1.44119197197 -0.114034500974 0.0219840448252 0.0219840448252
-0.572293463718 0.366223760881 -0.0228336607254 -0.0228336607254
-1.42934161495 0.666791256185 0.0237385902642 0.0237385902642
-0.558748430698 -0.117050457095 -0.0247168663876 -0.0247168663876
-1.47690037364 0.0547776296016 0.0257915733995 0.0257915733995
0.257209211281 -0.78097485378 -0.0269932704425 -0.0269932704425
-1.31168393901 -1.20015327873 0.0283638121667 0.0283638121667
0.774010085893 -0.573297110088 -0.0299626444076 -0.0299626444076
0.303221950862 -0.36311910388 0.0318777083108 0.0318777083108
0.199315612864 -1.13315330908 -0.0342454716833 -0.0342454716833
-0.297251134045 -0.960066852779 0.0372904836761 0.0372904836761
1.17076499181 -0.17910394069 -0.0414109999446 -0.0414109999446
0.739833426511 0.118532482484 0.0473884122849 0.0473884122849
1.29230292107 -0.162402096856 -0.0569957016241 -0.0569957016241
0.679827724576 0.556509411119 0.0753047087293 0.0753047087293
1.3739313977 0.538609955529 -0.125042434478 -0.125042434478
-0.0888877317998 -0.239939087656 0.839300801651 0.839300801651
