19.5 5.83333333333 0.0238095238095 0.0238095238095
-1.44056918013 -0.0463779475003 0.000583000741789 0.000583000741789
-0.605597290048 1.10192867223 -0.00851511321389 -0.00851511321389
-1.34143074162 0.987333766272 0.0124814417139 0.0124814417139
-0.741181538208 0.812701247541 -0.0148849997004 -0.0148849997004
-1.02450984967 0.128366023419 0.016514152402 0.016514152402
0.115616605708 0.914240140558 -0.0177038481231 -0.0177038481231
-1.21019660376 0.00763702220814 0.0186207139904 0.0186207139904
0.556833788851 1.32773492163 -0.0193570800385 -0.0193570800385
-0.379445110487 0.866500348446 0.0199683222892 0.0199683222892
-0.0601583207809 0.645033767381 -0.0204897520254 -0.0204897520254
-1.50021350876 0.18921313482 0.020945030949 0.020945030949
-0.677257909592 1.37963307674 -0.0213506929179 -0.0213506929179
-0.669208015662 0.795833999757 0.0217187267508 0.0217187267508
-0.236544214764 0.5116045759 -0.0220581292269 -0.0220581292269
-0.853895817964 0.357353581719 0.0223758819255 0.0223758819255
0.618114784885 1.4275170987 -0.0226775920543 -0.0226775920543
-0.531603524746 0.638032815833 0.0229679311678 0.0229679311678
0.463277266482 1.33854200025 -0.0232509501987 -0.0232509501987
0.476657607992 -0.207631443818 0.0235303192108 0.0235303192108
0.5 1.16666666667 -0.0238095238095 -0.0238095238095
0.593025768181 -0.192428370987 0.0240920413768 0.0240920413768
1.35899004624 0.157712593784 -0.0243815164194 -0.0243815164194
0.711000895779 -0.0977712147403 0.0246819541514 0.0246819541514
1.10500575661 -0.0771759253739 -0.0249979549275 -0.0249979549275
-0.204145168153 -1.03106687664 0.0253350203546 0.0253350203546
1.4508106328 0.287649774478 -0.0256999774643 -0.0256999774643
0.723520926962 -0.124830354208 0.0261015956663 0.0261015956663
0.88004196259 -0.257445989059 -0.0265515234665 -0.0265515234665
0.00543341853027 -0.875586168549 0.0270657716102 0.0270657716102
1.11235203446 0.019369663599 -0.0276671686087 -0.0276671686087
-0.623233557804 -1.57050930828 0.0283896371375 0.0283896371375
0.477889366065 -0.502216081352 -0.0292861021864 -0.0292861021864
-0.332948453503 -1.5298448937 0.0304442366887 0.0304442366887
-0.367198462188 0.152079536527 -0.0320209154583 -0.0320209154583
-0.713299989007 -1.00689696262 0.0343277335849 0.0343277335849
-0.217038327791 -0.127321150656 -0.0380848797746 -0.0380848797746
-1.58457263317 0.0185150496652 0.0454189056865 0.0454189056865
-0.507851928459 -0.846830478434 -0.0665749720287 -0.0665749720287
-0.540756430161 -0.189647264581 0.972371702816 0.972371702816
