9.5467247117 8.61167159466 0.196427185606 0.196427185606
-0.495692274621 0.964092238839 -0.0767873924899 -0.0767873924899
-0.996657787087 1.04755945358 0.0433110255989 0.0433110255989
-0.957284640273 0.991340096406 -0.027417012882 -0.027417012882
-0.201478484851 0.785712601043 0.0180431501637 0.0180431501637
-0.793104083509 0.243703156431 -0.0117963803944 -0.0117963803944
0.400491657791 1.32700875227 0.00728804171908 0.00728804171908
-0.485356329826 0.744261421537 -0.00384386360595 -0.00384386360595
-0.54070629878 1.22155330082 0.0010965859977 0.0010965859977
0.60995054563 0.809966860164 0.00117123106561 0.00117123106561
1.20887069237 0.333733670743 -0.00309683339551 -0.00309683339551
0.812740978352 -0.248628654404 0.00477141765457 0.00477141765457
1.18078003134 0.219156987803 -0.00625824903496 -0.00625824903496
0.821731420102 0.431259553284 0.00760290352102 0.00760290352102
1.17757028912 -0.49562058272 -0.00883937221386 -0.00883937221386
0.82180576488 -0.0905821533487 0.00999387063136 0.00999387063136
1.18023588242 0.0753060805317 -0.0110873186909 -0.0110873186909
0.815706591091 -0.868496222027 0.0121370249293 0.0121370249293
1.19192418023 -0.129363236479 -0.0131578846346 -0.0131578846346
0.792455137401 -1.41051337223 0.0141632810944 0.0141632810944
0.479449637975 -0.53537585816 -0.0151658130615 -0.0151658130615
0.513272236489 -0.522895328416 0.0161779359465 0.0161779359465
0.0412591817627 -0.921488752307 -0.0172125875436 -0.0172125875436
-0.0931653290859 -1.12595260359 0.0182838661723 0.0182838661723
0.111833802659 -0.861393547771 -0.019407839113 -0.019407839113
-0.121596468003 -1.14107831098 0.0206035851193 0.0206035851193
0.128177375825 -0.861580551436 -0.0218946247773 -0.0218946247773
-0.134048758234 -1.13155473642 0.023310983729 0.023310983729
0.141437356969 -0.880729518009 -0.0248923013194 -0.0248923013194
-0.154852936035 -1.09681637945 0.0266927144764 0.0266927144764
-0.577783226808 -0.185261186341 -0.0287888749297 -0.0287888749297
-0.421573849581 -0.790973398549 0.0312937745217 0.0312937745217
-1.03770806736 0.204652491441 -0.0343820098619 -0.0343820098619
-0.987560006937 -0.0596995819377 0.0383393454376 0.0383393454376
-1.06059347598 0.859239575312 -0.0436690990451 -0.0436690990451
-0.525004980135 0.196594032348 0.0513493710978 0.0513493710978
-0.476798732929 0.779306305157 -0.0635679526583 -0.0635679526583
-0.455361613184 0.23004899087 0.0864338421908 0.0864338421908
-0.936035777446 0.773273135826 -0.145907342784 -0.145907342784
-0.524054353442 0.200871367834 0.717912384993 0.717912384993
