6.0 12.0 -5.69345140833e-18 -5.69345140833e-18
1.10493470289 0.272403297948 -0.0126987193734 -0.0126987193734
0.939907664826 -0.213229439004 0.0170394541689 0.0170394541689
0.109277956725 -0.762910846924 -0.0192511077136 -0.0192511077136
0.796444358201 -0.269324667102 0.0206049999974 0.0206049999974
1.15467170549 -0.677103818562 -0.021528612988 -0.021528612988
0.863194866545 -0.429878662962 0.0222061391504 0.0222061391504
1.12676609895 0.305547258388 -0.0227300593561 -0.0227300593561
0.879842569944 -0.188062372457 0.0231519577695 0.0231519577695
1.1155673008 -0.602408438954 -0.0235029277516 -0.0235029277516
0.887532063296 -0.587778307992 0.023802875328 0.023802875328
1.11072993841 0.386295780671 -0.0240651832856 -0.0240651832856
0.889483923373 -0.248245659582 0.0242992296542 0.0242992296542
1.11235363871 -0.408111791954 -0.0245118320896 -0.0245118320896
0.882559310775 -0.858281493527 0.0247081193806 0.0247081193806
1.12857158353 0.614432870106 -0.0248920813543 -0.0248920813543
0.846554042556 -0.604918913538 0.0250669307312 0.0250669307312
1.22227835422 1.01058170226 -0.0252353516641 -0.0252353516641
0.347867437116 0.734321338394 0.0253996788933 0.0253996788933
0.00788748698142 1.29851202529 -0.0255620347504 -0.0255620347504
-0.407404899533 0.699366407447 0.0257244420801 0.0257244420801
-1.2356398987 1.29156701628 -0.0258889263018 -0.0258889263018
-0.795166446152 0.726368430702 0.026057617748 0.026057617748
-1.2615545304 1.24160140784 -0.0262328654719 -0.0262328654719
-0.421540460271 0.827814583287 0.0264173759163 0.0264173759163
-0.337875708705 0.891096443415 -0.026614394861 -0.026614394861
-0.849002507119 -0.173685665315 0.0268279605161 0.0268279605161
0.0493293256091 1.57305426371 -0.0270632728502 -0.0270632728502
-1.41822324396 0.507698610041 0.0273272560562 0.0273272560562
-0.52324739518 1.48759644738 -0.0276294519257 -0.0276294519257
-0.171856027988 0.388816301136 0.0279835040757 0.0279835040757
-1.16762427975 0.356560725857 -0.0284097532263 -0.0284097532263
-0.765978046978 0.929616759555 0.0289400600007 0.0289400600007
-0.058572731912 1.03050665358 -0.0296274663537 -0.0296274663537
-1.03820153584 -0.195185281526 0.0305675057107 0.0305675057107
0.102592823779 1.28264697596 -0.0319516796148 -0.0319516796148
-1.14697438294 -0.337754026663 0.0342288041485 0.0342288041485
0.175861419283 1.37338786592 -0.0387566747277 -0.0387566747277
-1.19083355765 -0.3999656332 0.0524666014946 0.0524666014946
0.191897337474 0.342436469481 0.99897290848 0.99897290848
