9.70019747508 6.06061447958 0.128597715542 0.124357347884
0.880798322447 0.0136714343663 -0.0491549578311 -0.0465496018039
0.797017349142 -0.368510854003 0.0240867578527 0.0231456066618
0.129723238412 -0.631096486704 -0.0109886512978 -0.0117629979388
1.45106336204 -0.401935927927 0.00239977396488 0.00496572276495
0.632149340015 -0.529448247159 0.00406191532168 -0.000400801248046
1.32020611612 0.310558221762 -0.00941143161523 -0.00291140082762
0.7442083448 -0.0804502230627 0.014174360498 0.00545183133335
0.94848431066 1.38991170967 -0.0186729694347 -0.00748450148936
-0.436781835789 0.722865601122 0.0231431151001 0.00916663895575
-0.233351403778 0.628801169719 -0.0277944148781 -0.0105979426602
-0.832163245853 0.311499563808 0.0328530702416 0.0118449118346
-0.131063887159 0.711218190597 -0.0386079391239 -0.0129538288559
-0.901542598642 0.275749284638 0.045481146932 0.0139581330042
-0.061444797633 0.735288186919 -0.0541637523939 -0.014882832681
-0.98747638339 0.251692155159 0.0659218722115 0.0157472685935
0.0620515184985 0.767550011611 -0.0834110103421 -0.0165669188244
-1.21200554799 0.198576328077 0.113383403903 0.0173546290927
-0.583739303066 0.876805737648 -0.179707427773 -0.0181214915743
-1.52002751451 -0.191720829068 0.472357849594 0.0188775093762
2.69515084505 0.183619811164 0.604347016373 -0.0196321364047
2.18020290678 -0.221857582055 -0.168623446691 0.0203947569906
0.781319422429 0.951946056149 0.0910848878442 -0.0211751580107
0.887704864776 0.925944193811 -0.0580120385624 0.0219840448252
0.29166873913 1.10010236894 0.0392270914358 -0.0228336607254
0.662408002383 0.890032346695 -0.026788513168 0.0237385902642
-0.0132915411047 1.11347418084 0.0176849912219 -0.0247168663876
-0.715909330219 0.888677609835 -0.0105116602739 0.0257915733995
-0.260573408351 1.09098524544 0.0045112783736 -0.0269932704425
-0.888116122597 -0.0112796969741 0.000777198306745 0.0283638121667
-1.03691878298 1.26360286556 -0.00567248625217 -0.0299626444076
-0.995379528968 0.454203076056 0.0104319790806 0.0318777083108
-0.988330540931 -0.0260687364817 -0.015308055279 -0.0342454716833
-1.01694601126 -0.0129012099169 0.0206077269001 0.0372904836761
-0.989533824675 0.00753359610326 -0.0267900361986 -0.0414109999446
-0.984923628922 0.0351179207629 0.0346827200316 0.0473884122849
-1.09019905031 -0.262871765468 -0.0460953057843 -0.0569957016241
-0.486745178921 -1.14458348035 0.0661294890418 0.0753047087293
-0.473819324215 -0.968611891533 -0.117537607442 -0.125042434478
-0.515560728194 -0.287427819587 0.833434004144 0.839300801651
