11.6925332784 5.04621406822 0.116880930073 0.106678401451
0.716780400533 0.162425095642 -0.0471126612695 -0.0386198285181
1.2904582121 -0.155454964559 0.0245394638149 0.0178365494932
0.703781413937 0.14948753746 -0.0124785744937 -0.00767553570551
1.30148658391 -0.143881110444 0.00434786963885 0.00159110820153
0.694383214111 0.137638490209 0.00198427617792 0.00250208821776
1.30324434684 -0.125373528517 -0.00745011875574 -0.00547555138759
-0.273145839406 1.08638249021 0.0125610868769 0.00775818913588
0.28588976386 0.906108001826 -0.0176691732938 -0.00958585460569
-0.247888892876 1.07024464734 0.0230850517921 0.0110991898635
-0.110496665959 1.00241574089 -0.0291585974989 -0.0123874688029
-1.53338587193 0.426441572137 0.0363716373633 0.0135102877648
-0.498743340917 0.522837862442 -0.0454996349169 -0.0145091551538
-1.51090568934 0.428200863392 0.0579734073872 0.0154140807819
-0.457407555653 -0.236876125974 -0.0768664511442 -0.0162475222392
-1.59950155384 1.30582432487 0.11034811954 0.0170268583187
-0.303698257891 -0.782730526557 -0.190017014708 -0.0177660060442
-1.68324965968 1.12428667862 0.670320787264 0.0184765236671
4.99716576736 -4.7886672201 0.423437075551 -0.0191683993197
2.09438840009 -0.854174110876 -0.155869726119 0.0198506480202
-0.168580593401 1.14708328588 0.96206665667 -0.0205317974483
1.11637591392 3.16336660007 -0.0635656685143 0.0212203202937
0.778734336893 0.968170775167 0.0466314695742 -0.0219250606741
-0.271351044808 0.949860397856 -0.0352569554822 0.0226557009985
0.259813712409 1.07466631475 0.0268910523636 -0.0234233233872
-0.261630067383 0.901466316735 -0.0203149572573 0.0242411386667
-0.468765181509 1.14267101622 0.0148660196512 -0.0251254920612
-0.613745240763 0.730045230355 -0.0101451595174 0.026097320507
-0.342330629267 0.344101351551 0.00588816948919 -0.027184357638
-0.684581771925 0.625796380859 -0.0019010983554 0.0284246127249
-0.302653739222 0.385576147109 -0.00197755722278 -0.0298721081928
-0.676385407684 0.637671234889 0.00590476138324 0.0316068269117
-0.982138967065 -0.303178196514 -0.0100618548847 -0.0337530077361
-1.10578566041 1.01618195799 0.0146973171663 0.0365153267304
-0.851170735853 0.0538301008697 -0.0202094969618 -0.0402573720228
-1.1742933408 0.970631596008 0.0273419319276 0.0456940932212
-0.810732488353 -0.302481866995 -0.0377466624914 -0.0544530895758
-1.19331687451 0.23071104179 0.0561277712629 0.0712166405387
-0.830995250011 -0.200515847239 -0.103753809014 -0.117232928949
-0.452068067412 0.182996376427 0.853485969107 0.865343171344
