14.0 10.0 0.0 0.0
0.814467357116 1.50863557611 -0.0253141048256 -0.0253141048256
-1.79751848176 0.452058613161 0.0332659354587 0.0332659354587
0.743615381255 1.63681148454 -0.0362587720026 -0.0362587720026
-1.65650725567 -0.468728837781 0.0369108382567 0.0369108382567
0.539679060871 1.30650708085 -0.0361501990165 -0.0361501990165
-1.39661604819 -0.107944474858 0.0344217922128 0.0344217922128
0.230742962511 0.829092078731 -0.0319938149118 -0.0319938149118
-1.04504721554 0.931558938218 0.0290596878669 0.0290596878669
-0.158953731372 1.11759799478 -0.0257777985526 -0.0257777985526
-0.615577356549 0.870366561943 0.0222883367499 0.0222883367499
-0.653506545378 1.12929435577 -0.0187204813349 -0.0187204813349
0.152581256836 0.874229531822 0.0151951088208 0.0151951088208
-0.0493696216875 1.12520561819 -0.0118252866554 -0.0118252866554
-0.0123474325252 0.864520340401 0.00871564465372 0.00871564465372
0.147709304749 1.17625435056 -0.00596120272135 -0.00596120272135
1.17004553469 0.643567396109 0.00364598765306 0.00364598765306
0.900582965209 -1.10332358838 -0.00184164613246 -0.00184164613246
1.06560879351 0.175960940018 0.000606191786493 0.000606191786493
0.964366253725 -0.0888724959294 1.70171802408e-05 1.70171802408e-05
1.0 -1.0 1.31473779232e-17 1.31473779232e-17
1.04798426707 -0.960984478272 -0.000669476158262 -0.000669476158262
0.880587730636 -1.13080529676 0.00198791492502 0.00198791492502
1.25300908401 0.0389073851379 -0.00393652709454 -0.00393652709454
-0.14226450309 -0.886496636975 0.00648210809613 0.00648210809613
1.05174183632 -0.942891602256 -0.00957838123253 -0.00957838123253
0.0545141433043 -1.21459812768 0.0131678423169 0.0131678423169
0.808664326955 -0.127197760667 -0.0171841694633 -0.0171841694633
0.397075967164 -0.599780609397 0.0215553218912 0.0215553218912
-0.0130365519934 -1.05815723625 -0.0262075748865 -0.0262075748865
-0.13633476118 -1.05695504804 0.0310709939191 0.0310709939191
0.244339161468 -0.867748539792 -0.0360874046928 -0.0360874046928
-0.341934938861 -1.19352192424 0.0412231944778 0.0412231944778
0.451062235857 -0.750336913083 -0.0464924997795 -0.0464924997795
-0.676184742564 -1.3112550658 0.0520054167113 0.0520054167113
-0.661046543912 -0.556003166177 -0.0580856588842 -0.0580856588842
-1.45548962129 -0.0524555438289 0.0656228342677 0.0656228342677
-0.480084643222 1.34721160643 -0.0775032922379 -0.0775032922379
-1.54985422682 -0.526562861572 0.109090639409 0.109090639409
0.712770282548 0.503156144448 0.995887062876 0.995887062876
