10.029622286 4.70047436883 0.0832306806687 0.0677191564491
0.991392404502 -0.232153027269 -0.0343609003337 -0.0205767714385
1.02840671778 0.429552368874 0.0178413615416 0.00572843925721
0.974013351319 0.647935725826 -0.00886468078215 0.00161068756522
0.999630635875 0.0205464322573 0.00281989771901 -0.00603075951334
1.08280277016 -0.184140946273 0.00179644484178 0.00901506873318
0.37436401838 0.757335616915 -0.00562971773392 -0.0111884543258
0.534790514732 0.320711092057 0.00901098050967 0.01286002633
0.517766975672 0.629475829087 -0.0121354107994 -0.014200387383
-0.318734297278 1.17918318421 0.0151337352998 0.0153115519148
0.229529499506 0.870794016981 -0.0181057263265 -0.0162584164421
-1.21455030946 1.11267807076 0.0211386914654 0.017084382077
0.436666914966 0.886906033896 -0.0243200896366 -0.0178197244317
-0.64528570224 1.12804045261 0.0277488588419 0.0184863629584
-0.501148115506 0.836057360729 -0.031548849121 -0.0191007227477
-0.0645921664552 1.25361245653 0.0358884729132 0.0196755312526
0.593249471853 0.201947012631 -0.0410137080158 -0.0202209948535
1.11905817156 0.681205698412 0.0473094518358 0.0207456028068
0.917325572943 1.03510525001 -0.0554250562826 -0.0212567032451
1.09078190678 1.07492650467 0.0665613873513 0.0217609403109
-0.0296222860299 0.799525631173 -0.0832306806687 -0.0222646109946
1.13492455762 0.310137416038 0.111744814189 0.0227739839563
-0.492704322646 0.720010928817 -0.173825993346 -0.0232956152925
0.871804127754 1.54073227769 0.427686478892 0.0238366956316
-2.84340450905 -2.98855744537 0.708701102105 -0.0244054689377
-4.45467200692 -4.05846063084 -0.176720771535 0.0250117777799
0.183396748167 1.95319325354 0.0938546205048 -0.0256678171606
-1.19479782862 0.230665471797 -0.059478361103 0.026389228818
0.831187486418 1.63309495842 0.040185903184 -0.0271967596963
-0.716561651428 0.437463403099 -0.0274598723513 0.0281188830227
-0.229529499506 0.629205983019 0.0181057263265 -0.0291961290124
-0.740093129251 0.400528093179 -0.0106217032518 0.0304886092009
-0.417204826045 0.439563718411 0.00416117125768 -0.0320898912846
-1.73181653045 -0.673841124447 0.00186268178594 0.0341545265232
0.380920000102 -0.71301454682 -0.00799168019145 -0.0369580053644
0.223226620946 -1.4290803804 0.0149436600233 0.0410446328003
0.810232045574 -0.00708749142449 -0.0240850428627 -0.047662439055
0.176538849599 -0.913439367691 0.0391345125511 0.060446073622
0.838641552456 -0.130421174571 -0.0771139270605 -0.0963555810701
0.133534889274 -0.075867020819 0.901253355777 0.91857400033
