10.0 12.0 3.52021934637e-17 3.52021934637e-17
-1.3058293324 -1.25540285376 0.0123826178158 0.0123826178158
0.403271569533 -0.787089200195 -0.0164756780662 -0.0164756780662
0.695676383233 -1.14038338857 0.0185347976164 0.0185347976164
1.260320121 0.182950847343 -0.019786673058 -0.019786673058
-0.356138263268 -1.24064093155 0.0206369581156 0.0206369581156
1.51422276925 0.386842503581 -0.0212587795628 -0.0212587795628
0.531416130956 -0.340686794979 0.0217385179891 0.0217385179891
1.45072639606 0.332213830874 -0.0221241389519 -0.0221241389519
0.563675799232 -0.340526912102 0.0224444563122 0.0224444563122
1.41529766471 0.367048032901 -0.0227178669031 -0.0227178669031
0.632923152065 -0.431867988943 0.0229567111664 0.0229567111664
1.15553410354 0.676937880594 -0.0231696199267 -0.0231696199267
-0.385675285831 0.479133204972 0.0233628565914 0.0233628565914
1.819318154 0.37444788643 -0.0235411250866 -0.0235411250866
0.00656127003296 0.998891754168 0.0237080785581 0.0237080785581
0.483388793289 1.11547662687 -0.0238666534135 -0.0238666534135
-0.567069269718 0.810819080466 0.0240192982475 0.0240192982475
0.666089026821 1.29121734692 -0.0241681384263 -0.0241681384263
-1.08377555555 0.296049502591 0.024315101533 0.024315101533
-0.112748703257 0.469511147088 -0.0244620203335 -0.0244620203335
-0.67470103967 1.09811354755 0.024610725378 0.024610725378
-0.979859706163 0.988663161549 -0.0247631373625 -0.0247631373625
-0.637107074364 0.973941768352 0.024921369333 0.024921369333
0.306287330856 1.04664131618 -0.0250878506979 -0.0250878506979
0.281700473699 0.940308556941 0.0252654894082 0.0252654894082
0.947157499562 1.06986730028 -0.0254578969632 -0.0254578969632
-0.697487161817 0.916686556282 0.0256697160196 0.0256697160196
0.696619208303 1.12567835019 -0.0259071182813 -0.0259071182813
-1.29576949423 0.289075810383 0.0261785936118 0.0261785936118
-0.549873144866 -0.221261820908 -0.0264962579393 -0.0264962579393
-1.48376720643 0.99049998387 0.0268781339259 0.0268781339259
-0.498622849012 -0.589235721901 -0.0273523749998 -0.0273523749998
-1.51705321446 -0.411309793235 0.0279656919041 0.0279656919041
-0.463495709012 0.247527852915 -0.0288018377032 -0.0288018377032
-1.56664665791 -0.186738784054 0.0300276478108 0.0300276478108
-0.374710039008 0.149042926882 -0.0320304125295 -0.0320304125295
-1.79716365913 -0.903225576003 0.035962395607 0.035962395607
7.19700800845 -5.71034436343 -0.0474746648521 -0.0474746648521
-0.0699443909652 -0.449116548977 0.998972844211 0.998972844211
