6.42602058437 20.8072991965 0.0878094067108 0.0878094067108
0.854088228895 -0.399788549204 -0.0299737243302 -0.0299737243302
1.15909667741 0.414506785046 0.0120390973011 0.0120390973011
0.83711833857 -0.417376980448 -0.00322348195754 -0.00322348195754
1.16268246982 0.405946388925 -0.00207029023193 -0.00207029023193
0.839959173112 -0.353284722327 0.00563791865112 0.00563791865112
1.1553218855 -0.298965079152 -0.0082327891933 -0.0082327891933
0.851752536629 -0.77870952995 0.0102266236483 0.0102266236483
1.13781243478 0.694903895785 -0.011824197472 -0.011824197472
0.878453779314 -0.80839378902 0.0131477865421 0.0131477865421
1.09265781864 -0.214821000456 -0.0142750899139 -0.0142750899139
0.975408014141 -0.706312100842 0.0152580228411 0.0152580228411
0.629536983745 -0.743457101921 -0.0161327714552 -0.0161327714552
-0.199129604023 -1.32197369724 0.0169255156343 0.0169255156343
-0.491988400996 -0.688225948457 -0.0176558596291 -0.0176558596291
-1.31128259123 -0.54489306892 0.0183389840367 0.0183389840367
0.149923742443 -0.446503635883 -0.0189870538115 -0.0189870538115
-1.2357599667 -0.383354663712 0.0196101795032 0.0196101795032
-0.781081408137 0.176042740003 -0.0202171052344 -0.0202171052344
-1.20549240884 -1.30981427984 0.0208157301381 0.0208157301381
-0.806833789432 0.839142440815 -0.0214135333118 -0.0214135333118
-1.18036229934 -1.31830667369 0.0220179527486 0.0220179527486
-0.83449620943 0.211987620236 -0.0226367598356 -0.0226367598356
-1.14694181499 -1.17338511411 0.0232784701722 0.0232784701722
0.0216096307488 -0.724454118752 -0.0239528384101 -0.0239528384101
0.0959384834025 -1.18085145361 0.0246715016407 0.0246715016407
0.914425852817 0.244730904084 -0.0254488679072 -0.0254488679072
0.0189081877216 -1.5689404784 0.0263034048467 0.0263034048467
1.41729871494 -0.544417680827 -0.0272595910423 -0.0272595910423
0.667951534093 -0.946480664396 0.0283509973236 0.0283509973236
1.29652224842 0.68380578224 -0.0296253730734 -0.0296253730734
0.72309372038 -0.650528314562 0.0311534737046 0.0311534737046
1.26463360765 0.668754662373 -0.0330453170173 -0.0330453170173
0.74338004003 -0.793361040659 0.0354823822929 0.0354823822929
1.25167234735 -0.258632248632 -0.0387875907689 -0.0387875907689
0.750380065719 -0.418762667006 0.04359740178 0.04359740178
1.25144073516 0.506902813496 -0.0513657886783 -0.0513657886783
0.738962748436 -0.595840010528 0.0663005423375 0.0663005423375
1.29755155795 1.27581731931 -0.107755572169 -0.107755572169
-0.0769003157657 -0.228894825125 0.891807092478 0.891807092478
