16.6109420408 7.27675193821 0.237469813685 0.237469813685
-1.44761916041 -0.177093690631 -0.0919325352849 -0.0919325352849
0.00153042061012 0.725103895629 0.0533618567077 0.0533618567077
-0.953542642526 0.342752723669 -0.0353594914155 -0.0353594914155
-0.0766976752288 0.58570816243 0.0248339714305 0.0248339714305
-1.58040063968 -0.0946517580499 -0.0178571428571 -0.0178571428571
-0.478034627896 0.904540758739 0.0128403768166 0.0128403768166
-1.47408789462 -0.370335424517 -0.00901815999765 -0.00901815999765
0.461946889959 1.29552249194 0.00597575816687 0.00597575816687
-0.479377372181 0.712695532502 -0.00346860390646 -0.00346860390646
1.18917986784 1.2684003161 0.00134281299199 0.00134281299199
-0.464780388945 0.751178985442 0.000503604017914 0.000503604017914
0.445355552349 1.22263407516 -0.00214124370622 -0.00214124370622
-0.393318290297 0.834406457568 0.0036208632263 0.0036208632263
-0.0697091846026 0.698990471755 -0.00498024754303 -0.00498024754303
-1.61491556843 0.332637205067 0.00624848453477 0.00624848453477
-0.429649898579 0.337832968983 -0.00744874186314 -0.00744874186314
-1.55742886915 -0.332488633635 0.00860014832297 0.00860014832297
-0.441942114763 0.368093972793 -0.00971912854336 -0.00971912854336
-1.57623454111 -0.817189308545 0.0108204035538 0.0108204035538
0.393280578173 -0.882465545359 -0.0119177949309 -0.0119177949309
-0.517671733956 -1.14035604265 0.0130249298579 0.0130249298579
1.11074603564 -0.893875853483 -0.0141559252021 -0.0141559252021
-0.130310032915 -0.876036536124 0.015326124744 0.015326124744
1.59714929244 -0.195198411764 -0.0165529738181 -0.0165529738181
0.288330376526 -0.784038961864 0.0178571428571 0.0178571428571
0.83694259895 -0.222384577074 -0.0192640642416 -0.0192640642416
0.166852117664 -0.783085590973 0.0208061435195 0.0208061435195
0.646747208739 -0.18011771508 -0.0225260833515 -0.0225260833515
-1.00781431719 -1.26015231865 0.0244820935313 0.0244820935313
0.634753712667 -0.763101938054 -0.0267564220454 -0.0267564220454
-0.577790102088 -1.23187928337 0.0294700238706 0.0294700238706
0.582824043655 -0.764706535211 -0.0328092739589 -0.0328092739589
0.425206781949 -1.26413159003 0.0370781455209 0.0370781455209
1.54784012773 -0.317980031193 -0.0428095854145 -0.0428095854145
0.449427745342 -0.554361714254 0.0510327823084 0.0510327823084
1.57030250674 0.719735074854 -0.0640284540609 -0.0640284540609
0.357294280512 0.362045416204 0.0880667208593 0.0880667208593
0.877572105854 1.43966443876 -0.148921652446 -0.148921652446
0.0771007704443 0.15550800329 0.63319103835 0.63319103835
