18.1191234319 23.5583872573 0.0878094067108 0.0878094067108
-0.373074712667 -1.55329369761 -0.0299737243302 -0.0299737243302
0.378169872121 -0.434456974442 0.0120390973011 0.0120390973011
-0.367864120146 -1.57883250694 -0.00322348195754 -0.00322348195754
0.339272167043 -0.407283284364 -0.00207029023193 -0.00207029023193
-0.263932075698 -1.60825364425 0.00563791865112 0.00563791865112
-0.419822477283 -0.372767904795 -0.0082327891933 -0.0082327891933
-0.610034201221 -1.65289775447 0.0102266236483 0.0102266236483
0.441030889546 -0.307451619149 -0.011824197472 -0.011824197472
-0.329446322871 -1.76878420844 0.0131477865421 0.0131477865421
0.0567731648085 0.0253083658629 -0.0142750899139 -0.0142750899139
-1.06879855343 -1.00469933357 0.0152580228411 0.0152580228411
0.0761907089739 -0.00616326555378 -0.0161327714552 -0.0161327714552
-1.12474349733 -0.94930875649 0.0169255156343 0.0169255156343
0.791786686616 -0.688110380561 -0.0176558596291 -0.0176558596291
-1.45645902394 -1.41722491863 0.0183389840367 0.0183389840367
0.356476593524 -0.480561717892 -0.0189870538115 -0.0189870538115
-1.32681258105 -0.581057151108 0.0196101795032 0.0196101795032
0.364639297603 -0.48135400599 -0.0202171052344 -0.0202171052344
-1.6798501103 -0.120997526714 0.0208157301381 0.0208157301381
-0.403085612194 -0.242352945705 -0.0214135333118 -0.0214135333118
-1.5535510051 -0.904654408406 0.0220179527486 0.0220179527486
-0.48208370652 0.558801353081 -0.0226367598356 -0.0226367598356
-1.47806912392 0.287530823759 0.0232784701722 0.0232784701722
-0.583168369658 0.653501438603 -0.0239528384101 -0.0239528384101
-1.25175973881 -0.495342558376 0.0246715016407 0.0246715016407
0.238618388329 1.70300062842 -0.0254488679072 -0.0254488679072
-1.2769243948 0.338574038683 0.0263034048467 0.0263034048467
0.649449241709 1.65255696021 -0.0272595910423 -0.0272595910423
-0.0646552854018 0.340344295324 0.0283509973236 0.0283509973236
1.76271228622 1.69652545311 -0.0296253730734 -0.0296253730734
0.304568674682 -0.474563526662 0.0311534737046 0.0311534737046
1.6665374547 0.576124641175 -0.0330453170173 -0.0330453170173
0.345777781095 -0.608241391967 0.0354823822929 0.0354823822929
1.65504194715 0.634626248244 -0.0387875907689 -0.0387875907689
0.325056141661 -0.67167545253 0.04359740178 0.04359740178
1.74650597793 0.754217033543 -0.0513657886783 -0.0513657886783
-0.298023969195 -1.30808709271 0.0663005423375 0.0663005423375
1.22074895263 0.206251099092 -0.107755572169 -0.107755572169
-0.204098554466 -0.422889164606 0.891807092478 0.891807092478
