11.0 8.0 1.00929365875e-17 6.72862439167e-18
2.20629117275 2.26869486843 -0.111265983969 -0.0915924040904
-1.77568034377 0.0357124441237 0.139975283037 0.108168727803
0.904043990648 1.64386070038 -0.127034475702 -0.0930047642914
-1.79461232206 0.646980222061 0.0882087955683 0.0615938384848
0.470772754012 1.12139022437 -0.0369599384511 -0.02473802562
0.152622409189 1.03809270226 -0.0137173472291 -0.00883371268776
-0.544597633469 0.872086887078 0.0526845855478 0.0327359575025
0.722552814767 1.16178094475 -0.0724588985075 -0.043532895711
-0.715214839454 0.84186380226 0.0704601448492 0.040993638597
0.608309434086 1.13148429907 -0.0492696981749 -0.027787485742
0.929317822541 0.928316985162 0.0157950597972 0.00864068647186
0.887062681327 0.0534988847449 0.0204870453865 0.0108730445906
1.28181695405 0.0192692313754 -0.0498201448656 -0.0256471788823
0.641862173147 -0.478900599878 0.0644796021323 0.0321783640477
1.32354782919 -1.02151172845 -0.0605906016355 -0.0292826634529
0.803060561437 0.351652886413 0.0390468979633 0.0182473481505
1.02475153721 -0.0534420623176 -0.00532490160308 -0.00240118236081
1.12920137697 -1.14920445495 -0.03176649735 -0.0137836690885
0.816613444275 0.479817023891 0.0621228999552 0.0258411668186
0.873898326361 1.13198550178 -0.0767148760922 -0.0304408689144
-0.455977781908 1.00986208553 0.0697633443461 0.0262325057699
0.21405795068 0.956974689767 -0.0402342190257 -0.0142069965659
0.0353915867028 0.987146127635 -0.00767861710676 -0.00251385840185
-0.262303508455 1.13879951717 0.0651724846533 0.0194158903943
0.415834057784 0.700085821765 -0.120346734845 -0.0316944674954
-0.45470371383 1.44066649132 0.15997961276 0.0354696980658
0.362347078576 0.520539361336 -0.169783692003 -0.0288352382472
-0.154141070041 1.28590514928 0.121920417561 0.0124941783925
-0.123298686237 0.590239530769 1.00095652798 0.0101752137761
0.400372064118 -7.84740914793 0.266706094516 -0.033654482335
-0.598517936322 -5.68420057921 -0.145941863289 0.0513138542459
0.646949199972 1.10348008786 0.0705346471794 -0.0567073208219
-0.498285373832 -2.02026699281 -0.0202980929015 0.0448211313347
0.139051410436 -0.794124719302 -0.000303351943944 -0.0129083110059
0.409589918016 -0.533650832846 -0.013653689047 -0.0395607975914
-1.11400590617 -1.9896631014 0.0653896671416 0.112864080394
2.15052342394 0.326383975331 -0.163939600435 -0.215846696917
-1.148402023 -2.36922694865 0.394685552546 0.43661117861
2.12020219668 1.8520004188 0.972976985503 0.950423728894
