14.6428571429 4.07142857143 0.0238095238095 0.0238095238095
-0.422805095191 0.837738727194 0.000583000741789 0.000583000741789
0.47920586845 1.14982785303 -0.00851511321389 -0.00851511321389
-0.605339307742 0.772793540653 0.0124814417139 0.0124814417139
-0.505882954301 0.0754816538773 -0.0148849997004 -0.0148849997004
-0.213567541068 1.24403457302 0.016514152402 0.016514152402
0.0754679636147 0.574049117897 -0.0177038481231 -0.0177038481231
-1.3315483745 0.229584032668 0.0186207139904 0.0186207139904
0.8545930981 1.18413561588 -0.0193570800385 -0.0193570800385
-1.19431240529 0.899910173241 0.0199683222892 0.0199683222892
0.0402493973017 1.06478250115 -0.0204897520254 -0.0204897520254
-0.938889707893 0.955869230625 0.020945030949 0.020945030949
-0.194751421412 1.02995919374 -0.0213506929179 -0.0213506929179
-0.161083871729 0.980341380336 0.0217187267508 0.0217187267508
0.24351669362 1.01299129567 -0.0220581292269 -0.0220581292269
-0.270996620071 0.986935450691 0.0223758819255 0.0223758819255
0.251654263323 1.03970858135 -0.0226775920543 -0.0226775920543
0.507378903295 0.209034307521 0.0229679311678 0.0229679311678
1.41096001038 -0.159824536195 -0.0232509501987 -0.0232509501987
0.611808340219 1.07075997613 0.0235303192108 0.0235303192108
1.35714285714 -1.07142857143 -0.0238095238095 -0.0238095238095
-0.345544575607 -0.788355939327 0.0240920413768 0.0240920413768
1.42433682662 0.887933646826 -0.0243815164194 -0.0243815164194
0.635482553924 0.0430981280266 0.0246819541514 0.0246819541514
1.20356537454 -0.25811042339 -0.0249979549275 -0.0249979549275
-0.319950761112 -0.82763405921 0.0253350203546 0.0253350203546
1.46651355974 -0.0528227844784 -0.0256999774643 -0.0256999774643
-0.883492766183 -1.3344724622 0.0261015956663 0.0261015956663
1.133507926 -0.454167601344 -0.0265515234665 -0.0265515234665
0.090974606828 -0.259693431958 0.0270657716102 0.0270657716102
0.423598046291 -1.36529032595 -0.0276671686087 -0.0276671686087
-0.892565174044 -0.245889110275 0.0283896371375 0.0283896371375
-0.831656210967 -0.139320499915 -0.0292861021864 -0.0292861021864
-0.666447156869 0.780673257543 0.0304442366887 0.0304442366887
-0.0893797612929 0.380578301924 -0.0320209154583 -0.0320209154583
-1.76635020791 -0.152624405065 0.0343277335849 0.0343277335849
0.472833505943 0.731793203446 -0.0380848797746 -0.0380848797746
-0.693813278592 1.36789977645 0.0454189056865 0.0454189056865
3.28699843761 -3.62095216174 -0.0665749720287 -0.0665749720287
-0.189030088778 -0.469803396895 0.972371702816 0.972371702816
