12.0 7.0 4.20084387696e-17 4.20084387696e-17
1.90773434329 -0.399308400973 -0.0387739529946 -0.0387739529946
0.119790885249 -0.777020346994 0.0512034122389 0.0512034122389
1.82962939232 0.733605486514 -0.0557108302197 -0.0557108302197
0.23837191627 -0.721929555039 0.0562728570465 0.0562728570465
1.67901291135 0.726687676213 -0.0543227039723 -0.0543227039723
0.416905584885 -0.776650641572 0.050565236266 0.050565236266
1.47236718021 1.12353112254 -0.0454420084493 -0.0454420084493
0.665783647548 0.259733451271 0.0392864535487 0.0392864535487
1.06148586536 0.400388945144 -0.032384035739 -0.032384035739
-0.388998441861 0.986973153443 0.024997171394 0.024997171394
0.227725931517 1.06157911985 -0.0173751995037 -0.0173751995037
-0.118215360097 0.952837985519 0.00975735611871 0.00975735611871
0.0283185317353 1.0132717297 -0.00237226171898 -0.00237226171898
0.0645022490662 1.02812667036 -0.00456436229954 -0.00456436229954
-0.95049839954 0.92723323819 0.0108528231536 0.0108528231536
-1.07359345753 1.1206325291 -0.0163128852412 -0.0163128852412
-0.234864000335 0.821384406986 0.0207871453423 0.0207871453423
-0.445240976863 1.28071051028 -0.024144110531 -0.024144110531
-1.28317027877 0.218103179529 0.0262808009946 0.0262808009946
-0.880747427718 0.377283841389 -0.0271247442289 -0.0271247442289
-0.720764801285 1.28787311204 0.0266352593538 0.0266352593538
-0.0302486951216 0.537852324381 -0.0248039550539 -0.0248039550539
-1.12953122926 0.153990282187 0.0216543833936 0.0216543833936
0.225798601382 1.02429004211 -0.0172408038475 -0.0172408038475
-1.27542605887 -0.110007174935 0.0116460144956 0.0116460144956
-0.915893069053 1.10068069226 -0.00497819442303 -0.00497819442303
-0.971346351441 1.04048510657 -0.00263333900444 -0.00263333900444
-0.243810797009 0.843540671527 0.0110436460451 0.0110436460451
0.297444118553 1.30786353963 -0.0200993350737 -0.0200993350737
0.257073968703 -0.077786431963 0.0296481758853 0.0296481758853
1.76049326576 0.283848612064 -0.0395528311575 -0.0395528311575
0.129739722428 -0.4188290926 0.0497124394316 0.0497124394316
2.03137398059 0.578281020418 -0.0601009854277 -0.0601009854277
-0.454866728753 -0.99485907199 0.0708461268973 0.0708461268973
1.15703135759 -0.309115416127 -0.0824207239241 -0.0824207239241
0.208702309639 -0.320793490338 0.0962176704529 0.0962176704529
1.93814468186 0.461035886603 -0.116907271432 -0.116907271432
-0.045324201438 -0.53290134925 0.170159050841 0.170159050841
0.904569289097 0.571160419758 0.990779592424 0.990779592424
