11.9117900795 3.71623182681 0.0677191564491 0.0677191564491
-1.10325953035 0.967494558711 -0.0205767714385 -0.0205767714385
0.289323706348 1.04383209805 0.00572843925721 0.00572843925721
-0.249146318404 0.952404062535 0.00161068756522 0.00161068756522
0.21343915999 1.04827668649 -0.00603075951334 -0.00603075951334
-0.133003527463 0.952754760467 0.00901506873318 0.00901506873318
-0.395844785673 1.04499583623 -0.0111884543258 -0.0111884543258
-0.74333219786 0.958329912114 0.01286002633 0.01286002633
0.4912285744 1.03720692475 -0.014200387383 -0.014200387383
-0.428919083791 0.968633476703 0.0153115519148 0.0153115519148
0.396184870646 1.02367581253 -0.0162584164421 -0.0162584164421
-0.365887181594 0.986733167068 0.017084382077 0.017084382077
0.311664707297 0.998474205596 -0.0178197244317 -0.0178197244317
-0.0763391266533 1.02427599849 0.0184863629584 0.0184863629584
1.2499737825 0.935690176126 -0.0191007227477 -0.0191007227477
-0.808385765116 1.15691562668 0.0196755312526 0.0196755312526
1.27428236037 0.291845001573 -0.0202209948535 -0.0202209948535
-0.152944987748 0.625215390587 0.0207456028068 0.0207456028068
1.08136013334 0.418658993494 -0.0212567032451 -0.0212567032451
0.742807376567 -0.208363395503 0.0217609403109 0.0217609403109
1.27002810235 0.101949991374 -0.0222646109946 -0.0222646109946
-0.29393496571 -1.05575623583 0.0227739839563 0.0227739839563
1.50754323825 0.20604699364 -0.0232956152925 -0.0232956152925
0.479959567998 -0.123987528656 0.0238366956316 0.0238366956316
1.60355996803 -0.148774958772 -0.0244054689377 -0.0244054689377
-0.0544195944073 -1.44374981005 0.0250117777799 0.0250117777799
0.954382946419 -0.101610736656 -0.0256678171606 -0.0256678171606
0.132915615912 -0.71916099287 0.026389228818 0.026389228818
0.114004500947 -1.08018265607 -0.0271967596963 -0.0271967596963
0.623134808313 -0.148786959692 0.0281188830227 0.0281188830227
0.421996947536 -0.841857630713 -0.0291961290124 -0.0291961290124
-0.479313198619 -1.13367663179 0.0304886092009 0.0304886092009
-0.694503239586 -0.783046478389 -0.0320898912846 -0.0320898912846
-1.36029036948 0.293247559337 0.0341545265232 0.0341545265232
-0.589839322536 1.17509493796 -0.0369580053644 -0.0369580053644
-1.50552421192 0.865308693945 0.0410446328003 0.0410446328003
0.0549263253412 1.12620242203 -0.047662439055 -0.047662439055
-0.965251943393 0.869099026933 0.060446073622 0.060446073622
-0.0929873668494 1.16127861595 -0.0963555810701 -0.0963555810701
-0.0859255094195 0.0208994406533 0.91857400033 0.91857400033
