9.0 18.0 3.52021934637e-17 3.52021934637e-17
-0.23414788626 -1.45505899114 0.0123826178158 0.0123826178158
0.242212850968 -0.545844953801 -0.0164756780662 -0.0164756780662
-0.246412996419 -1.45561739107 0.0185347976164 0.0185347976164
0.246974635441 -0.541090450343 -0.019786673058 -0.019786673058
-0.241985983085 -1.46475619265 0.0206369581156 0.0206369581156
0.223051691677 -0.524190458299 -0.0212587795628 -0.0212587795628
-0.131296681612 -1.5019725456 0.0217385179891 0.0217385179891
1.38494663663 -0.387144869939 -0.0221241389519 -0.0221241389519
0.659199406344 -0.329310199435 0.0224444563122 0.0224444563122
1.32871624836 0.378924487948 -0.0227178669031 -0.0227178669031
0.675044192434 -0.392689883201 0.0229567111664 0.0229567111664
1.32474399544 0.395053477998 -0.0231696199267 -0.0231696199267
0.673300999283 -0.388965714111 0.0233628565914 0.0233628565914
1.33056370071 0.369691061858 -0.0235411250866 -0.0235411250866
0.663152421437 -0.313595506093 0.0237080785581 0.0237080785581
1.34731921382 0.0182864218757 -0.0238666534135 -0.0238666534135
0.632516441784 -1.31359977535 0.0240192982475 0.0240192982475
1.42063760179 1.12496201535 -0.0241681384263 -0.0241681384263
0.249231425882 0.536614034924 0.024315101533 0.024315101533
0.11913497798 1.49926687064 -0.0244620203335 -0.0244620203335
-0.11158737863 0.483638238992 0.024610725378 0.024610725378
-0.320511121577 1.53637364379 -0.0247631373625 -0.0247631373625
-0.975967730943 0.428350726663 0.024921369333 0.024921369333
0.739875789373 1.65879615853 -0.0250878506979 -0.0250878506979
-1.26711121884 -0.22532564505 0.0252654894082 0.0252654894082
0.0964989797954 1.0034013811 -0.0254578969632 -0.0254578969632
-0.968545332952 0.723599524239 0.0256697160196 0.0256697160196
-0.200883191422 1.34181854466 -0.0259071182813 -0.0259071182813
0.0171769789795 0.628978021826 0.0261785936118 0.0261785936118
-0.640252886104 1.38743009202 -0.0264962579393 -0.0264962579393
-0.591070884535 0.602202987327 0.0268781339259 0.0268781339259
0.521929707535 1.40474840672 -0.0273523749998 -0.0273523749998
-1.30415275292 0.590561530214 0.0279656919041 0.0279656919041
0.223402005346 1.41229490096 -0.0288018377032 -0.0288018377032
-1.17566407012 0.586899316665 0.0300276478108 0.0300276478108
0.12769403502 1.41020347331 -0.0320304125295 -0.0320304125295
-0.233847742945 0.605946701935 0.035962395607 0.035962395607
1.19005648817 0.479962600162 -0.0474746648521 -0.0474746648521
-0.18418646828 -0.451768872892 0.998972844211 0.998972844211
