19.0 6.0 4.20084387696e-17 4.20084387696e-17
0.567923248447 0.478971703345 -0.0387739529946 -0.0387739529946
-2.50127448585 -0.444541792066 0.0512034122389 0.0512034122389
0.366231252279 0.349134285261 -0.0557108302197 -0.0557108302197
-1.6344300709 0.330842718252 0.0562728570465 0.0562728570465
0.922674489379 1.02255084831 -0.0543227039723 -0.0543227039723
-2.65053760856 -0.828604004223 0.050565236266 0.050565236266
0.863576532403 1.13183042024 -0.0454420084493 -0.0454420084493
-1.38302470767 0.248055151763 0.0392864535487 0.0392864535487
-0.0256915614957 0.452549122609 -0.032384035739 -0.032384035739
-0.615815655234 0.78996589779 0.024997171394 0.024997171394
-0.689786406161 0.0250113905723 -0.0173751995037 -0.0173751995037
-0.0611021499355 1.10101738022 0.00975735611871 0.00975735611871
0.0225445123042 0.983070874521 -0.00237226171898 -0.00237226171898
0.0340993500684 0.965363546273 -0.00456436229954 -0.00456436229954
0.731214580313 1.13015117708 0.0108528231536 0.0108528231536
1.3321591479 0.0202514498542 -0.0163128852412 -0.0163128852412
0.594206245383 0.781045271825 0.0207871453423 0.0207871453423
1.47135987587 0.506663219601 -0.024144110531 -0.024144110531
0.470924724218 -0.234725171001 0.0262808009946 0.0262808009946
1.59847037116 0.0998525672173 -0.0271247442289 -0.0271247442289
0.138646460795 0.221821767632 0.0266352593538 0.0266352593538
0.275093096895 1.29090863712 -0.0248039550539 -0.0248039550539
-0.291702907296 0.819145707933 0.0216543833936 0.0216543833936
0.244960928004 1.11430467505 -0.0172408038475 -0.0172408038475
-0.167437277681 0.938021414467 0.0116460144956 0.0116460144956
0.0704801351346 1.01983118641 -0.00497819442303 -0.00497819442303
0.0352136440621 1.00558702776 -0.00263333900444 -0.00263333900444
-0.118871174226 1.02101269506 0.0110436460451 0.0110436460451
-0.528481088458 0.156767427861 -0.0200993350737 -0.0200993350737
-1.56014397295 0.598541363881 0.0296481758853 0.0296481758853
-0.306197867365 0.750878795596 -0.0395528311575 -0.0395528311575
-1.83419508109 -0.594194376484 0.0497124394316 0.0497124394316
-0.0286016096364 0.591007411179 -0.0601009854277 -0.0601009854277
-2.09962148659 -0.623079975592 0.0708461268973 0.0708461268973
0.214067948042 0.686809986773 -0.0824207239241 -0.0824207239241
-2.30972311994 -0.879318203899 0.0962176704529 0.0962176704529
0.37881733086 -0.405037781959 -0.116907271432 -0.116907271432
-2.39301852722 -0.38552078487 0.170159050841 0.170159050841
1.59672261447 0.466759671344 0.990779592424 0.990779592424
