22.0 5.0 -1.59416639433e-16 -5.69345140833e-18
-0.418211333051 0.155204326563 -0.0103730167354 -0.0126987193734
-1.60517638588 -0.206972807161 0.0125911156427 0.0170394541689
0.53834838912 1.17341659003 -0.0128344976629 -0.0192511077136
-1.42703265157 -0.123404533018 0.0123362317591 0.0206049999974
-0.54416385493 1.01961215339 -0.0114926862508 -0.021528612988
-1.44246622619 0.902907600504 0.0104617716916 0.0222061391504
-0.623080906303 1.13300145411 -0.00931283112044 -0.0227300593561
-0.589650152589 0.838819115652 0.00807613911723 0.0231519577695
-0.203290351227 1.18918833387 -0.00676219643798 -0.0235029277516
-1.6575745707 0.778555872196 0.00537000000767 0.023802875328
-0.414615568256 1.26360570052 -0.00389063937388 -0.0240651832856
-1.02000238278 0.672105875865 0.00230859495077 0.0242992296542
0.958695840047 1.45680293928 -0.000601661506422 -0.0245118320896
-1.56561851435 -0.119630935028 -0.0012602118624 0.0247081193806
0.372061087993 0.957962901216 0.00331723852557 -0.0248920813543
-1.21601915401 0.174445413136 -0.00562366773758 0.0250669307312
0.0656987420221 0.695345319741 0.00825406244609 -0.0252353516641
-0.901375976071 0.450398866567 -0.0113136137435 0.0253996788933
-0.316884307758 0.349309615797 0.014955677424 -0.0255620347504
-0.114693799471 1.20173206669 -0.0194130634394 0.0257244420801
0.227648642155 0.925692248346 0.0250574381827 -0.0258889263018
-0.312949283525 0.992095341532 -0.0325213980219 0.026057617748
0.597530375133 1.10092544493 0.0429767073614 -0.0262328654719
0.978142422467 0.608448202068 -0.058864782069 0.0264173759163
1.03506934265 -0.102947746086 0.0862553135086 -0.026614394861
1.05912772376 0.00217988306888 -0.14556777922 0.0268279605161
0.57672967858 0.0764886942016 0.375214614695 -0.0270632728502
0.750686141384 -0.272130823943 0.88580450344 0.0273272560562
4.3674666261 -1.10661096964 -0.217802624978 -0.0276294519257
-0.314506131351 -0.975353722075 0.128568449314 0.0279835040757
0.684953007686 -0.986121038647 -0.0932374875663 -0.0284097532263
-0.610282397496 -1.04083408562 0.0743484966599 0.0289400600007
0.490433602333 -0.934998201894 -0.0627159540666 -0.0296274663537
-1.69298088787 -1.0938939114 0.0550544135698 0.0305675057107
-0.376419305076 -0.842496293038 -0.0500240879318 -0.0319516796148
-1.59211265389 -0.010182552004 0.0472788732392 0.0342288041485
-0.429440777337 0.0616266559784 -0.0477223511955 -0.0387566747277
-1.54602794038 -0.0869771747186 0.0580069523439 0.0524666014946
0.59095824961 0.107299563637 0.996380008324 0.99897290848
