9.82655197175 4.91409026763 0.135966874179 0.170671241135
0.843858916672 -0.0833480780593 -0.0345820800699 -0.0664195490452
1.20313870233 0.0720934376577 0.00689709141816 0.0364116612637
0.770773477837 -0.0688246939196 0.00554023404444 -0.0220321765691
1.21109156145 0.10589174574 -0.0123943231126 0.0135111817645
-0.43450179643 1.09832189065 0.0166263480993 -0.00781603967365
0.873461978105 0.486319127889 -0.0194351726975 0.00369747177368
0.109829926365 0.494551150141 0.0213930638832 -0.000546336481484
0.204709510362 1.26335377818 -0.0228048863327 -0.0019701335544
-0.526471823623 0.778263670898 0.0238462603151 0.00404939333283
-0.416752108266 1.24202254518 -0.0246243430431 -0.00581629175274
-0.619976923861 0.174236723481 0.0252073313462 0.00735390687096
-0.345729032731 0.783874810454 -0.025639888768 -0.00871994260917
-0.71382218365 0.168951602341 0.0259516809807 0.00995601446532
0.0935617898607 1.27650738555 -0.0261622906328 -0.0110931920473
0.536505787912 0.173204782786 0.026284103352 0.0121554624364
1.28744318324 0.776699793031 -0.0263239756927 -0.0131619878464
0.57388583321 0.178962975479 0.026284103352 0.0141286409156
-0.0381726140818 1.26664201354 -0.0261622906328 -0.0150690985855
0.62461795866 0.174932491955 0.0259516809807 0.0159956665154
0.308765074628 0.839688500385 -0.025639888768 -0.0169199461588
-0.162082606622 1.14362693949 0.0252073313462 0.0178534244753
-0.240427090023 0.435890940027 -0.0246243430431 -0.0188080512904
-1.37219955883 0.57127346594 0.0238462603151 0.0197968669823
-0.680757327916 0.290340879549 -0.0228048863327 -0.0208347527783
-1.30528207687 -0.101532596186 0.0213930638832 0.0219394003646
-0.690329459812 -0.365528903259 -0.0194351726975 -0.0231326444712
-1.34076601432 -0.622570732208 0.0166263480993 0.024442387773
0.295893194682 -0.490077547551 -0.0123943231126 -0.0259055048771
0.597538866012 -1.40338390719 0.00554023404444 0.0275724106136
-0.0191847520838 -0.600910850366 0.00689709141816 -0.0295145698455
0.585400290542 -1.45366137404 -0.0345820800699 0.0318374689753
0.36205266257 -0.344484718389 0.135966874179 -0.0347043669559
-0.229022301266 -1.20997022545 0.802893216286 0.0383830031083
-0.155748924027 -2.19755678954 -0.183888880545 -0.0433461714037
-1.48789951986 -0.710934750062 0.134053437262 0.0505159445871
-0.470020798034 -1.13937750903 -0.123931576239 -0.0619657881195
-0.451578726333 -0.907141969046 0.134053437262 0.0835374926753
0.896025286993 -1.10990609768 -0.183888880545 -0.140542709141
0.0956196654524 -0.300530176005 0.802893216286 0.764510213178
