20.0 5.0 -5.04646829375e-18 -5.04646829375e-18
11.1485305711 3.32224279459 -0.199509670662 -0.199509670662
-1.68608931024 0.658874373183 0.0454270541676 0.0454270541676
-3.07219536514 0.44805816268 0.101866833945 0.101866833945
1.35456325722 1.14373155508 -0.0543406757796 -0.0543406757796
0.583046877073 0.462126309945 -0.0541711305928 -0.0541711305928
-2.20858136767 -0.202146655324 0.0521648946647 0.0521648946647
-0.763938808693 0.665777723477 0.0248721553135 0.0248721553135
1.02963545963 1.51493024833 -0.0444824554681 -0.0444824554681
-0.776786874689 1.06887272871 -0.00625086433443 -0.00625086433443
-1.8934288248 0.625008799294 0.0340268465131 0.0340268465131
0.22958524439 1.05139621914 -0.00449832992346 -0.00449832992346
1.26237278065 1.27952856398 -0.0228100444693 -0.0228100444693
-0.611451221019 0.878461040179 0.00889500038633 0.00889500038633
-1.57740959055 0.79912386995 0.0125317436801 0.0125317436801
-0.303023796807 1.16623884822 -0.00820355658307 -0.00820355658307
0.270565170624 1.13432086827 -0.00462364733503 -0.00462364733503
-0.707081352165 0.794790340173 0.00377006196405 0.00377006196405
-1.08817432422 0.924336295983 0.00020059328777 0.00020059328777
-0.330880352208 1.27994458518 0.00288891863302 0.00288891863302
-4.4408920985e-16 1.0 5.04646829375e-18 5.04646829375e-18
-0.6141872883 0.24929656158 -0.0101025391185 -0.0101025391185
-0.996439016822 0.0296588477985 0.00434314962812 0.00434314962812
-0.42640357187 0.595934488992 0.0161021399944 0.0161021399944
0.0683521631796 1.13595931213 -0.0131361159719 -0.0131361159719
-0.578350140569 1.10053479393 -0.0190702656551 -0.0190702656551
-1.20286334706 0.938136738676 0.0259233780138 0.0259233780138
-0.340560882692 1.0064334196 0.0171212215487 0.0171212215487
0.383034805624 0.75501903065 -0.0420125010951 -0.0420125010951
-0.850352380255 0.049778096452 -0.00808871340077 -0.00808871340077
-1.58945099903 0.0442502322832 0.0607201640529 0.0607201640529
0.195767777042 1.10300723252 -0.0112400493002 -0.0112400493002
0.804512635345 1.572261056 -0.0819296609255 -0.0819296609255
-1.78145217713 0.721321549668 0.0478742735268 0.0478742735268
-2.031167664 0.457672399238 0.107909187897 0.107909187897
1.90093329651 1.54951586873 -0.125928046059 -0.125928046059
1.87494810282 1.56985074688 -0.15438578406 -0.15438578406
-3.67102915352 -0.23430695726 0.435078796212 0.435078796212
-1.86528902161 -0.380516282398 0.98356478229 0.98356478229
11.6789205081 2.7205761935 0.697684673196 0.697684673196
