15.0 22.0 0.0 0.0
2.04852416214 4.67683574163 -0.104304628654 -0.102859012948
-2.70099689672 -5.69561055014 0.118602331759 0.113895064445
1.60958771043 2.14365467945 -0.0928420312844 -0.0857067666516
-0.723782699944 -2.44282905103 0.0479616170531 0.0419933981273
-8.881784197e-16 -1.0 -1.38777878078e-17 -1.38777878078e-17
0.547923455867 -0.130341497056 -0.0380532120967 -0.0286941013192
-1.24108836997 -1.7181239029 0.0574747026283 0.0392619469173
-0.57307318084 1.29200302485 -0.0550388369183 -0.0334456179925
-1.28061937017 -0.676697222388 0.0333487702745 0.0176607693
-1.0 0.0 1.73472347598e-17 -1.38777878078e-17
-0.67870407671 0.570838174759 -0.0343084878789 -0.012801984516
-1.64226997076 -1.26518165909 0.0583262770027 0.0174194959284
0.161800655049 -0.585604694852 -0.0629149593804 -0.0144154849845
0.878730901968 -1.23665131353 0.0432390070097 0.00718920978687
-4.4408920985e-16 -1.0 0.0 0.0
-0.0324415278351 -0.885243346541 -0.0605619100569 -0.00403012898267
0.424056588402 -0.667013498443 0.127905704517 0.00411084549591
1.24210057385 0.183715204212 -0.189400664312 -0.00175271055308
-0.613525270074 -1.41490398783 0.233030535522 -0.00036070686957
4.23272528138e-16 1.11022302463e-16 1.0 -3.46944695195e-18
4.61945234426 3.80662357826 0.236671402642 0.00328016025086
3.09276557194 2.04339180022 -0.195403417823 -0.00775546406325
0.0775401627959 -1.0014034647 0.134101035695 0.0103061766742
1.38803727728 0.498162570892 -0.0645662355542 -0.00803445448003
1.0 -1.66533453694e-16 -1.38777878078e-17 -5.20417042793e-18
0.00493772662513 -1.21689966711 0.0478081039899 0.011758306767
0.0703493666551 -0.476153722214 -0.0709973164196 -0.0224978420236
-0.0447469014504 -1.60158546276 0.0673170892791 0.0264103082049
-0.0147840380807 -0.598265583395 -0.0406106567542 -0.0191041533913
-2.22044604925e-16 -1.0 0.0 -6.93889390391e-18
0.893338773581 -0.712202715696 0.042042824736 0.0263548237615
0.475229886081 0.67081754433 -0.072301292392 -0.0507080734663
0.139406891358 -2.35050813428 0.079487772142 0.061275016431
1.05832565704 1.24959129491 -0.0562897270369 -0.0469306162593
3.33066907388e-16 -1.0 2.77555756156e-17 1.12757025938e-17
0.970486606047 -2.6962259927 0.0896861463585 0.0837179274327
-2.66830098673 8.39717324984 -0.222008112606 -0.214872847973
-8.56622647916 0.857887100528 0.508674723738 0.503967456424
4.82796545707 4.23075150275 0.933923444821 0.935369060527
