10.1157868757 11.0674202663 0.170671241135 0.170671241135
0.308084021211 -0.909731220524 -0.0664195490452 -0.0664195490452
0.765112370112 -0.0546090007661 0.0364116612637 0.0364116612637
0.181472339886 -0.98528911817 -0.0220321765691 -0.0220321765691
0.876982648565 0.0418768537386 0.0135111817645 0.0135111817645
0.020457437923 -1.15167722829 -0.00781603967365 -0.00781603967365
1.46947153403 0.659790248362 0.00369747177368 0.00369747177368
-0.0712509857037 -1.29866971387 -0.000546336481484 -0.000546336481484
0.340322816374 -0.347996170219 -0.0019701335544 -0.0019701335544
0.745362084422 -0.888589396856 0.00404939333283 0.00404939333283
1.29655074677 0.355025259296 -0.00581629175274 -0.00581629175274
0.679154977849 0.184232697842 0.00735390687096 0.00735390687096
0.501457760957 1.02470300724 -0.00871994260917 -0.00871994260917
-0.522263003478 0.803989034887 0.00995601446532 0.00995601446532
0.954694133815 1.27054539652 -0.0110931920473 -0.0110931920473
0.0449406255281 0.677907509656 0.0121554624364 0.0121554624364
-0.577196275457 1.36845332856 -0.0131619878464 -0.0131619878464
-0.306547356777 0.57768087717 0.0141286409156 0.0141286409156
0.391510729965 1.51440809401 -0.0150690985855 -0.0150690985855
-1.02465799741 -0.184599994409 0.0159956665154 0.0159956665154
0.0430637501631 1.33080122504 -0.0169199461588 -0.0169199461588
-1.30013351421 0.28035290692 0.0178534244753 0.0178534244753
-0.663588734167 0.807249761445 -0.0188080512904 -0.0188080512904
-1.37080695479 0.116279419761 0.0197968669823 0.0197968669823
0.215293052955 0.994743755297 -0.0208347527783 -0.0208347527783
-1.50065107822 -0.339811258378 0.0219394003646 0.0219394003646
-0.0540536318877 0.80327052375 -0.0231326444712 -0.0231326444712
-0.950057955465 0.198487630993 0.024442387773 0.024442387773
-0.783113709308 0.0254263600049 -0.0259055048771 -0.0259055048771
-1.29245254518 0.133844309526 0.0275724106136 0.0275724106136
-0.658542859882 0.966137790744 -0.0295145698455 -0.0295145698455
-1.39365843066 -1.17014283198 0.0318374689753 0.0318374689753
0.305793530467 -0.682621179948 -0.0347043669559 -0.0347043669559
-0.457231467482 -1.34287565649 0.0383830031083 0.0383830031083
0.914653863272 -0.642943342171 -0.0433461714037 -0.0433461714037
0.0827160289229 -1.36828598917 0.0505159445871 0.0505159445871
0.961609549623 0.177192553975 -0.0619657881195 -0.0619657881195
-0.0630901508367 -1.38040494083 0.0835374926753 0.0835374926753
1.56190061197 -0.642806753686 -0.140542709141 -0.140542709141
-0.187094839526 -0.788765015292 0.764510213178 0.764510213178
