19.0 4.0 -9.51619735393e-18 -9.51619735393e-18
1.80856234276 1.42310257707 -0.065274066465 -0.065274066465
-2.92403550821 0.581613801451 0.0826840358104 0.0826840358104
2.07278487508 1.41662779257 -0.0825748769302 -0.0825748769302
-3.51311011765 0.584127105283 0.0726962057638 0.0726962057638
1.21702010969 1.42161578961 -0.0568941875269 -0.0568941875269
-1.288564067 0.516034379048 0.0379733699956 0.0379733699956
-0.461700504675 0.138412070183 -0.0183199571557 -0.0183199571557
-1.82710989195e-15 1.0 1.23777592385e-17 1.23777592385e-17
-1.29096992424 0.0510622818085 0.015292134507 0.015292134507
0.318667470232 0.686477677946 -0.026318230073 -0.026318230073
-1.07324484143 1.17620233267 0.0323661409913 0.0323661409913
-0.655443108808 0.893290119469 -0.0332826241756 -0.0332826241756
-1.34472277981 1.0568876923 0.0294589944742 0.0294589944742
-0.768140056318 0.97832801263 -0.0217678317245 -0.0217678317245
-1.05524755347 1.00188248547 0.011455450694 0.011455450694
1.01506105109e-15 1.0 1.00731185443e-17 1.00731185443e-17
-0.697790648425 1.02019571321 -0.011051161029 -0.011051161029
-0.83985459359 0.928219437271 0.0202489172187 0.0202489172187
1.35733337349 1.18711977106 -0.0263982196614 -0.0263982196614
0.443527014995 0.374533733229 0.028686913652 0.028686913652
1.52993836741 0.243677690222 -0.0267748595667 -0.0267748595667
0.59527105786 1.036292478 0.0208345562848 0.0208345562848
1.21535051618 -0.180352750296 -0.011539283596 -0.011539283596
1.0 1.01506105109e-16 2.61514459426e-18 2.61514459426e-18
0.831492834003 0.168342371609 0.0123426410647 0.0123426410647
0.638612552577 -0.983299373883 -0.0238602497832 -0.0238602497832
-0.226277481673 -0.395506298926 0.0328981842676 0.0328981842676
2.1249813857 0.188502225954 -0.0379398634276 -0.0379398634276
-0.236570624869 -0.319534611102 0.0377563634522 0.0377563634522
0.556622701826 -1.20178695998 -0.031524137368 -0.031524137368
-0.309688869858 -0.855243017805 0.0188946858527 0.0188946858527
1.0 -5.07530525543e-16 3.10503900083e-19 3.10503900083e-19
1.61625449027 -0.0373766414689 -0.0246276413149 -0.0246276413149
-0.928869147474 0.727301310069 0.0542664384286 0.0542664384286
1.72934108433 1.20237917643 -0.0884819795301 -0.0884819795301
-2.8173184141 0.584112724369 0.128398834498 0.128398834498
2.3301778308 -0.693949067782 -0.181615595985 -0.181615595985
-0.513775741483 -2.17946095656 0.300332236328 0.300332236328
2.416528833 0.688740357453 0.974515804886 0.974515804886
