9.0 15.0 2.40048221541e-17 4.20084387696e-17
1.58398510095 0.228533739949 -0.0450908140686 -0.0387739529946
0.484560754635 -1.38501868531 0.063478845845 0.0512034122389
1.48374251597 1.34900497894 -0.0733668407835 -0.0557108302197
0.0169876616255 -1.85828047759 0.0785252835998 0.0562728570465
-0.0136519608759 -0.14159746998 -0.0801979478505 -0.0543227039723
0.465737968228 -1.38388364084 0.0789195278771 0.050565236266
1.1851558893 0.990839391022 -0.0749822877179 -0.0454420084493
0.921282833672 -0.817982675099 0.0685915968664 0.0392864535487
1.01662619178 0.666693453648 -0.0599246941691 -0.032384035739
1.02131566586 -0.516847950749 0.0491517750982 0.024997171394
0.961153263381 0.364891627359 -0.0364385084415 -0.0173751995037
1.03624316234 -0.210461659233 0.0219358414531 0.00975735611871
0.987288284114 0.053286372911 -0.00575660199978 -0.00237226171898
0.966907112805 0.108980739132 -0.0120675662981 -0.00456436229954
1.10314571543 -0.285792213772 0.0316660814925 0.0108528231536
0.799443865234 0.518804861642 -0.0534893940358 -0.0163128852412
1.33072940123 -1.38565458386 0.0786684801497 0.0207871453423
0.496038051361 0.2584776991 -0.109958145132 -0.024144110531
1.74168853563 -1.09883476785 0.154822174816 0.0262808009946
-0.0922329383544 -0.101160147967 -0.239906124675 -0.0271247442289
2.61457295593 -0.522842781689 0.565136046266 0.0266352593538
-4.99802721056 1.28838673865 0.785647288784 -0.0248039550539
-11.0195880513 2.78495248336 -0.168555942673 0.0216543833936
1.06431234738 0.717062614232 0.0683002772964 -0.0172408038475
-0.69053936744 1.09753691353 -0.0277949729131 0.0116460144956
0.244030643695 0.9535260243 0.00756247911152 -0.00497819442303
1.0761149717 0.0095153871278 0.00253907967241 -0.00263333900444
-0.143916235569 0.844460696625 -0.00634636336713 0.0110436460451
0.265753293553 1.17578097973 0.00568867325117 -0.0200993350737
-0.27827005003 0.843926230078 -0.00160118274705 0.0296481758853
-0.303531491134 0.583627633793 -0.00524819557153 -0.0395528311575
-1.04367991195 0.0295549358566 0.0143949761426 0.0497124394316
0.414893349548 1.40420619225 -0.025529732489 -0.0601009854277
-2.0394456899 -1.1085999418 0.0385334823313 0.0708461268973
-0.0537538993896 1.10785937487 -0.0536467706813 -0.0824207239241
-1.88360466288 -1.14669312156 0.0720331126709 0.0962176704529
-0.183423539953 1.18950801379 -0.0981312194857 -0.116907271432
-1.71335904327 -1.22344142867 0.15737537026 0.170159050841
0.823963165941 1.23929608568 0.997225074277 0.990779592424
