16.0 8.0 6.53072367427e-17 6.53072367427e-17
11.191723653 6.32287263766 -0.219734364564 -0.219734364564
1.80067021517 2.27464372563 -0.0796560063326 -0.0796560063326
-4.00461886199 -0.450842260882 0.109593355336 0.109593355336
-2.89963102951 -0.177466627313 0.099452631945 0.099452631945
1.08452957668 1.4529985503 -0.041233844416 -0.041233844416
2.35083638226 1.99107066376 -0.095247514815 -0.095247514815
0.16296090854 1.06871674954 -0.00688560079075 -0.00688560079075
-1.77426420712 0.256738161867 0.0770125486481 0.0770125486481
-0.897402648615 0.629224515716 0.0394996133698 0.0394996133698
1.14566353012 1.46218245602 -0.0504177501399 -0.0504177501399
1.34208121519 1.51957309383 -0.0578629779409 -0.0578629779409
-0.49574542352 0.822595298015 0.0201245797059 0.0201245797059
-1.8483745982 0.455782399052 0.0627772584979 0.0627772584979
-1.17276237215 0.918113382978 0.0095928798401 0.0095928798401
0.221200071811 1.46730656446 -0.0555418585792 -0.0555418585792
0.386328923164 1.28935151047 -0.0348669268666 -0.0348669268666
-0.500255059492 0.686729218447 0.0382522119772 0.0382522119772
-0.730097969314 0.576109400921 0.0524322915421 0.0524322915421
0.197911085873 1.11023176983 -0.0138099720227 -0.0138099720227
0.869050191102 1.47160716691 -0.0598424610304 -0.0598424610304
0.207517589159 1.11064417897 -0.0142223811634 -0.0142223811634
-0.811158455397 0.572909928648 0.0556317638149 0.0556317638149
-0.607396648875 0.683134488745 0.0418469416787 0.0418469416787
0.567190544785 1.29386089776 -0.0393763141526 -0.0393763141526
0.924677208749 1.4766296557 -0.0648649498224 -0.0648649498224
-0.163384010624 0.916093624988 0.0116126378302 0.0116126378302
-1.09404051874 0.439539134122 0.0790205234276 0.0790205234276
-0.359123569882 0.81626979054 0.0264500871802 0.0264500871802
1.05870176869 1.54155962991 -0.0798495140255 -0.0798495140255
0.947725582385 1.48536554893 -0.0736008430511 -0.0736008430511
-0.765021419165 0.607089234727 0.0616348943588 0.0616348943588
-1.54314077223 0.203380600539 0.130370109976 0.130370109976
0.143580861708 1.07476153656 -0.0129303878116 -0.0129303878116
2.08474148942 2.10145646489 -0.205633315943 -0.205633315943
0.959845362821 1.52082591619 -0.10906121031 -0.10906121031
-2.51537053914 -0.44692503408 0.368911038712 0.368911038712
-3.12940423402 -1.22179055762 0.880541652075 0.880541652075
2.78305972577 1.23146656793 0.963521151372 0.963521151372
11.8223729222 5.56383707414 0.53930119896 0.53930119896
