19.0 4.0 1.23358113847e-17 3.08395284618e-18
2.06276866669 1.25240190989 -0.0602169751103 -0.0512947984164
-1.84756236468 0.816852899209 0.0790640995965 0.0654854967475
0.949637488081 1.13221478257 -0.081523556473 -0.0671638034914
-2.04467696152 0.903181963044 0.0743137078587 0.0622374651096
1.42980075695 1.07319655473 -0.0612095331044 -0.0533606146381
-0.976097332511 0.942627777624 0.0452464520393 0.0422780161694
0.446044991859 1.04543107796 -0.0291086045437 -0.0303701033022
-1.43630885281 0.966210024044 0.0151010001112 0.0187824884574
0.323020444752 1.01942795332 -0.00501657705608 -0.00843528207301
-1.97372982156e-16 1.0 2.15876699233e-17 -6.16790569236e-18
-1.12101886981 0.973687120411 -0.000452277251758 0.0061227688875
-0.0620225089692 1.06161010683 0.00599717055338 -0.00981047251521
0.0621560125189 0.888658606912 -0.0155165351005 0.0112044720555
-0.567849160005 1.20001597116 0.0272505691347 -0.0106736604121
-1.12337955597 0.429439689448 -0.0389483373982 0.00875829969108
-1.00999740655 -0.0651115157932 0.0480421502621 -0.0060991304882
-0.902303744837 -0.00517457575646 -0.0518022721778 0.00335856666438
-1.13613791939 0.0251532994996 0.0473926757259 -0.00114172080001
-0.890511284125 -0.0208007595895 -0.0316460908088 -7.49097348613e-05
-1.0 4.93432455389e-17 6.16790569236e-18 -6.16790569236e-18
-1.21396538493 0.0308258045667 0.0578008506717 0.00143643639137
-0.433862604445 -0.0602141611705 -0.181888095238 -0.00407087008485
-1.81580965064 0.0517801809856 0.902388933533 0.00751925832543
5.6704899353 0.360069061491 0.441027398195 -0.01121387611
4.03419752582 1.46049397674 -0.129471486106 0.0144601958487
-1.03863834878 0.547086571151 0.0264731130635 -0.0165079463602
0.275648240039 1.44973962358 0.0343678829061 0.0166289190243
0.131657619693 0.588137516677 -0.0747458616203 -0.0141931645695
0.955786515318 1.28926550422 0.0998062103875 0.00873494383417
1.48029736617e-16 9.86864910778e-17 1.0 -1.23358113847e-17
0.975687504917 -6.92444853039 0.109523051836 -0.0120340513397
0.831933212566 -1.57617213961 -0.096076261896 0.0271733037616
1.43926250709 0.965806752534 0.0722135353037 -0.0450732516507
0.23694741797 -0.636954054758 -0.0397066287893 0.0653874300094
2.11162170266 0.0528516810811 0.000276270777468 -0.0880998556212
-0.457214895694 -1.28306496791 0.0454250422767 0.114429954317
2.77729462195 0.456380278578 -0.10149452704 -0.150368308578
-1.08288205239 -1.56720612926 0.203750135393 0.233492242324
2.00183928945 0.60104459044 0.996696703421 0.983606673679
