10.0 11.0 0.0 0.0
5.36713596556 5.22750484564 -0.182236176263 -0.182236176263
-0.702196119908 -2.01305185765 0.101380548108 0.101380548108
0.375920538699 -0.730203655588 0.0433053088897 0.0433053088897
2.24310372211 1.43896401412 -0.0939453862422 -0.0939453862422
0.61272267628 -0.443194451628 0.030895286065 0.030895286065
0.391995988374 -0.68696169612 0.0503204192864 0.0503204192864
1.69600375864 0.774772059458 -0.0591053424234 -0.0591053424234
1.0 -5.68434188608e-16 6.83383025096e-18 6.83383025096e-18
0.428303170451 -0.610600206925 0.0499643424287 0.0499643424287
1.40790608437 0.4221691807 -0.0357958511994 -0.0357958511994
1.20966331108 0.207320069478 -0.0183144322509 -0.0183144322509
0.467871406066 -0.489481874261 0.0456461201437 0.0456461201437
1.20459485694 0.16513960775 -0.0167953502988 -0.0167953502988
1.40707789194 0.243890779338 -0.0300614830069 -0.0300614830069
0.287470690727 -0.103165153898 0.0383130963417 0.0383130963417
6.39488462184e-16 1.0 -1.61324848592e-18 -1.61324848592e-18
0.209809398683 1.55186736284 -0.0371797112327 -0.0371797112327
-0.176042449659 0.610055996609 0.0282982347181 0.0282982347181
-0.095694713545 0.798345792009 0.0153243492384 0.0153243492384
0.236812141892 1.51333102584 -0.0403179188324 -0.0403179188324
-0.0781384914774 0.806079688227 0.0156321289992 0.0156321289992
-0.0903367888298 0.642565482159 0.0294537719755 0.0294537719755
-0.111338204652 1.47010547859 -0.0395054969432 -0.0395054969432
-1.0 1.0 1.61324848592e-18 1.61324848592e-18
-0.811848562737 0.511579817799 0.0425441406237 0.0425441406237
0.360592364273 1.38576844008 -0.0341977216334 -0.0341977216334
-0.595463775592 1.21730817591 -0.0196139683317 -0.0196139683317
-1.99207963875 0.403491675303 0.0548720459226 0.0548720459226
-0.571094302147 1.24221482518 -0.0227445062125 -0.0227445062125
0.453742094381 1.48027665441 -0.0461477332964 -0.0461477332964
-1.00571225593 0.31778868738 0.067310829512 0.067310829512
-1.0 1.0 -6.83383025096e-18 -6.83383025096e-18
0.301797259869 1.84762831867 -0.0898028963697 -0.0898028963697
-0.595832688072 0.251874049025 0.0834989812389 0.0834989812389
-1.18962259247 0.517248289728 0.0580102336961 0.0580102336961
-0.144562013325 2.5809087545 -0.213468456492 -0.213468456492
-1.46328197143 0.172008394274 0.139494540426 0.139494540426
-1.86805199486 -1.78380062405 0.900464429309 0.900464429309
4.62877324305 5.0602520551 0.784503624105 0.784503624105
