9.0134340514 4.67821953856 0.246576137305 0.228394319123
0.825879082738 -0.260269550749 -0.106942632954 -0.0887608147718
1.22996405818 0.231021381697 0.0694411634674 0.0512593452856
0.728910858962 -0.20663463468 -0.0518657382943 -0.0336839201125
1.32274856779 0.177901300732 0.0415684781043 0.0233866599225
0.553780414412 -0.110692970594 -0.034734241877 -0.0165524236952
0.703776724231 1.14201028056 0.0298157099223 0.0116338917405
-0.237559477827 0.899782600475 -0.0260659201568 -0.00788410197502
-0.442555142972 0.944623298369 0.0230796736407 0.00489785545886
-0.628131231371 0.199000132488 -0.0206177986421 -0.00243598046027
0.138468620344 1.23724302642 0.0185296936622 0.000347875480408
-0.854738010229 0.08773588884 -0.0167154839246 0.00146633425725
-0.194143047474 0.835464986623 0.0151060004728 -0.00307581770902
-0.795157241501 0.19633244063 -0.0136514893205 0.00453032886127
-0.197809070902 0.793585083367 0.0123148959958 -0.00586692218603
-0.83341715019 0.189766239418 -0.0110676825516 0.00711413563019
-0.0295778147427 0.934405626 0.00988710905695 -0.00829470912487
-0.101706583882 0.945821828395 -0.00875439074896 0.00942742743286
0.0999249281733 1.04208185488 0.00765338980284 -0.010528428379
-0.901741161206 0.164934980276 -0.00656963382394 0.0116121843579
0.244888615317 1.17207448841 0.00548952621531 -0.0126922919665
-0.203468032056 0.868447102211 -0.00439965298458 0.0137821651972
0.144029638298 1.10141517078 0.00328610925984 -0.014895708922
0.346605190879 0.941067582298 -0.00213377250944 0.0160480456724
1.34355233668 0.206414742051 0.000925439309653 -0.0172563788722
0.743542215923 -0.0476497315378 0.000359284561303 0.0185411027431
0.659059838494 -0.584620021125 -0.00174550341633 -0.0199273215981
-0.448398434459 -1.15735567513 0.00326521893261 0.0214470371144
0.43738487539 -0.93638333957 -0.0049606198966 -0.0231424380784
-0.518744056003 -0.922844433438 0.00688924144576 0.0250710596276
-0.288727300903 -0.310205397608 -0.00913241800624 -0.0273142361881
-0.7477906457 -0.967105479633 0.0118098276962 0.0299916458781
-0.300126171921 -0.831385168395 0.7121667268 -0.0332878186546
-1.96926264857 -2.73940509443 0.0193221489893 0.0375039671711
0.0778929045286 0.196026245123 -0.0249869476111 -0.0431687657929
-1.19384317172 -1.00134956707 0.0331228411837 0.0513046593655
-0.74462839565 -0.0646325286582 -0.0460005513506 -0.0641823695324
-0.635078776463 -0.963193493109 0.0698854364726 0.0880672546544
0.77550514195 -0.922698052197 -0.130730910149 -0.14891272833
0.149982774781 -0.613496135223 0.635126790466 0.653308608648
