18.2332642743 6.01953722088 0.0878094067108 0.0878094067108
-1.49885916422 0.231149148747 -0.0299737243302 -0.0299737243302
-0.534193233668 -0.310098025242 0.0120390973011 0.0120390973011
-1.42803868324 0.659210149693 -0.00322348195754 -0.00322348195754
-0.653564678302 0.39209690159 -0.00207029023193 -0.00207029023193
-0.791079396959 0.597567862174 0.00563791865112 0.00563791865112
-0.128495300676 0.399421766931 -0.0082327891933 -0.0082327891933
-0.902396143204 0.612284779666 0.0102266236483 0.0102266236483
-0.0842151465696 0.365917523824 -0.011824197472 -0.011824197472
-0.919194200239 0.673732912702 0.0131477865421 0.0131477865421
-0.0870262185528 0.240137965341 -0.0142750899139 -0.0142750899139
-0.890318546516 1.11357462242 0.0152580228411 0.0152580228411
-0.181416634835 0.935040738846 -0.0161327714552 -0.0161327714552
-0.269929740715 1.05565143446 0.0169255156343 0.0169255156343
0.354202129516 0.94208761312 -0.0176558596291 -0.0176558596291
-0.384205908633 1.06648240772 0.0183389840367 0.0183389840367
-0.506408387137 0.0300377070657 -0.0189870538115 -0.0189870538115
-0.286540940572 1.10451865552 0.0196101795032 0.0196101795032
1.38765312778 0.854292922756 -0.0202171052344 -0.0202171052344
-0.815104742844 1.23777414276 0.0208157301381 0.0208157301381
1.21034243125 0.303307799773 -0.0214135333118 -0.0214135333118
-0.124290914869 0.633974756275 0.0220179527486 0.0220179527486
1.10152826455 0.376511860354 -0.0226367598356 -0.0226367598356
-0.105399690776 0.635467637997 0.0232784701722 0.0232784701722
1.13298831172 0.330238995543 -0.0239528384101 -0.0239528384101
-0.203919989378 0.748145562523 0.0246715016407 0.0246715016407
1.4626849417 -0.0193608566689 -0.0254488679072 -0.0254488679072
0.54137695023 0.0512967062578 0.0263034048467 0.0263034048467
1.51036777259 -0.417648524562 -0.0272595910423 -0.0272595910423
-0.000138484570869 -1.21655960907 0.0283509973236 0.0283509973236
0.253466591153 -0.825548504184 -0.0296253730734 -0.0296253730734
-0.277093944529 -1.18274972517 0.0311534737046 0.0311534737046
0.224370947682 -0.745731447314 -0.0330453170173 -0.0330453170173
-1.17814121907 -0.327011014461 0.0354823822929 0.0354823822929
0.226671678262 -0.65891530356 -0.0387875907689 -0.0387875907689
-1.55426873611 -0.325060637879 0.04359740178 0.04359740178
-0.518461414115 -0.746502237435 -0.0513657886783 -0.0513657886783
-1.44260132116 0.299007749891 0.0663005423375 0.0663005423375
-0.611719951658 -0.221416782477 -0.107755572169 -0.107755572169
-0.595228020954 0.199246234295 0.891807092478 0.891807092478
