12.5974378519 3.30734922821 0.156307312843 0.156307312843
-0.506385828096 1.05266142046 -0.0604105981461 -0.0604105981461
-0.915721638945 0.96991957989 0.0324056816837 0.0324056816837
-0.576117583253 1.02114474462 -0.0189212972355 -0.0189212972355
-0.368891395969 0.982788883021 0.0109108254706 0.0109108254706
-0.601470999483 1.01575106422 -0.00554861910269 -0.00554861910269
-0.691683327371 0.984145094022 0.00166667900169 0.00166667900169
-1.37154742503 1.01722082877 0.00130576214797 0.00130576214797
0.0305078154194 0.980133061388 -0.00368099376193 -0.00368099376193
-1.02620243613 1.02406859707 0.00564453632532 0.00564453632532
0.258822333087 0.969594838554 -0.00731380062431 -0.00731380062431
-0.262186397266 1.03985385923 0.00876697431048 0.00876697431048
0.260895005119 0.946655210356 -0.0100583998287 -0.0100583998287
-0.233862737461 1.05958511666 0.0112272912889 0.0112272912889
1.27875371805 -0.188339712041 -0.0123029415953 -0.0123029415953
0.710861517786 0.590933818597 0.0133079785363 0.0133079785363
1.2934611974 -0.0455402136211 -0.0142604887728 -0.0142604887728
0.701787765684 -0.641281758104 0.0151754632604 0.0151754632604
1.30457172078 0.441547775618 -0.0160658279455 -0.0160658279455
0.686210040104 -0.63568022608 0.0169432213619 0.0169432213619
1.32828159952 -0.422251653912 -0.0178186246452 -0.0178186246452
0.646096058051 -0.00183673370475 0.0187029193609 0.0187029193609
1.40980741828 -0.661177655741 -0.0196074345917 -0.0196074345917
0.37811440692 -0.426269608725 0.0205445426997 0.0205445426997
0.659786960095 -0.534351686897 -0.0215283724717 -0.0215283724717
0.347357389304 -0.474421732431 0.0225757317582 0.0225757317582
-0.0155996565662 -1.16135118625 -0.0237073766361 -0.0237073766361
-0.0135491471403 -0.950448968128 0.0249498460653 0.0249498460653
-0.186493173007 -0.797042282836 -0.0263382316246 -0.0263382316246
-1.25843645932 0.225768825254 0.0279205376272 0.0279205376272
-0.80046204538 -0.177363422114 -0.0297648541249 -0.0297648541249
-1.1575022833 0.181949855498 0.0319717574586 0.0319717574586
-0.919741410942 -0.241642110118 -0.0346970396354 -0.0346970396354
-0.697679672749 0.616241090371 0.0381964654162 0.0381964654162
-0.288678678934 0.396437900646 -0.0429223091236 -0.0429223091236
-0.68944756251 0.652493853727 0.0497583130966 0.0497583130966
-0.374399794017 1.17538844202 -0.0606974235981 -0.0606974235981
-0.320707334892 0.855502435588 0.081381681132 0.081381681132
0.328155995625 1.17510804931 -0.136516669727 -0.136516669727
-0.331896907428 0.186959459235 0.788824312958 0.788824312958
