7.0 10.0 -7.40148683083e-18 -7.40148683083e-18
2.9218159239 3.05251074804 -0.127173559399 -0.127173559399
-0.398586611817 -2.17197004049 0.124401693586 0.124401693586
1.67103458553 1.02402934887 -0.0665602650296 -0.0665602650296
1.0 1.03620815632e-16 3.75770396523e-17 3.75770396523e-17
0.588025286398 -0.607672757678 0.0434109560969 0.0434109560969
1.4902574131 0.709896264903 -0.0513288321272 -0.0513288321272
0.699669048562 -0.426504878768 0.0307173166183 0.0307173166183
1.0 -1.18423789293e-16 -5.27377144186e-19 -5.27377144186e-19
1.24116960237 0.33109368686 -0.022367309341 -0.022367309341
0.684624029442 -0.432939045695 0.0269928011065 0.0269928011065
1.21123766662 0.30313834965 -0.0161993675469 -0.0161993675469
1.0 -1.7763568394e-16 -4.69817879821e-17 -4.69817879821e-17
0.787490262868 -0.989839456129 0.011242421121 0.011242421121
1.34096988245 -0.596834878304 -0.0127954678345 -0.0127954678345
0.640269005826 0.297928618164 0.00698181903222 0.00698181903222
-4.73695157173e-16 1.0 7.07554983084e-18 7.07554983084e-18
0.066071339205 1.05808116656 -0.00310307912681 -0.00310307912681
-0.155546214522 0.959620994483 0.0017469259761 0.0017469259761
0.161880071565 1.00681050492 0.00061720809044 0.00061720809044
-4.81096644004e-17 1.0 4.4408920985e-17 4.4408920985e-17
-0.969624591581 1.0313017607 -0.00436848318299 -0.00436848318299
-0.470673934084 0.929208111009 0.0089316397477 0.0089316397477
-0.0889250993143 1.06928493487 -0.00834665479935 -0.00834665479935
-1.0 1.0 4.90030742874e-18 4.90030742874e-18
-0.356689433242 0.889436508342 0.0127975885699 0.0127975885699
-0.0741515017063 1.18861417832 -0.0216469197733 -0.0216469197733
-1.27442128619 0.841749590532 0.0180860705529 0.0180860705529
-2.2574534834e-16 1.0 5.81245412343e-18 5.81245412343e-18
0.602254113064 1.21699029136 -0.0248378357489 -0.0248378357489
-1.21722090276 0.642367825628 0.0411632385512 0.0411632385512
-0.458083655015 1.29522620837 -0.0342948916954 -0.0342948916954
-1.18423789293e-16 1.0 -4.04699328455e-18 -4.04699328455e-18
-1.11644511457 0.588970815976 0.0494160065323 0.0494160065323
-0.223006368063 1.70069084924 -0.0868363021565 -0.0868363021565
-0.192320021848 0.387342527848 0.0795717495672 0.0795717495672
0.0 1.0 7.02056756838e-17 7.02056756838e-17
0.569265944929 2.09579390264 -0.179033641378 -0.179033641378
-1.30999912538 -1.59532092576 0.636037889591 0.636037889591
1.9629930176 2.86766146221 0.900110617733 0.900110617733
