14.0 6.0 -6.16790569236e-18 -6.16790569236e-18
9.89016383539 4.69821993311 -0.21217263557 -0.21217263557
1.56812283917 1.59181850544 -0.049858362025 -0.049858362025
-3.07520767015 -0.144762281442 0.113843039677 0.113843039677
-1.57800450442 0.436080652678 0.0614146266626 0.0614146266626
1.65116560441 1.53585940121 -0.0616630731061 -0.0616630731061
2.12642196762 1.50069600414 -0.059644545166 -0.059644545166
0.364650476355 0.765701737332 0.0285079396287 0.0285079396287
-0.570132636745 0.58536057923 0.0510235889996 0.0510235889996
0.10611013863 1.05804226384 -0.00716414564048 -0.00716414564048
0.649783177732 1.31667819657 -0.0389004187894 -0.0389004187894
0.0941290495641 1.04223251209 -0.00511927455713 -0.00511927455713
-0.527089388778 0.782290206406 0.0257700698092 0.0257700698092
-0.233958658141 0.912785539227 0.00993508964873 0.00993508964873
0.398411383199 1.12824528086 -0.0137411842779 -0.0137411842779
0.353807674207 1.0900682163 -0.00870898885043 -0.00870898885043
-0.344626100497 0.942359841216 0.00458932388794 0.00458932388794
-0.928725480434 0.937552500173 0.00302757186614 0.00302757186614
-0.959366667064 1.01329575038 0.000299661761152 0.000299661761152
-0.547116465723 1.01630890116 0.00528353167954 0.00528353167954
0.0 1.0 -1.54197642309e-17 -1.54197642309e-17
0.298803845982 1.03578318688 -0.0141907540412 -0.0141907540412
0.0945155443708 1.01950669459 -0.00591128245217 -0.00591128245217
-0.294881513333 0.919056701879 0.0215233701604 0.0215233701604
-0.216897942828 0.929586333858 0.0173628312464 0.0173628312464
0.294640708506 1.10638571087 -0.0250264834172 -0.0250264834172
0.382611503609 1.14837287618 -0.0338687795952 -0.0338687795952
-0.244229725465 0.900406358598 0.0223142702771 0.0223142702771
-0.582901478495 0.753346506618 0.0547137695973 0.0547137695973
0.109470465502 1.04765602536 -0.0105427878265 -0.0105427878265
0.801792130321 1.35711933371 -0.0793415559301 -0.0793415559301
0.144500430545 1.06563217497 -0.0147540567717 -0.0147540567717
-1.0203700853 0.5280533444 0.108330823829 0.108330823829
-0.572453731413 0.730180675471 0.0640290014897 0.0640290014897
1.21949739277 1.58806120088 -0.147009741914 -0.147009741914
1.30631525663 1.65139369316 -0.17719736505 -0.17719736505
-1.38220008516 0.265144757817 0.232350521524 0.232350521524
-2.83743895066 -0.840243013916 0.809323772152 0.809323772152
1.49598850604 0.558428379471 0.983531763944 0.983531763944
9.67581026514 3.91618420818 0.569863089361 0.569863089361
