7.46315159752 6.61406274043 0.159083269551 0.196427185606
0.380090804311 -0.993196104419 -0.0442371046636 -0.0767873924899
0.631454049749 -0.515357919462 0.0137154487148 0.0433110255989
1.01756776281 0.199456920834 0.000153995403989 -0.027417012882
1.04226381117 -0.15937499107 -0.00803810241243 0.0180431501637
0.935613673508 0.171597329023 0.0131301807431 -0.0117963803944
1.075502554 -0.248560160765 -0.0167069696338 0.00728804171908
0.914180244634 -0.386656196955 0.0193750431108 -0.00384386360595
1.11746427294 0.565704723692 -0.0214582026845 0.0010965859977
0.372762387906 0.533717108504 0.023144604502 0.00117123106561
-0.278973782416 1.11677576679 -0.0245509330094 -0.00309683339551
-0.610875747164 1.0387728456 0.0257534102155 0.00477141765457
-0.443987165165 0.397985598396 -0.0268040167707 -0.00625824903496
-0.47470200745 0.737619052246 0.0277395348821 0.00760290352102
-0.812614882119 0.834733411129 -0.0285868617403 -0.00883937221386
-0.753256048231 0.271525443766 0.0293662743394 0.00999387063136
0.363393591903 1.23580921797 -0.030093515913 -0.0110873186909
-0.345913474919 0.929433291184 0.0307811781683 0.0121370249293
0.627670030557 0.650665193027 -0.0314396494343 -0.0131578846346
0.913576733885 0.434571162007 0.0320777888108 0.0141632810944
0.391635975958 1.12691106674 -0.032703424675 -0.0151658130615
0.604923406241 0.0479197781007 0.0333237399672 0.0161779359465
-0.0742870351547 1.31672618979 -0.0339455847827 -0.0172125875436
0.0823875173149 0.825510659379 0.0345757422793 0.0182838661723
-0.309101420816 0.891572459714 -0.0352211621529 -0.019407839113
-0.622720143214 0.208690239135 0.0358891622275 0.0206035851193
-0.448988615252 0.697965330139 -0.0365875753941 -0.0218946247773
-1.31032195575 -0.440015061329 0.0373247698535 0.023310983729
-0.744652761382 0.366614503877 -0.0381093553058 -0.0248923013194
-1.24193978777 -0.31963645925 0.0389491003914 0.0266927144764
0.0687119337043 -0.542826404477 -0.0398478240676 -0.0287888749297
-0.127828986832 -1.37061855118 0.0407968355817 0.0312937745217
0.113212044444 -0.661228072772 -0.0417505422879 -0.0343820098619
0.588237088617 -0.650176215391 0.0425504212034 0.0383393454376
0.246957918473 -0.476799729313 -0.0426480321361 -0.0436690990451
-0.24813041093 -1.60437524817 0.0397827692824 0.0513493710978
0.856619852959 0.407962881645 -0.0188707159256 -0.0635679526583
0.0794789464086 -1.25687493059 0.866861950659 0.0864338421908
-0.350769169057 -2.50827397872 -0.218861300399 -0.145907342784
-0.687792805399 0.51166711072 0.764547191963 0.717912384993
