3.66208328332 17.5619586874 0.237469813685 0.237469813685
1.05030906406 -0.411956447775 -0.0919325352849 -0.0919325352849
0.987235458983 0.403312151942 0.0533618567077 0.0533618567077
0.996034508884 -0.392380663347 -0.0353594914155 -0.0353594914155
1.0129413941 0.377775586022 0.0248339714305 0.0248339714305
0.981969231847 -0.356725209565 -0.0178571428571 -0.0178571428571
1.02071894101 0.322567844269 0.0128403768166 0.0128403768166
0.978403221102 -0.253186333536 -0.00901815999765 -0.00901815999765
1.02076973765 -0.0173481456359 0.00597575816687 0.00597575816687
0.982118383485 -0.840202625768 -0.00346860390646 -0.00346860390646
1.01172112483 -0.398719105873 0.00134281299199 0.00134281299199
1.0017453696 -1.07630368149 0.000503604017914 0.000503604017914
0.952978709336 -0.0674612393097 -0.00214124370622 -0.00214124370622
0.0991263667757 -1.65829038573 0.0036208632263 0.0036208632263
-0.536605880701 -0.423805420841 -0.00498024754303 -0.00498024754303
-0.436032851293 -1.4586412241 0.00624848453477 0.00624848453477
-0.896623301712 0.66531905537 -0.00744874186314 -0.00744874186314
-1.08453112142 -1.23393382659 0.00860014832297 0.00860014832297
-0.926493931133 0.407647186287 -0.00971912854336 -0.00971912854336
-1.0651304665 -0.45415347621 0.0108204035538 0.0108204035538
-0.942879420808 0.458833811539 -0.0119177949309 -0.0119177949309
-1.04764591555 -0.452414809397 0.0130249298579 0.0130249298579
-0.966001880629 0.434975407057 -0.0141559252021 -0.0141559252021
-1.00991337958 -0.384830720016 0.015326124744 0.015326124744
-1.04615589426 -0.0751171964375 -0.0165529738181 -0.0165529738181
0.00246289178198 -1.61575672486 0.0178571428571 0.0178571428571
0.75775486325 -0.414465890221 -0.0192640642416 -0.0192640642416
0.290713532391 -1.61347072919 0.0208061435195 0.0208061435195
0.701913869182 -0.16157269977 -0.0225260833515 -0.0225260833515
0.272379667403 -0.906342284969 0.0244820935313 0.0244820935313
0.868798193259 -0.071780317572 -0.0267564220454 -0.0267564220454
0.986729939392 -0.954906379338 0.0294700238706 0.0294700238706
1.05021487338 0.512428347258 -0.0328092739589 -0.0328092739589
0.932140540401 -0.469898540225 0.0370781455209 0.0370781455209
1.08000068806 0.455235740843 -0.0428095854145 -0.0428095854145
0.908466765407 -0.447155194558 0.0510327823084 0.0510327823084
1.10623111435 0.441206802133 -0.0640284540609 -0.0640284540609
0.868957451189 -0.435951359339 0.0880667208593 0.0880667208593
1.19208243859 0.4307579198 -0.148921652446 -0.148921652446
0.32386956342 -0.425247908238 0.63319103835 0.63319103835
