19.0 7.0 1.86230958969e-16 1.86230958969e-16
4.20479432372 1.6977214479 -0.117095666001 -0.117095666001
-4.92332562223 -0.713170111684 0.124673597788 0.124673597788
1.25428220334 1.63740749497 -0.0831905697179 -0.0831905697179
-1.61519513513 -0.30172672732 0.0246954827946 0.0246954827946
-1.61588417112 -0.26275666607 0.0260332268769 0.0260332268769
0.220414703819 0.426220629388 -0.05304908531 -0.05304908531
-2.19564377574 -0.110310617663 0.0517536905637 0.0517536905637
-0.268561823599 1.38048957489 -0.0284433661724 -0.0284433661724
0.0479950860537 1.04046386262 -0.00350038904346 -0.00350038904346
-0.436654522934 0.688907760792 0.0294315297035 0.0294315297035
0.532228225741 1.37925306446 -0.0391125095844 -0.0391125095844
-0.239354437758 0.745210138675 0.0301936517265 0.0301936517265
1.18429358655 1.0420911278 -0.00835676352864 -0.00835676352864
1.28934456029 0.316359041027 -0.0157072202943 -0.0157072202943
0.530641310373 -0.554041004976 0.0311138641579 0.0311138641579
1.17980907943 0.755904868189 -0.0313873510294 -0.0313873510294
-0.326081914115 0.90719531232 0.017007892689 0.017007892689
0.8311917078 0.962550683714 0.00505412189747 0.00505412189747
1.76900223745 1.19592896059 -0.0245356027672 -0.0245356027672
-0.336362609856 0.735558616013 0.0324244237486 0.0324244237486
0.636129560508 1.20301782145 -0.0249314969372 -0.0249314969372
0.933375001059 0.95821472219 0.00521959159441 0.00521959159441
0.0422311004495 0.86195438507 0.0178591228835 0.0178591228835
-0.399756004427 1.24202254362 -0.0335323702709 -0.0335323702709
-1.16888027563 0.79286266057 0.0338502434734 0.0338502434734
0.276050712176 1.04548509152 -0.0174238634655 -0.0174238634655
-0.753258416635 0.148218862767 -0.00946749559345 -0.00946749559345
-1.75802837831 -0.440915240695 0.0350111207589 0.0350111207589
-0.0766474510324 0.551025876998 -0.0465526594556 -0.0465526594556
-1.67592331582 -0.433384899828 0.0360949181722 0.0360949181722
-0.920498770448 0.0609377931535 -0.00444658577425 -0.00444658577425
-0.354545869927 1.21897758067 -0.0377012559539 -0.0377012559539
-2.18295832929 0.023840627535 0.0723474118799 0.0723474118799
0.231215139535 0.320580253491 -0.0795037033267 -0.0795037033267
-1.61946455616 -0.207503865327 0.0429748034991 0.0429748034991
-1.61073361285 -0.225435794905 0.0471950504899 0.0471950504899
1.18348828351 0.852276527027 -0.205449889999 -0.205449889999
-4.53650795836 -1.48830034265 0.571916017471 0.571916017471
5.28068335537 1.9339647159 0.918860662701 0.918860662701
