11.0 13.0 8.5401771125e-18 8.5401771125e-18
4.69187824355 5.01536296644 -0.169605100245 -0.169605100245
-1.91008266176 -3.68561936581 0.109066955459 0.109066955459
0.685948749045 -1.33630190079 0.0161585229567 0.0161585229567
2.35543037375 0.444780564694 -0.0787198808962 -0.0787198808962
0.229867230708 -1.71154317741 0.0482204386925 0.0482204386925
0.733495749989 -0.410913941436 0.0176717670585 0.0176717670585
1.68570963374 1.02718210575 -0.0478893080953 -0.0478893080953
0.670723863729 -0.5096081072 0.0243085225261 0.0243085225261
0.797503435484 -0.33852086403 0.0160433970071 0.0160433970071
1.34114087602 0.65816413043 -0.0301326910738 -0.0301326910738
0.894228468328 -0.273492471877 0.011591041095 0.011591041095
0.945657721431 -0.351819873749 0.0125710408205 0.0125710408205
0.760534932068 0.792452414543 -0.0173737661956 -0.0173737661956
-0.104514532094 0.96944529146 0.00434396354404 0.00434396354404
-0.134517176496 0.909687210906 0.0075815689727 0.0075815689727
0.0803693341916 1.10668542299 -0.00716123468712 -0.00716123468712
0.00315369453701 0.986960012177 0.000693701453451 0.000693701453451
0.127856839504 0.960067450877 0.00112842410666 0.00112842410666
-0.406244698687 1.01147671595 0.00145014398416 0.00145014398416
-1.0 1.0 2.98906198938e-17 2.98906198938e-17
-0.370539312644 1.05742803558 -0.00692430460087 -0.00692430460087
0.0889379485919 0.91491231574 0.00887718770546 0.00887718770546
-0.00725377994419 0.976909624493 0.00224035338217 0.00224035338217
0.186234265297 1.18279522667 -0.0169973621155 -0.0169973621155
-0.320244234653 0.830591357575 0.0153388270715 0.0153388270715
-1.00782687936 0.910221809186 0.00799351978089 0.00799351978089
-0.454628486391 1.34181313154 -0.0301338481734 -0.0301338481734
0.0724001382031 0.760435367185 0.0210248115328 0.0210248115328
0.0240482487171 0.783512729286 0.0190042398587 0.0190042398587
-0.280716939206 1.55647360389 -0.0490925266916 -0.0490925266916
-1.18393861013 0.704855475217 0.0263041570101 0.0263041570101
-0.606042190091 0.551339433308 0.0406555123041 0.0406555123041
1.03086614713 1.89369253708 -0.0830613882464 -0.0830613882464
-0.396574716501 0.663315331105 0.032518601529 0.032518601529
-1.68004030179 0.0490216852543 0.0975582986948 0.0975582986948
0.554337143121 2.64429114359 -0.186843523462 -0.186843523462
-0.240702923073 0.625174006045 0.0521849873267 0.0521849873267
-2.08159556558 -2.36496580295 0.85801768179 0.85801768179
4.76360150973 5.65373840628 0.809848807281 0.809848807281
