13.5784333298 22.8012572158 0.0878094067108 0.0878094067108
-0.23014073139 -1.64745932148 -0.0299737243302 -0.0299737243302
0.168808847344 -0.360998978848 0.0120390973011 0.0120390973011
0.146291323968 -1.64002682594 -0.00322348195754 -0.00322348195754
0.988379659951 -0.353424770226 -0.00207029023193 -0.00207029023193
-0.556365135212 -1.65801945892 0.00563791865112 0.00563791865112
0.4577326779 -0.324701750188 -0.0082327891933 -0.0082327891933
0.329613750973 -1.7012677283 0.0102266236483 0.0102266236483
0.677161300815 -0.25683314512 -0.011824197472 -0.011824197472
-0.691815384438 -1.82388852181 0.0131477865421 0.0131477865421
0.933329801615 0.0880033616649 -0.0142750899139 -0.0142750899139
0.085542231546 -1.08029552152 0.0152580228411 0.0152580228411
0.922503166996 0.094153154889 -0.0161327714552 -0.0161327714552
0.0589793596277 -1.11489373523 0.0169255156343 0.0169255156343
0.969862671935 0.142410355056 -0.0176558596291 -0.0176558596291
-0.0158565513028 -1.18153655873 0.0183389840367 0.0183389840367
0.214040810738 -0.641394186674 -0.0189870538115 -0.0189870538115
-0.375928745382 -1.42211088093 0.0196101795032 0.0196101795032
-0.808281647787 -0.555872359188 -0.0202171052344 -0.0202171052344
-1.26016152848 -1.2829654553 0.0208157301381 0.0208157301381
-0.699564092467 1.23825315934 -0.0214135333118 -0.0214135333118
-1.33509917666 -0.0612915532882 0.0220179527486 0.0220179527486
-0.627304663997 0.351015004256 -0.0226367598356 -0.0226367598356
-1.42401388299 0.329939029853 0.0232784701722 0.0232784701722
-0.471814190384 0.769188097439 -0.0239528384101 -0.0239528384101
-0.631266171651 0.184576353485 0.0246715016407 0.0246715016407
-0.320940893738 0.834994600017 -0.0254488679072 -0.0254488679072
-0.709761128001 0.170754616276 0.0263034048467 0.0263034048467
-0.26830655761 0.768885380903 -0.0272595910423 -0.0272595910423
-0.745850410352 0.772368637143 0.0283509973236 0.0283509973236
-0.261550602821 1.31597382784 -0.0296253730734 -0.0296253730734
-0.00562995854033 0.653859992926 0.0311534737046 0.0311534737046
1.00217874902 1.32778201852 -0.0330453170173 -0.0330453170173
0.935215714217 -0.405471208231 0.0354823822929 0.0354823822929
1.07015187066 0.379706615202 -0.0387875907689 -0.0387875907689
0.982400329072 -0.310068431949 0.04359740178 0.04359740178
0.605412515076 -0.115134401493 -0.0513657886783 -0.0513657886783
0.242674805499 -1.02116865452 0.0663005423375 0.0663005423375
1.4789293618 0.70469729578 -0.107755572169 -0.107755572169
-0.185768603144 -0.635661935199 0.891807092478 0.891807092478
