8.60053668065 6.14213569208 0.221794695979 0.207921470355
0.895163883982 -0.0464139037081 -0.0958298717875 -0.081220662091
0.595738408806 -0.48126608395 0.0615727916636 0.0462562962492
0.490025733432 -0.433965656745 -0.0457343860655 -0.0297293417643
1.36442494228 0.300384762514 0.0366881053987 0.0200042663921
0.68780530251 -0.275608499693 -0.0308938860645 -0.0135325178809
1.26662781375 0.31963031762 0.0269123666492 0.00886630947432
0.810984802754 0.804634605497 -0.0240507557085 -0.00530406383716
0.687693365409 1.19394832413 0.0219370652543 0.00246418344122
0.35060801552 0.808441420981 -0.0203565930763 -0.000120976971713
0.37335967837 1.18856157584 0.0191800923352 -0.00186789191914
-0.285265780089 0.814396088593 -0.0183292311779 0.00359693833325
-0.484910578064 1.18350065125 0.0177591954671 -0.00513169147147
-1.35939658032 0.815259824433 -0.0174502236961 0.00651933372428
-0.699533632958 1.20260883299 0.0174046977286 -0.00779503700436
-1.21971739614 0.136219063971 -0.0176488378082 0.00898591432305
0.183496741267 1.01204604987 0.018239910345 -0.0101135908444
0.22879541658 1.01450218287 -0.0192824447719 0.0111959488523
1.38507886953 0.250882693704 0.0209624554656 -0.0122483681938
0.692017827341 0.122397978795 -0.0236232597813 0.0132846585128
1.2553629871 0.791748895844 0.0279523953746 -0.0143178108629
0.802078702938 -0.343638656606 -0.0355259627467 0.01536065926
1.11346433153 0.254083812186 0.0508732313112 -0.0164265252897
1.05853222178 -0.188725141812 -0.0943075357024 0.0175299156778
-0.0929151102531 0.0558270246145 0.72481258626 -0.0186873528327
-8.06058281164 -2.52159636983 0.132140539361 0.0199184447783
-0.0987100648469 0.51587776864 -0.0633700812982 -0.0212473519615
-1.01134161588 -1.02451552884 0.0437773439555 0.0227049016372
0.756638905277 -0.858797828596 -0.0351721926286 -0.0243317716598
-0.989581949829 -0.840384701202 0.0309155492315 0.0261834893497
-0.61868747163 0.417949518364 -0.0289691980254 -0.0283386319951
-1.39831568496 -0.415162075081 0.028567958986 0.0309129573574
-0.611135300246 0.711049359566 -0.0294581910454 -0.0340852022365
-1.3696854124 0.819455049756 0.0316948580788 0.0381476349365
0.202524283299 1.27041185983 -0.0356508053854 -0.0436144035451
0.0331495588123 0.426333033152 0.0422339196082 0.0514829855417
1.4916570621 0.0620594029351 -0.0536100495951 -0.0639789813865
0.54835380659 -0.112498622852 0.0759263767541 0.0872911553302
1.4777017623 0.125019561174 -0.13521768714 -0.14748433512
0.00456205894131 -0.122452659647 0.682569020562 0.695666026473
