5.55729389443 5.44652557585 0.348824108275 0.314987268214
0.651390426829 -0.0781386585302 -0.136226031528 -0.108183435228
1.33050698198 0.0553332022975 0.0909738904173 0.0643700069818
0.637613510438 0.00821606159689 -0.071980017806 -0.0451569036845
0.30866668317 1.02366514389 0.0620950992117 0.0342621376603
-0.281956595803 0.958040374381 -0.0564690075553 -0.0271731407315
1.18052935115 0.17355842917 0.0532123605494 0.0221395141709
-0.246195206505 0.511515420689 -0.0514551737135 -0.0183396833539
-0.49766981009 0.434309129051 0.0507630963718 0.0153366118299
-0.444896216523 0.773573473797 -0.0509227324736 -0.0128760607717
0.780658157054 0.432658766327 0.0518559144757 0.0107997506561
0.9657642273 -0.013539964938 -0.0535914570184 -0.00900368416177
-0.36843824727 0.584483502891 0.0562750221353 0.0074164040564
-1.24309417339 -0.13831321293 -0.0602253267223 -0.00598687096798
0.312777161989 0.68007538395 0.0660845402281 0.00467732280793
0.515406170308 0.399027213871 -0.0752284843637 -0.00345886491148
0.511298438615 -0.541554475902 0.0911062962236 0.00230862718943
0.401922126347 0.683123631711 -0.125394457251 -0.00120785300354
-0.733822228229 0.556780982861 0.259436704165 0.00014055528101
1.00547893001 -0.598522825797 0.399621208327 0.000907480011425
0.961819108078 -0.467582302572 -0.0647858765017 -0.00194948374263
-0.156680608979 -0.438330332171 0.00995239101542 0.00299838448708
-0.831843183354 -0.746790718201 0.0304688597356 -0.00406745670651
0.361100385246 0.576423506462 0.523490853087 0.00517100636623
-0.774781314877 0.0476840410333 0.518642070801 -0.00632517121023
-0.862697868103 -1.7934809506 -0.0245154206613 0.00754893542786
0.227522137468 0.192111616128 0.459010164623 -0.00886550335404
-1.26157141898 -1.12774716982 0.538403919176 0.0103042592355
-0.209690980654 -0.860175034713 0.151329831395 -0.0119036907262
-0.614941704976 -0.778090687176 -0.145932331985 0.0137159365192
0.80994475485 0.0380954726046 0.423611672308 -0.0158141719931
0.836196168246 0.058152778369 0.250896396795 0.0183051900332
0.236342116488 1.25654252973 -0.0781007307202 -0.0213520566753
0.581564891512 -1.25328674247 0.0169909689367 0.0252177553282
-0.874060575626 0.245351147651 0.448890266443 -0.0303567024192
-2.14399282721 0.71876337652 0.151663682405 0.0376291636005
-0.247482165802 -0.740599531955 -0.125983677241 -0.0488867417713
0.138554809159 -0.34757184264 0.170500376768 0.0689819856843
-0.195551878786 -0.0253333165259 0.390535885198 -0.115999067325
-0.98965009218 -1.10495299389 0.306175146474 0.36302158053
