6.40773931678 7.07807121248 0.228394319123 0.228394319123
0.279473549208 -0.79788050033 -0.0887608147718 -0.0887608147718
0.793413859661 -0.177328178926 0.0512593452856 0.0512593452856
0.942079216228 -0.0233710216202 -0.0336839201125 -0.0336839201125
1.10960770718 -0.331273266838 0.0233866599225 0.0233866599225
0.869857021325 -0.652503665793 -0.0165524236952 -0.0165524236952
1.14167088448 0.729871875189 0.0116338917405 0.0116338917405
0.848991872918 0.232371639139 -0.00788410197502 -0.00788410197502
1.16232199817 0.163996042808 0.00489785545886 0.00489785545886
0.818390116506 1.02251919641 -0.00243598046027 -0.00243598046027
1.22679428837 0.397433179772 0.000347875480408 0.000347875480408
0.574802611292 -0.0469865758498 0.00146633425725 0.00146633425725
0.51430214378 1.31704448164 -0.00307581770902 -0.00307581770902
1.029988313 0.726944003778 0.00453032886127 0.00453032886127
-0.0479395577994 1.25972935958 -0.00586692218603 -0.00586692218603
0.0751958428752 0.742732003725 0.00711413563019 0.00711413563019
-0.214770190607 1.26270193096 -0.00829470912487 -0.00829470912487
-0.636907004914 0.720655869651 0.00942742743286 0.00942742743286
-0.417148462363 1.3240477276 -0.010528428379 -0.010528428379
-0.51526096276 0.475699726228 0.0116121843579 0.0116121843579
-0.889839954279 0.623576606981 -0.0126922919665 -0.0126922919665
-1.10926133378 0.337214844397 0.0137821651972 0.0137821651972
-0.899110263297 0.714801599155 -0.014895708922 -0.014895708922
-1.09249453591 -0.181328484057 0.0160480456724 0.0160480456724
-0.91485626182 0.148748967983 -0.0172563788722 -0.0172563788722
-1.0813643815 -0.127248428296 0.0185411027431 0.0185411027431
-0.901046255794 0.0762794980307 -0.0199273215981 -0.0199273215981
-0.281202149421 -0.825095909 0.0214470371144 0.0214470371144
-1.10948206697 -0.197776080964 -0.0231424380784 -0.0231424380784
-0.796297592857 -1.43992980224 0.0250710596276 0.0250710596276
-0.434836153047 -0.357011398698 -0.0273142361881 -0.0273142361881
-0.447084048944 -0.684005984034 0.0299916458781 0.0299916458781
-0.0675384019404 -0.99825811773 -0.0332878186546 -0.0332878186546
-0.679594088114 -1.03092946867 0.0375039671711 0.0375039671711
-0.484698994144 -1.00418853975 -0.0431687657929 -0.0431687657929
-0.0736641954873 -0.790758094908 0.0513046593655 0.0513046593655
0.850881407667 -0.321829999195 -0.0641823695324 -0.0641823695324
-0.311829986535 -1.16201679978 0.0880672546544 0.0880672546544
1.08594559232 -0.0991358761849 -0.14891272833 -0.14891272833
-0.507047081301 -0.832856299904 0.653308608648 0.653308608648
