14.0741931367 8.00355772036 0.276022855461 0.245833145095
-1.31276124315 -0.252978830081 -0.112759342493 -0.0947455468692
-0.620240367421 0.218690638426 0.0660168300854 0.0552259738017
-0.37178061477 -1.33086355943 -0.0428146047582 -0.0368545286122
0.888044017927 -0.105853724242 0.02859985858 0.0261348737634
-0.0169489861876 -1.11658440812 -0.0188281117402 -0.0190381481304
-0.30831029035 -0.363311979669 0.0115926376226 0.0139394906291
-0.686067823634 -0.69395685712 -0.00594450525259 -0.0100573056201
-0.626103394088 0.0177284980092 0.00135494272191 0.00696866760932
-1.36847962927 0.0297754035077 0.0024956745009 -0.0044244082462
-0.623306879756 0.792375460344 -0.00581296322919 0.00226786147141
-1.39041303485 -0.227290949795 0.00873600692136 -0.000395255485397
0.30791370116 1.06771583603 -0.0113629691184 -0.00126520376413
-0.414539291683 0.916837551129 0.013765807795 0.00276511106945
0.56965604456 0.957124735788 -0.0159991864091 -0.00414285865431
0.239138504159 0.216140027401 0.0181061294325 0.00542798947056
0.828367515573 0.733082342373 -0.0201217766906 -0.00664402338207
0.0977309288024 0.321774781514 0.0220759969089 0.00781037088693
1.40417460759 0.201261333821 -0.0239953111182 -0.00894368994093
-0.289534629767 0.645624658101 0.0259044102335 0.0100589023247
0.421200515467 1.30331083676 -0.0278274621777 -0.0111700096904
-1.23379571939 0.0448468042556 0.029789360786 0.0122908082015
-0.310696462616 1.21576530406 -0.0318170572768 -0.0134355809901
-0.293607675076 0.761354386909 0.0339411317551 0.0146198434597
-0.413322964636 1.25335470873 -0.0361978123771 -0.0158612265242
-0.250617339246 0.725150423549 0.0386317502895 0.0171806101899
-0.293309233954 1.32678812283 -0.0413000460739 -0.018603673053
0.830633430246 0.301665494714 0.0442783755403 0.0201631204213
1.22431775303 0.102790032219 -0.047670746769 -0.0219020318993
0.768284908013 -0.133818696357 0.0516258194518 0.0238791056921
0.739349771334 -0.357922978303 -0.0563657748417 -0.0261772408813
0.19439992406 -0.703453454893 0.0622409822249 0.028918284583
0.867608718336 -0.242026299931 -0.0698428526552 -0.0322898664798
-0.0453568427452 -0.925225682834 0.080265289273 0.0365977632658
0.205537176386 -0.932590694421 -0.0958182767934 -0.0423775305172
-0.298900281224 -1.09816453531 0.122544190768 0.0506619303805
-0.786991447958 -0.912778754299 -0.18453106174 -0.0637348139745
-0.708634077027 -0.614377768173 0.761767169667 0.0878531107986
0.698314001872 -2.15001369717 -0.00545931343925 -0.148548755717
0.234678135025 -0.574449599103 0.558222726864 0.613769121283
