14.0 5.0 4.20084387696e-17 4.20084387696e-17
2.08099776758 0.277070572227 -0.0387739529946 -0.0387739529946
-0.0822523210607 0.691776771861 0.0512034122389 0.0512034122389
2.06856706863 0.399158348356 -0.0557108302197 -0.0557108302197
-0.0474864438125 0.459611106956 0.0562728570465 0.0562728570465
2.04751252002 0.728709312446 -0.0543227039723 -0.0543227039723
-0.370879296709 0.0173165168576 0.050565236266 0.050565236266
0.551543419473 1.53740854042 -0.0454420084493 -0.0454420084493
-0.447949119744 0.662706220891 0.0392864535487 0.0392864535487
0.143544794894 1.03378829726 -0.032384035739 -0.032384035739
-1.32176786884 -0.260832633868 0.024997171394 0.024997171394
0.378475367468 1.43349766848 -0.0173751995037 -0.0173751995037
-1.35208111205 0.721355838634 0.00975735611871 0.00975735611871
-0.907857720108 0.0441624986943 -0.00237226171898 -0.00237226171898
0.128232697496 1.05369343009 -0.00456436229954 -0.00456436229954
-1.22996657714 -0.0617570112759 0.0108528231536 0.0108528231536
0.249762948171 0.995178675583 -0.0163128852412 -0.0163128852412
-1.20105272071 0.136988005632 0.0207871453423 0.0207871453423
0.0928220989055 0.67167859988 -0.024144110531 -0.024144110531
-0.930525122336 0.578007094271 0.0262808009946 0.0262808009946
-0.2957774117 0.0916750667252 -0.0271247442289 -0.0271247442289
-0.24373673358 1.53197579928 0.0266352593538 0.0266352593538
0.604400624877 0.324944761913 -0.0248039550539 -0.0248039550539
0.65300878735 0.338616745259 0.0216543833936 0.0216543833936
0.148705048013 0.868732887891 -0.0172408038475 -0.0172408038475
1.02489304349 0.0123917671945 0.0116460144956 0.0116460144956
1.02143072938 1.02403114919 -0.00497819442303 -0.00497819442303
1.02573252759 0.028343210835 -0.00263333900444 -0.00263333900444
0.0275743151106 0.795241628646 0.0110436460451 0.0110436460451
0.0401192149431 1.25039864797 -0.0200993350737 -0.0200993350737
-0.0637890418244 0.68625707763 0.0296481758853 0.0296481758853
-0.413778482246 1.41924843592 -0.0395528311575 -0.0395528311575
-1.51360221895 0.0726987169204 0.0497124394316 0.0497124394316
-0.425117421526 0.199029201247 -0.0601009854277 -0.0601009854277
-1.65677240265 -0.269310522139 0.0708461268973 0.0708461268973
-0.259654892981 0.296555879025 -0.0824207239241 -0.0824207239241
-1.81718081345 -0.289534484338 0.0962176704529 0.0962176704529
-0.121162578125 0.192162120638 -0.116907271432 -0.116907271432
-1.89798500577 -1.42532891742 0.170159050841 0.170159050841
1.12386314272 0.516136758024 0.990779592424 0.990779592424
