10.0 10.0 -5.38289951333e-17 6.72862439167e-18
2.77353967149 2.0688666749 -0.109703430474 -0.0915924040904
-0.441647731875 -1.80847736194 0.140564519409 0.108168727803
2.01468036306 1.38968255469 -0.131365106004 -0.0930047642914
0.422727111945 -0.878282571588 0.0948696598498 0.0615938384848
1.20176748021 0.348916281083 -0.0417561681925 -0.02473802562
1.06240129877 0.126687163651 -0.0164563004414 -0.00883371268776
0.803684171368 -0.491290895146 0.0679714270324 0.0327359575025
1.21276201541 0.711075929337 -0.102141731908 -0.043532895711
0.849445856672 -0.781647409513 0.110834397501 0.040993638597
1.06332932439 0.746380694204 -0.0891027205175 -0.027787485742
0.994741320376 0.809068320819 0.0343764224535 0.00864068647186
1.0158560487 -1.00924726373 0.0580261204802 0.0108730445906
0.901859816813 -0.117757879924 -0.215953141096 -0.0256471788823
1.01231167372 -0.244227309675 0.73103869422 0.0321783640477
-1.52914046487 0.787194423856 0.755097242785 -0.0292826634529
-2.71774605996 2.05299563442 -0.138007183037 0.0182473481505
0.0483697260412 0.965662950784 0.0100085311393 -0.00240118236081
-0.745445894163 0.860750387879 0.0375489639916 -0.0137836690885
-0.581773609943 1.28835752919 -0.0495385869127 0.0258411668186
-0.0917539882972 0.279703133419 0.0425055325265 -0.0304408689144
-1.13185176863 0.26374221557 -0.0269856270226 0.0262325057699
0.161314875271 0.999351180355 0.0106886399053 -0.0142069965659
-0.956785962818 0.0225586947783 0.00134400414287 -0.00251385840185
-0.45410851236 0.624938092597 -0.00692592487368 0.0194158903943
-0.00488974961291 1.38804908631 0.00655742348282 -0.0316944674954
-1.70816645186 0.661216402934 -0.00275004657551 0.0354696980658
-0.577228426067 1.22497297156 -0.00105569083194 -0.0288352382472
-1.10428030295 0.924549501062 0.00174000838729 0.0124941783925
-0.16279242967 0.970310071075 0.00237268988754 0.0101752137761
-0.273671611841 0.414771832579 -0.0107850821463 -0.033654482335
-1.40801902292 -0.00414386175731 0.0206676076624 0.0513138542459
1.14240072061 1.71652457435 -0.0273017425806 -0.0567073208219
-0.887852125547 0.523283486458 0.0249950172492 0.0448211313347
-0.841790789106 1.12305057955 -0.00816351938109 -0.0129083110059
0.270367620678 1.34355336021 -0.0279569362613 -0.0395607975914
-0.842622665694 0.116471920956 0.0881875658451 0.112864080394
1.38864239941 2.44660353892 -0.185066900395 -0.215846696917
-1.81126300012 -1.05459615672 0.408585758968 0.43661117861
2.05384119457 1.91765424977 0.967278035975 0.950423728894
