13.0 12.0 -1.26882631386e-17 -9.51619735393e-18
0.987244583087 1.51100840489 -0.0762140756953 -0.065274066465
-2.85045231512 -0.623921475807 0.103014923053 0.0826840358104
0.560458648936 2.30171127935 -0.109458997475 -0.0825748769302
-1.89377882351 -0.0281010515072 0.102335759046 0.0726962057638
1.14804803024 1.78032707492 -0.0849720994086 -0.0568941875269
-0.582087356629 0.378285667937 0.0601628802863 0.0379733699956
1.45195620676 0.103725370167 -0.0308125528514 -0.0183199571557
1.0 -3.04518315326e-16 1.56892783013e-17 1.23777592385e-17
0.665290890385 -0.101800174781 0.0291538510003 0.015292134507
1.55835941333 0.176728128225 -0.0536892243975 -0.026318230073
0.362296189997 -0.251973270458 0.0710192200626 0.0323661409913
1.33035504022 0.577602151869 -0.0791076376501 -0.0332826241756
-0.920696111024 1.11040437118 0.0765766899817 0.0294589944742
0.700177743663 0.926794664328 -0.0627054496841 -0.0217678317245
-0.445267491556 1.0516385428 0.0372580920421 0.011455450694
-1.0 1.0 -1.18889557372e-17 1.00731185443e-17
0.230773315622 0.893963027147 -0.0505468611905 -0.011051161029
-1.27658901407 1.2857757314 0.120967346514 0.0202489172187
0.144329028279 0.442916881229 -0.240818517596 -0.0263982196614
-0.670566989031 1.82061462698 0.665520450037 0.028686913652
1.45418287471 -3.31106437736 0.757586547931 -0.0267748595667
2.81131022921 -6.28958091455 -0.159607058718 0.0208345562848
0.747269715103 0.687618203421 0.0461330388743 -0.011539283596
-6.09036630652e-16 -1.0 -1.09292852262e-17 2.61514459426e-18
0.843734741129 -0.469230654908 -0.0197355862222 0.0123426410647
0.596719291281 -0.0284120779471 0.0249914861826 -0.0238602497832
-0.674820041126 -1.93481187377 -0.0216718537761 0.0328981842676
1.05404392338 -0.182931272911 0.0139236056662 -0.0379398634276
0.634176102115 -1.43755901542 -0.00518731073075 0.0377563634522
1.24823409291 0.595046836275 -0.0015790760149 -0.031524137368
-0.383326844544 -1.50372463475 0.00392717211603 0.0188946858527
2.03012210217e-16 -1.0 2.73582488572e-16 3.10503900083e-19
1.34253759407 0.371139213772 -0.0114279709454 -0.0246276413149
-0.540487879471 -1.46582406651 0.0310376291647 0.0542664384286
1.64144718149 -0.0892775488126 -0.0593396362904 -0.0884819795301
-0.675470067462 -2.22530315531 0.0978814617027 0.128398834498
1.67373794236 0.43659811769 -0.154145430271 -0.181615595985
-0.666910145837 -2.4882023639 0.279710047669 0.300332236328
1.67948458683 1.83696249226 0.985533423301 0.974515804886
