11.0 4.0 0.0 0.0
0.546126733906 1.18099309036 -0.0253141048256 -0.0253141048256
-0.505579403248 0.815886509248 0.0332659354587 0.0332659354587
0.446906629897 1.17900595663 -0.0362587720026 -0.0362587720026
-0.332299645131 0.831827683439 0.0369108382567 0.0369108382567
-0.440918666225 1.15268175002 -0.0361501990165 -0.0361501990165
-0.79561700134 0.866737288635 0.0344217922128 0.0344217922128
0.565322659301 1.1105476794 -0.0319938149118 -0.0319938149118
-0.47319589985 0.914872119779 0.0290596878669 0.0290596878669
0.406474118547 1.05753936101 -0.0257777985526 -0.0257777985526
-0.347547652934 0.971804315703 0.0222883367499 0.0222883367499
0.290271323319 0.997226779107 -0.0187204813349 -0.0187204813349
-0.229200955132 1.03593693289 0.0151951088208 0.0151951088208
0.149744642792 0.926104644831 -0.0118252866554 -0.0118252866554
0.0496524622407 1.12731416163 0.00871564465372 0.00871564465372
1.31081232337 0.729596677062 -0.00596120272135 -0.00596120272135
0.784004122279 -0.036016984542 0.00364598765306 0.00364598765306
1.17278709164 -0.0459241581269 -0.00184164613246 -0.00184164613246
0.834811313072 0.102168323691 0.000606191786493 0.000606191786493
0.029548400014 0.994104912536 1.70171802408e-05 1.70171802408e-05
1.0 -9.34924652316e-16 1.31473779232e-17 1.31473779232e-17
1.00217569682 -0.0131346369652 -0.000669476158262 -0.000669476158262
1.01536278964 -0.00647999941192 0.00198791492502 0.00198791492502
0.948843264061 0.0737864219142 -0.00393652709454 -0.00393652709454
1.14351756793 -0.838750511695 0.00648210809613 0.00648210809613
0.0968456122002 -1.04677774876 -0.00957838123253 -0.00957838123253
0.696084956352 -1.01181447719 0.0131678423169 0.0131678423169
0.565667555739 -0.932421735367 -0.0171841694633 -0.0171841694633
-0.262944548843 -1.13375739721 0.0215553218912 0.0215553218912
-0.201472030677 -0.772922206439 -0.0262075748865 -0.0262075748865
-1.48028810052 -1.40202413597 0.0310709939191 0.0310709939191
-0.585096176092 0.103626259194 -0.0360874046928 -0.0360874046928
-1.37844418271 0.748856040741 0.0412231944778 0.0412231944778
-0.675017979902 0.0755648979091 -0.0464924997795 -0.0464924997795
-1.13066485851 1.27806686428 0.0520054167113 0.0520054167113
0.388153542607 0.72347139529 -0.0580856588842 -0.0580856588842
-1.56724659569 -0.0408728824878 0.0656228342677 0.0656228342677
0.740564653138 1.29065878808 -0.0775032922379 -0.0775032922379
-0.651983314982 0.723614569527 0.109090639409 0.109090639409
0.610681658172 0.163640293372 0.995887062876 0.995887062876
