14.7142857143 3.83333333333 0.0238095238095 0.0238095238095
-1.53134404598 0.997372405491 0.000583000741789 0.000583000741789
-0.338355609853 1.01208301307 -0.00851511321389 -0.00851511321389
-0.663753992181 0.982795880307 0.0124814417139 0.0124814417139
-0.329777601145 1.0204759172 -0.0148849997004 -0.0148849997004
-0.671202436319 0.977273505336 0.016514152402 0.016514152402
-0.337909083327 1.02430002554 -0.0177038481231 -0.0177038481231
-0.633656930612 0.9746558524 0.0186207139904 0.0186207139904
-0.445994949059 1.0258982464 -0.0193570800385 -0.0193570800385
-0.160942928839 0.974085858065 0.0199683222892 0.0199683222892
0.31779480423 1.02523558632 -0.0204897520254 -0.0204897520254
-0.470978934817 0.976478668253 0.020945030949 0.020945030949
1.06521517277 1.02003401243 -0.0213506929179 -0.0213506929179
0.0438751196549 0.987002238856 0.0217187267508 0.0217187267508
0.847631118004 0.997074291035 -0.0220581292269 -0.0220581292269
0.876226178801 1.05289038503 0.0223758819255 0.0223758819255
1.21261547258 0.237450311145 -0.0226775920543 -0.0226775920543
0.732402885259 -0.115784346283 0.0229679311678 0.0229679311678
1.32245486434 0.0732036453867 -0.0232509501987 -0.0232509501987
-0.255909447758 0.835762308485 0.0235303192108 0.0235303192108
1.28571428571 0.166666666667 -0.0238095238095 -0.0238095238095
0.660870655199 -0.159011382066 0.0240920413768 0.0240920413768
1.39039830891 0.189502412363 -0.0243815164194 -0.0243815164194
0.483524260254 -0.314023293913 0.0246819541514 0.0246819541514
0.409018392377 -0.76412323052 -0.0249979549275 -0.0249979549275
0.861707120918 -0.137952219603 0.0253350203546 0.0253350203546
1.03067126509 -1.15291270015 -0.0256999774643 -0.0256999774643
-0.48634168412 -0.922427480834 0.0261015956663 0.0261015956663
0.462648371945 -1.05469187566 -0.0265515234665 -0.0265515234665
-0.485048413585 -0.94360113406 0.0270657716102 0.0270657716102
0.55502458061 -1.10050478995 -0.0276671686087 -0.0276671686087
-0.987719277321 -0.498558000266 0.0283896371375 0.0283896371375
-0.67539994932 0.206803753031 -0.0292861021864 -0.0292861021864
-1.40423892947 -0.21705488456 0.0304442366887 0.0304442366887
-0.536084515161 0.787929964269 -0.0320209154583 -0.0320209154583
-1.55754698801 1.02858154722 0.0343277335849 0.0343277335849
0.341195405877 1.01033022899 -0.0380848797746 -0.0380848797746
-1.28569422674 0.968717030557 0.0454189056865 0.0454189056865
0.260027261258 1.05946269032 -0.0665749720287 -0.0665749720287
-0.377306056381 0.0304836556065 0.972371702816 0.972371702816
