13.0 5.0 -7.93016446161e-18 -7.93016446161e-18
5.52368695161 0.627929099923 -0.149639726369 -0.149639726369
-1.63927907453 -1.15374992451 0.123074139032 0.123074139032
1.55563522854 1.24302895626 -0.030440064726 -0.030440064726
1.75046440768 0.511115638766 -0.0462160620256 -0.0462160620256
0.0830526040351 -0.204133544277 0.064620134105 0.064620134105
1.32228617809 1.42003415735 -0.0318020212627 -0.0318020212627
0.284245949649 1.16568383839 -0.0141622036231 -0.0141622036231
-0.628127089571 0.589119721005 0.0371606179064 0.0371606179064
0.401706123432 1.29183370573 -0.0270110128063 -0.0270110128063
-1.26882631386e-16 1.0 -5.55111512313e-17 -5.55111512313e-17
-0.159770332971 0.784556239127 0.0195413400938 0.0195413400938
-0.123721555327 1.22133068316 -0.0192731487542 -0.0192731487542
-1.11984748794 0.936717473491 0.00516308114468 0.00516308114468
-1.12479413539 0.893557121964 0.00787855339123 0.00787855339123
-0.935777731841 1.16070196546 -0.0102891084645 -0.0102891084645
-0.898865902984 0.915952484291 0.00429819847009 0.00429819847009
-0.0856532174068 0.960587417309 0.00136905800795 0.00136905800795
0.0370643144234 1.10852385293 -0.00152542847845 -0.00152542847845
0.203859752831 0.917001285652 -0.000972919190605 -0.000972919190605
1.0 1.0 9.91270557701e-18 9.91270557701e-18
1.02763247359 1.06938202073 0.00557894809806 0.00557894809806
1.10373329883 0.922676315657 -0.0093741043156 -0.0093741043156
0.902346586711 1.02497701399 0.00400131824084 0.00400131824084
0.0801856902416 1.05090634999 0.00953516846624 0.00953516846624
0.121783159717 0.896465846248 -0.0197385880074 -0.0197385880074
-0.223082348886 1.08464492849 0.0138569159998 0.0138569159998
-0.976796961003 1.07756610205 0.00860038377377 0.00860038377377
-0.881506001632 0.277848309391 -0.0310465724964 -0.0310465724964
-1.19801287938 0.128781078819 0.0309071071421 0.0309071071421
-1.0 1.0 -3.17206578464e-17 -3.17206578464e-17
-0.63588357522 0.556745933054 -0.0427213416692 -0.0427213416692
-1.53253234804 -0.420848420908 0.0598609927497 0.0598609927497
-0.789383713362 0.0874754314695 -0.0235906395479 -0.0235906395479
-0.526262096363 -0.507435590064 -0.0559338644264 -0.0559338644264
-1.76819506154 -1.73985583075 0.123967028677 0.123967028677
1.14259141158 -0.541823431472 -0.102526195644 -0.102526195644
1.59448301153 -0.727155673485 -0.0889665635302 -0.0889665635302
-2.2867261767 -1.80042362461 0.756318525673 0.756318525673
4.54231769045 2.31314021224 0.858069482936 0.858069482936
