11.0 4.0 -2.22044604925e-17 -9.51619735393e-18
2.37936039283 1.5755401013 -0.0529314254002 -0.065274066465
-0.242892856849 -0.34797338499 0.0588237860273 0.0826840358104
2.04069904527 0.925339500369 -0.0496766926627 -0.0825748769302
0.227982560086 0.889988646308 0.0347563423361 0.0726962057638
1.32595766811 1.11221650213 -0.0191378240746 -0.0568941875269
-0.570268778222 0.922186207576 0.00644923262763 0.0379733699956
0.262432334533 1.03565748483 0.000574728696954 -0.0183199571557
-6.09036630652e-16 1.0 2.72724156849e-17 1.23777592385e-17
-1.09685560055 0.981690950264 -0.00933550680791 0.015292134507
-0.135721008799 1.00686776829 0.0279482083557 -0.026318230073
0.0782780137365 1.0642220631 -0.0561158385388 0.0323661409913
-0.419801469454 0.564709034598 0.0951162103226 -0.0332826241756
-1.19257557791 -0.174876762494 -0.152156601511 0.0294589944742
-0.885517312309 0.0490783892488 0.278564404604 -0.0217678317245
0.338394731833 0.0486909610915 0.98597125558 0.011455450694
3.0 1.0 -3.27117280426e-18 1.00731185443e-17
1.37825610056 0.244113671629 -0.076325227494 -0.011051161029
0.640819644122 -0.388664957938 0.102932953029 0.0202489172187
0.818466241062 0.988821836181 -0.108973096592 -0.0263982196614
-0.260855389794 0.465663211233 0.101383119416 0.028686913652
1.8261114033 -0.114371068807 -0.0836690470936 -0.0267748595667
0.275928308554 0.159607319175 0.0588079262804 0.0208345562848
0.246846495158 1.12112825297 -0.0298592407517 -0.011539283596
1.0 1.0 -1.00566616628e-17 2.61514459426e-18
0.00840341320741 0.905908767773 0.0276347755717 0.0123426410647
0.101644482321 1.18628245921 -0.0501784798561 -0.0238602497832
-0.13782345193 0.718791324614 0.0652643252589 0.0328981842676
-0.155097129442 1.39481424124 -0.0712224876032 -0.0379398634276
-1.49258534618 0.339216105461 0.0672153579264 0.0377563634522
-0.643605160426 0.279679364235 -0.0532919690924 -0.031524137368
-1.19853318676 0.952184568409 0.0303501365467 0.0188946858527
-1.0 4.06024420434e-16 -1.18622752111e-16 3.10503900083e-19
-0.767197064276 -0.0141067996348 -0.0356788023439 -0.0246276413149
-1.48465547387 -0.0360077574768 0.0745153556474 0.0542664384286
-0.264192727714 0.11190734953 -0.114880199191 -0.0884819795301
-1.96365714282 -0.199228502692 0.15708574815 0.128398834498
0.140521875118 0.28892755863 -0.208390455552 -0.181615595985
-2.19858898738 -0.375573466585 0.321166792613 0.300332236328
1.59174952632 0.460426204079 0.96297652129 0.974515804886
