10.1869152848 7.01253447204 0.0655871844886 0.0878094067108
-1.43401385252 0.175866070032 -0.00968321481239 -0.0299737243302
-0.633466302974 1.06612724252 -0.0064594806087 0.0120390973011
-1.09980335802 0.956016473503 0.013588260522 -0.00322348195754
0.620208111371 1.04431712344 -0.0172720542797 -0.00207029023193
-0.625191131849 0.952249453508 0.0192826832596 0.00563791865112
1.27751472873 1.04818298277 -0.020352488487 -0.0082327891933
-0.231928573725 0.962482504987 0.0208337864639 0.0102266236483
1.31089937078 0.091954690605 -0.0209125766323 -0.011824197472
0.496358068406 0.0587283548981 0.0206920460704 0.0131477865421
0.467317264475 1.00243225495 -0.0202295164124 -0.0142750899139
0.858552887018 -0.347671148054 0.0195541188464 0.0152580228411
1.20795439063 0.298645603862 -0.0186754525226 -0.0161327714552
0.770212044517 -0.293946824499 0.017587439434 0.0169255156343
1.23673115431 0.304676073463 -0.016269115782 -0.0176558596291
0.765321624902 -0.325612884925 0.014682880379 0.0183389840367
1.22247325057 0.358570479124 -0.0127698810108 -0.0189870538115
0.812942870595 -0.417371316731 0.0104412826477 0.0196101795032
1.01358651587 0.617853360092 -0.00756260948726 -0.0202171052344
-0.379102975817 0.715628309639 0.00392517943661 0.0208157301381
0.320939052665 1.38167742558 0.000808688910464 -0.0214135333118
-0.296207032309 0.544044200419 -0.00721893651699 0.0220179527486
0.278673103067 1.53901990147 0.0163870914787 -0.0226367598356
-0.261542056182 0.352078293377 -0.0305804801768 0.0232784701722
0.240282102774 1.80821366629 0.0554766991503 -0.0239528384101
-0.2071802878 -0.0771695770073 -0.110397743304 0.0246715016407
0.136661726331 2.59365863176 0.330656667752 -0.0254488679072
0.182431071207 -5.13952407937 0.772351757794 0.0263034048467
0.959120461007 -6.56205574433 -0.221474731447 -0.0272595910423
-0.575749087839 0.600256603713 0.143298884868 0.0283509973236
1.14296534264 -1.85738768437 -0.112559835464 -0.0296253730734
-0.0184683460084 -0.479372646943 0.096610813638 0.0311534737046
0.0394299911076 -1.27127330806 -0.0873814259958 -0.0330453170173
-0.974807272759 0.0931165105187 0.0820383906319 0.0354823822929
-0.0461266805331 -1.02340440297 -0.0795334169258 -0.0387875907689
-0.956935453602 0.0501559432101 0.0797890968852 0.04359740178
0.0100199590497 -1.5004808558 -0.0838506476028 -0.0513657886783
-1.53440453002 -0.122365146879 0.0956744850501 0.0663005423375
-0.601260941502 -0.0813379224038 -0.134450984265 -0.107755572169
-0.570211382227 0.0927091387938 0.916144931804 0.891807092478
