10.8333333333 8.71428571429 -0.0238095238095 0.0238095238095
-0.40150396581 0.871877539945 0.0445495634543 0.000583000741789
-0.619190243373 1.17536132465 -0.0491326431217 -0.00851511321389
-0.338534091494 0.690980080454 0.0499747354126 0.0124814417139
-0.747185771122 0.224930148712 -0.0494168121767 -0.0148849997004
0.00484612238009 0.985907919859 0.0481961019839 0.016514152402
0.0167872774115 1.14982223619 -0.0466033247335 -0.0177038481231
0.18936116972 0.555972630895 0.0447647714878 0.0186207139904
1.29209685282 0.0706796702271 -0.0427338194388 -0.0193570800385
0.765102826568 -0.525221634085 0.0405259190205 0.0199683222892
1.2141717734 -0.653866768335 -0.0381329564365 -0.0204897520254
0.798000574272 0.204806000964 0.0355285954358 0.020945030949
1.19163109229 -0.111633770143 -0.032668644997 -0.0213506929179
0.820649867622 0.0776212870546 0.029487533631 0.0217187267508
1.15911395549 -0.0965419863993 -0.0258902232713 -0.0220581292269
0.894304073703 0.712718719499 0.021736936377 0.0223758819255
0.394198848816 1.16470828011 -0.0168144126 -0.0226775920543
-0.275668338952 0.837029214954 0.0107786653559 0.0229679311678
0.260274454621 1.18597228918 -0.00302974688183 -0.0232509501987
-1.14163615538 0.774753387341 -0.00760171354044 0.0235303192108
-0.833333333333 1.28571428571 0.0238095238095 -0.0238095238095
-0.103263185254 0.61557612933 -0.0538022686602 0.0240920413768
0.026548024566 1.56067080636 0.143000818075 -0.0243815164194
0.283861087778 -1.54053225281 0.922505040808 0.0246819541514
3.17217008677 -6.24638652435 -0.10468002271 -0.0249979549275
0.357484005627 0.994586597149 0.0323135186188 0.0253350203546
1.52622362834 -0.57695230445 0.0199221822313 -0.0256999774643
0.488275866732 0.635440747012 -0.103650144513 0.0261015956663
1.43187859089 0.77992584087 0.439397175928 -0.0265515234665
-2.05854616519 -0.988883396731 0.762900092797 0.0270657716102
-1.67927354635 -1.86609059997 -0.276875177131 -0.0276671686087
0.467140856402 -0.588226174975 0.189246075722 0.0283896371375
-0.340783629779 -1.38393876086 -0.15196899871 -0.0292861021864
0.872391915951 -0.0817150834156 0.131319547453 0.0304442366887
0.275049289185 -0.700007496225 -0.118499315592 -0.0320209154583
0.648235611926 -1.09118647743 0.110407399306 0.0343277335849
0.398565523146 -0.946085695883 -0.106172401769 -0.0380848797746
0.5690072395 -1.04366104094 0.107074374531 0.0454189056865
0.464715984315 -0.968127134862 -0.122864179602 -0.0665749720287
-0.371739602763 -0.145998034611 1.0240506154 0.972371702816
