22.0 8.0 1.86230958969e-16 1.86230958969e-16
4.96022421302 2.18613159227 -0.117095666001 -0.117095666001
-5.45743165807 -1.7178442664 0.124673597788 0.124673597788
1.53351479689 1.03633029119 -0.0831905697179 -0.0831905697179
-1.68135984601 -0.304278163177 0.0246954827946 0.0246954827946
-1.66821130513 -0.354554626047 0.0260332268769 0.0260332268769
0.282368321093 1.27227289048 -0.05304908531 -0.05304908531
-2.18335670381 0.326854943753 0.0517536905637 0.0517536905637
-0.386067244977 0.0205024195119 -0.0284433661724 -0.0284433661724
-0.929401058649 -0.00354942868799 -0.00350038904346 -0.00350038904346
-1.54002165068 0.716618260794 0.0294315297035 0.0294315297035
-0.397529093862 0.816415994931 -0.0391125095844 -0.0391125095844
-1.23230549748 -0.21409507416 0.0301936517265 0.0301936517265
0.144351704672 1.16766556671 -0.00835676352864 -0.00835676352864
-0.589745880913 1.26786565712 -0.0157072202943 -0.0157072202943
-1.1621743242 0.496490904825 0.0311138641579 0.0311138641579
0.876006426902 1.50741555127 -0.0313873510294 -0.0313873510294
-0.412996214524 0.714400393523 0.017007892689 0.017007892689
-0.108754289315 0.907666402723 0.00505412189747 0.00505412189747
0.439343625243 1.53105136066 -0.0245356027672 -0.0245356027672
-0.20396506695 -0.116950964154 0.0324244237486 0.0324244237486
1.63043786647 0.53519288084 -0.0249314969372 -0.0249314969372
0.889995166218 0.935473206209 0.00521959159441 0.00521959159441
0.707247015506 -0.0774622455768 0.0178591228835 0.0178591228835
1.01103245289 0.853911686974 -0.0335323702709 -0.0335323702709
-0.498478995377 0.576692059544 0.0338502434734 0.0338502434734
1.42167176591 0.0614691475355 -0.0174238634655 -0.0174238634655
0.317538380091 0.946071597263 -0.00946749559345 -0.00946749559345
-0.998794079335 1.02681512274 0.0350111207589 0.0350111207589
1.22441528206 1.05880149049 -0.0465526594556 -0.0465526594556
-0.900887811664 0.915303810048 0.0360949181722 0.0360949181722
0.107279973996 1.01307876041 -0.00444658577425 -0.00444658577425
0.90560719861 1.11929621896 -0.0377012559539 -0.0377012559539
-2.04343238546 0.791125951454 0.0723474118799 0.0723474118799
0.365896832655 1.06934301751 -0.0795037033267 -0.0795037033267
-1.71598956861 -0.287522152 0.0429748034991 0.0429748034991
-1.71528852688 -0.256459791869 0.0471950504899 0.0471950504899
1.5706339118 0.913031097137 -0.205449889999 -0.205449889999
-5.19602112814 -1.58045416438 0.571916017471 0.571916017471
6.11851836373 2.09762453506 0.918860662701 0.918860662701
