18.0 6.0 6.72862439167e-18 6.72862439167e-18
3.84774197611 2.11904097542 -0.0915924040904 -0.0915924040904
-4.0831177715 -0.0723179210309 0.108168727803 0.108168727803
1.94116802886 1.96730455642 -0.0930047642914 -0.0930047642914
-1.68519423915 0.118318065128 0.0615938384848 0.0615938384848
-0.41989429218 0.256866092046 -0.02473802562 -0.02473802562
0.170260813395 1.05674281917 -0.00883371268776 -0.00883371268776
-1.469660022 -0.0568563645958 0.0327359575025 0.0327359575025
0.346606381212 0.807635858685 -0.043532895711 -0.043532895711
-0.938155080921 0.560611233271 0.040993638597 0.040993638597
-0.554142478997 0.113348225136 -0.027787485742 -0.027787485742
-0.0775185560276 1.0242225899 0.00864068647186 0.00864068647186
-1.00600254687 0.119999878322 0.0108730445906 0.0108730445906
-0.290979368763 0.41654420166 -0.0256471788823 -0.0256471788823
0.235273635374 1.59620868515 0.0321783640477 0.0321783640477
-0.451940479786 0.225283659891 -0.0292826634529 -0.0292826634529
-0.928006587269 0.269373814385 0.0182473481505 0.0182473481505
0.0115309480764 0.986095893954 -0.00240118236081 -0.00240118236081
-0.823317898219 0.0341423025187 -0.0137836690885 -0.0137836690885
-0.550531974734 0.70915394449 0.0258411668186 0.0258411668186
-0.0295730310585 0.675261092493 -0.0304408689144 -0.0304408689144
-1.27951683551 -0.0369435020897 0.0262325057699 0.0262325057699
0.342821758311 1.22014890769 -0.0142069965659 -0.0142069965659
0.0479156624768 1.02851974204 -0.00251385840185 -0.00251385840185
-0.313530682237 0.805173828645 0.0194158903943 0.0194158903943
0.414275380116 1.33625258852 -0.0316944674954 -0.0316944674954
-0.145686124002 0.36540286585 0.0354696980658 0.0354696980658
1.58289757578 0.0166141330307 -0.0288352382472 -0.0288352382472
0.780860422161 -0.0297337795834 0.0124941783925 0.0124941783925
0.835480925341 -0.032940144866 0.0101752137761 0.0101752137761
1.51142229384 0.152233002586 -0.033654482335 -0.033654482335
0.263527602623 -0.614691126875 0.0513138542459 0.0513138542459
1.76435667143 -1.16338839121 -0.0567073208219 -0.0567073208219
0.44592532107 -0.80134758541 0.0448211313347 0.0448211313347
1.13264342614 0.0180891370597 -0.0129083110059 -0.0129083110059
0.562639486965 -0.811580353458 -0.0395607975914 -0.0395607975914
-0.782540627249 -0.770188246777 0.112864080394 0.112864080394
3.5536200027 0.861581211143 -0.215846696917 -0.215846696917
-2.41798190017 -1.01341984118 0.43661117861 0.43661117861
3.48662521495 1.14929855854 0.950423728894 0.950423728894
