13.3364044765 5.4930376755 0.133991951439 0.156307312843
-0.349709785562 0.527135663174 -0.0431005312988 -0.0604105981461
0.459348723303 1.55598318347 0.0192605667205 0.0324056816837
-1.06320906538 -0.156185768304 -0.00934795597056 -0.0189212972355
-0.583216549094 1.22704283009 0.00447919404744 0.0109108254706
-0.668226319367 0.42729123076 -0.00194170405264 -0.00554861910269
-0.225227052955 0.691613870995 0.000649402089366 0.00166667900169
-0.854897677622 0.240942241497 -9.34230531918e-05 0.00130576214797
-0.0603502303553 0.824714144729 1.03097600373e-05 -0.00368099376193
-1.0669483904 0.0711577969389 -0.00025487778651 0.00564453632532
0.432512495485 1.26611750643 0.000744768509053 -0.00731380062431
-0.901325356459 0.302962069909 -0.0014340107805 0.00876697431048
-0.0661006697566 0.664900921032 0.00229972029824 -0.0100583998287
-1.0360289808 1.07431414574 -0.00333539347514 0.0112272912889
0.392851753148 0.855365404291 0.00454794133985 -0.0123029415953
0.812895133204 -0.161068934515 -0.00595727552586 0.0133079785363
1.2755736023 0.119992132169 0.00759819090518 -0.0142604887728
0.671339531464 -0.078435259228 -0.00952506869122 0.0151754632604
1.37353912703 -0.0524392482187 0.0118209998795 -0.0160658279455
0.577546469765 -0.896764313416 -0.0146150329741 0.0169432213619
1.50301143948 0.230113136823 0.0181162172392 -0.0178186246452
-0.118252969426 0.423476058351 -0.0226865894446 0.0187029193609
0.355614927255 1.3357698817 0.029017827491 -0.0196074345917
-0.42459005933 0.730869596598 -0.0386408709505 0.0205445426997
0.473405070945 1.21483867618 0.0558581115173 -0.0215283724717
-0.521173395851 0.880008232249 -0.0999369063494 0.0225757317582
0.582463824813 0.248966166361 0.813503473559 -0.0237073766361
0.303247555533 -5.32512713201 0.0883749963079 0.0249498460653
1.7912423586 0.779014422729 -0.0211323346099 -0.0263382316246
-0.306189472706 -1.07951101834 -0.00957304780497 0.0279205376272
1.37475200514 -0.00734722968566 0.040921404204 -0.0297648541249
0.219689357841 -0.202091191119 -0.097081845348 0.0319717574586
2.11409064977 0.223566107974 0.311842409854 -0.0346970396354
-3.73700792889 -0.18324418591 0.705358002246 0.0381964654162
-2.5142745641 -0.324474956541 -0.21460214385 -0.0429223091236
0.597924224524 -1.41767997423 0.146471675622 0.0497583130966
-0.18523485126 -0.626840328026 -0.126267296914 -0.0606974235981
-0.00373607865019 -1.34996825546 0.129496491782 0.081381681132
0.119007499472 -0.691654454996 -0.173240009631 -0.136516669727
-0.203209807157 -0.693095539564 0.817382255538 0.788824312958
