14.0 9.0 -4.80096443081e-17 4.20084387696e-17
0.109539011802 1.67793315164 -0.0389237069722 -0.0387739529946
-1.16660917502 0.310175104964 0.0512437677451 0.0512034122389
0.29659969018 1.69297243198 -0.0554115001175 -0.0557108302197
-1.53846016397 0.311228905982 0.0554433253871 0.0562728570465
1.34719696554 1.67927050129 -0.0528231251567 -0.0543227039723
-1.64518020027 0.329798887702 0.0483176504606 0.050565236266
0.0739186865257 1.68261441066 -0.0424424106039 -0.0454420084493
-0.125082749907 0.119453495661 0.0356186269961 0.0392864535487
1.58609773689 0.303781309207 -0.0282367070175 -0.032384035739
0.610646049008 -0.321895705106 0.0206871888355 0.024997171394
1.17472804716 0.332244581343 -0.0133815612489 -0.0173751995037
-0.237157004235 0.946542419003 0.00677506423711 0.00975735611871
0.0491633095192 1.02250194063 -0.00140363253928 -0.00237226171898
0.0842348551898 1.0529915215 -0.00204381701444 -0.00456436229954
-0.151006625501 0.853813773567 0.00256857810172 0.0108528231536
-0.542002702509 1.25358660617 0.00151471464842 -0.0163128852412
-0.818839633012 0.621250384834 -0.0136206447946 0.0207871453423
0.292335991694 1.53290683577 0.0424677805932 -0.024144110531
-2.2817511169 0.260361932104 -0.119833488847 0.0262808009946
0.819523190836 1.92867578649 0.517388060318 -0.0271247442289
-1.90099209686 -3.76957420185 0.87622682747 0.0266352593538
-0.465295671316 -5.99847493315 -0.40780295644 -0.0248039550539
0.430788269583 0.391599975865 0.462777960732 0.0216543833936
0.893777270851 -0.424857430363 0.859099729427 -0.0172408038475
5.0602130439 0.235875327437 -0.0666534141478 0.0116460144956
0.743025555637 -0.108469977403 0.00926588045578 -0.00497819442303
-0.0546213061847 -1.0250559957 0.00148669633968 -0.00263333900444
1.07551001022 0.0189170106883 0.000460335895168 0.0110436460451
0.0359811487185 -0.911877349388 -0.00754885808417 -0.0200993350737
0.766126601715 -0.288492405245 0.017156077664 0.0296481758853
0.492715679613 -0.391411342322 -0.028106439395 -0.0395528311575
0.207534729023 -1.43280517585 0.0397880600352 0.0497124394316
1.11487235324 -0.583664914284 -0.0518910842351 -0.0601009854277
-0.443003467547 -1.43395634235 0.0643699071725 0.0708461268973
1.76262286177 -0.536433387785 -0.0775841143387 -0.0824207239241
-1.06820534671 -1.49587382098 0.0928495690586 0.0962176704529
2.40790039019 -0.477684288938 -0.114783992224 -0.116907271432
-0.369825880781 -1.5156669997 0.169022656147 0.170159050841
1.15676547572 0.725265543493 0.991206238702 0.990779592424
