16.8334941218 7.14035209717 0.106678401451 0.106678401451
-1.36550188144 -1.16144259143 -0.0386198285181 -0.0386198285181
-0.667730102217 0.429437230985 0.0178365494932 0.0178365494932
-1.2996077148 -0.434948515211 -0.00767553570551 -0.00767553570551
-0.766524051406 0.876502466181 0.00159110820153 0.00159110820153
-0.579827205516 0.876149556425 0.00250208821776 0.00250208821776
-0.366579059156 0.377981132064 -0.00547555138759 -0.00547555138759
-0.627212766802 0.665644727782 0.00775818913588 0.00775818913588
-0.437307994466 1.29923290812 -0.00958585460569 -0.00958585460569
-0.239544230881 0.709761807269 0.0110991898635 0.0110991898635
0.277469511641 1.28661124997 -0.0123874688029 -0.0123874688029
-0.282873267669 0.715047646607 0.0135102877648 0.0135102877648
0.278406031229 1.28435001213 -0.0145091551538 -0.0145091551538
-0.26736789681 0.715427142404 0.0154140807819 0.0154140807819
0.247971614896 1.28572477108 -0.0162475222392 -0.0162475222392
-0.21210367297 0.71171200233 0.0170268583187 0.0170268583187
0.127082683553 1.29358201629 -0.0177660060442 -0.0177660060442
0.365564766022 0.694261970765 0.0184765236671 0.0184765236671
0.688918340653 1.34472162695 -0.0191683993197 -0.0191683993197
0.31354086753 -0.0791548253229 0.0198506480202 0.0198506480202
0.642021090725 1.05934006706 -0.0205317974483 -0.0205317974483
0.53611284845 -0.206368373518 0.0212203202937 0.0212203202937
1.44784864212 0.198702904377 -0.0219250606741 -0.0219250606741
0.546345523606 -0.151459236905 0.0226557009985 0.0226557009985
1.50449586276 -0.304185312623 -0.0234233233872 -0.0234233233872
-0.152679162377 -1.4417497047 0.0242411386667 0.0242411386667
1.1101484821 0.184133886882 -0.0251254920612 -0.0251254920612
-0.195222596748 -1.22636568166 0.026097320507 0.026097320507
0.240919356543 -0.737792237949 -0.027184357638 -0.027184357638
-0.246814372447 -1.27530499597 0.0284246127249 0.0284246127249
0.233445158934 -0.708854995026 -0.0298721081928 -0.0298721081928
-0.181238972648 -1.33656684813 0.0316068269117 0.0316068269117
-0.518560807988 0.0194071778605 -0.0337530077361 -0.0337530077361
-0.502900378678 -0.960029274375 0.0365153267304 0.0365153267304
-0.625744049046 -0.041500760888 -0.0402573720228 -0.0402573720228
-1.33505123839 -1.01657137873 0.0456940932212 0.0456940932212
-0.688463738187 0.367428371513 -0.0544530895758 -0.0544530895758
-1.28539416643 -0.306072492885 0.0712166405387 0.0712166405387
-0.767947507382 0.278776821609 -0.117232928949 -0.117232928949
-0.477240242033 -0.252009325024 0.865343171344 0.865343171344
