7.0 11.0 5.35969736026e-17 5.35969736026e-17
2.97522500422 3.04646287316 -0.141135780989 -0.141135780989
-0.248674499235 -3.76547632012 0.129841883884 0.129841883884
1.42891075468 0.116514516855 -0.0534304078756 -0.0534304078756
1.18568495648 0.401003285912 -0.0259875743926 -0.0259875743926
0.565656138643 -1.59592050807 0.0663251854744 0.0663251854744
1.34201656812 -0.140669901127 -0.0561007594754 -0.0561007594754
0.924600389811 -0.0827326369451 0.0131614568064 0.0131614568064
0.83646259337 -0.23078062027 0.0301699355757 0.0301699355757
1.2441891396 0.374227931586 -0.0472297991906 -0.0472297991906
0.843205529939 -0.241527774554 0.0312837744598 0.0312837744598
0.983367357232 -0.023040541086 0.00327474825967 0.00327474825967
1.19065098229 0.169999611111 -0.0321460307856 -0.0321460307856
0.565998799421 0.0668778090226 0.0370852084768 0.0370852084768
-0.110316679549 1.24006843677 -0.0167455062139 -0.0167455062139
-0.120093220787 1.166516535 -0.0137481176416 -0.0137481176416
0.828583570606 0.627340471818 0.033502217209 0.033502217209
0.581331166546 1.31153507478 -0.0296411902139 -0.0296411902139
-1.07399985017 0.945776733533 0.00540070788472 0.00540070788472
-0.531087403374 0.78450213766 0.0224047016561 0.0224047016561
0.628275650462 1.31873761939 -0.0346860899662 -0.0346860899662
-0.46388730412 0.801714673432 0.0227915511371 0.0227915511371
-1.03065837644 0.954860310433 0.00559002709689 0.00559002709689
-0.296551771434 1.22369041118 -0.0312305600455 -0.0312305600455
0.358016601592 0.800442079928 0.0359566970367 0.0359566970367
1.1039364124 1.02217964137 -0.0150452122249 -0.0150452122249
1.08781946452 0.235738442151 -0.0187102602867 -0.0187102602867
0.87864889868 0.0142713541441 0.0423813444708 0.0423813444708
0.944310060425 1.59234699738 -0.0376620004492 -0.0376620004492
-0.0380567782676 0.946738524382 0.00394540578568 0.00394540578568
-0.275678249273 0.518350625091 0.0389187602131 0.0389187602131
0.355149331829 1.71158650718 -0.0610131988939 -0.0610131988939
-0.194834474152 0.545064987176 0.040792314088 0.040792314088
-0.0625707401418 0.796832882821 0.0188410959769 0.0188410959769
-0.21144214436 1.91995756854 -0.0865488573501 -0.0865488573501
-1.68339939167 -0.304815951711 0.11355473607 0.11355473607
-0.75672815623 0.328404522367 -0.0521374444278 -0.0521374444278
-0.519015702782 0.808615302045 -0.141928876754 -0.141928876754
-1.99786596218 -2.35756811001 0.698923378313 0.698923378313
2.45247650572 3.67631242871 0.880292882129 0.880292882129
