10.5334794931 23.721228188 0.0463875480774 0.0463875480774
0.656499026711 -1.55204660883 -0.0103989467788 -0.0103989467788
0.340920571444 -0.429530741693 -0.00111723372709 -0.00111723372709
0.697804339318 -1.58676398637 0.00684194917684 0.00684194917684
0.196242680802 -0.396860474947 -0.0103001946599 -0.0103001946599
1.21235850377 -1.6227926638 0.0126395740335 0.0126395740335
0.531124201705 -0.347170417302 -0.0143455484586 -0.0143455484586
-0.0863619690129 -1.72140720748 0.0156589352274 0.0156589352274
-0.426198201652 0.201200619442 -0.0167129040466 -0.0167129040466
-1.28644495598 -0.486471139173 0.0175872028437 0.0175872028437
-0.767321844768 0.546024614546 -0.0183326223359 -0.0183326223359
-1.21011561868 -0.578162571271 0.0189831627012 0.0189831627012
-0.809352322574 0.610939255825 -0.0195625613459 -0.0195625613459
-0.270977855526 -1.55011634101 0.0200880169573 0.0200880169573
0.247920790411 -0.393538910458 -0.0205724263475 -0.0205724263475
-0.270465787577 -1.65833402294 0.0210257900952 0.0210257900952
0.410893515238 -0.180621954059 -0.0214561338237 -0.0214561338237
0.74621797931 -0.682279520487 0.021870138302 0.021870138302
-0.164619889516 -0.711403009363 -0.0222735913815 -0.0222735913815
0.461543630329 -1.03066534298 0.0226717314462 0.0226717314462
0.704870916334 0.284451323038 -0.0230695282615 -0.0230695282615
0.128229527067 -1.96203608382 0.023471934424 0.023471934424
1.57638002365 0.496101649938 -0.0238841349603 -0.0238841349603
-0.16083155761 -1.3698883311 0.0243118222717 0.0243118222717
1.00851144347 0.282323567147 -0.0247615284766 -0.0247615284766
0.842880346422 -0.447275438257 0.0252410587255 0.0252410587255
1.19552812663 -0.368067361032 -0.0257600909297 -0.0257600909297
0.781031481339 0.304745182464 0.0263310471927 0.0263310471927
1.25058085795 0.664887968339 -0.0269704156766 -0.0269704156766
0.635899822339 0.495240687696 0.0277008415873 0.0277008415873
0.0972826380144 1.54488267601 -0.0285545854569 -0.0285545854569
-0.140980717879 0.440996199775 0.0295795386052 0.0295795386052
0.145605800084 1.5594391677 -0.030850331031 -0.030850331031
-0.110523291436 0.473440654565 0.0324904075322 0.0324904075322
-0.273342481362 1.14850320725 -0.0347202189329 -0.0347202189329
-1.48642794316 -0.918533387761 0.0379764489439 0.0379764489439
0.0721534272853 1.52419102049 -0.0432642620011 -0.0432642620011
-0.919627703477 -0.426531141014 0.0535306571714 0.0535306571714
-0.922001476723 1.39158230606 -0.0827405176714 -0.0827405176714
-0.284644595539 -0.385960702877 0.945492529128 0.945492529128
