9.01449175873 4.09126780728 0.283404776298 0.287864320017
0.573087751111 -0.312419696179 -0.100480069679 -0.106513465632
1.17118088423 0.517762459175 0.0557509391341 0.0630447443593
-0.604828084615 0.831660489537 -0.0350089685948 -0.0433465839487
-0.530435975364 0.129663962912 0.0227713251185 0.0319976425647
-1.46258031899 -0.163551445038 -0.0145411494228 -0.0245421206079
-0.149999213266 0.578978645409 0.00852365383302 0.0192138342967
-0.840899119705 0.392215253122 -0.00385785200569 -0.0151724813718
-0.19042644123 1.11296893156 7.70403097239e-05 0.0119668397976
-0.519487677315 0.901464029896 0.00309509096554 -0.00933258247583
1.25622694542 1.09578827612 -0.00583359619346 0.00710425260064
0.210655401639 0.905091855324 0.00825564326821 -0.00517265481332
-0.0983186980816 1.0944562193 -0.0104434348107 0.00346247756518
-0.859747111558 0.905885358445 0.0124571645613 -0.00191974834482
-0.123648261049 1.0937420077 -0.014342776026 0.000504410109725
-0.951908796055 0.90732162802 0.0161368641749 0.000814282028549
0.812895752273 1.08147854612 -0.0178699488467 -0.00206073974949
0.852340405438 0.00328458902139 0.0195688078114 0.0032550520205
1.1899222018 0.0533441991935 -0.0212582849095 -0.00441440515902
0.801761635547 -0.0579824767099 0.0229628529349 0.0055541416165
1.18973935465 0.0486764667869 -0.0247081543459 -0.00668860505256
0.847229896422 -0.0135976042759 0.0265227442461 0.0078318750418
0.917890048361 -0.217087735631 -0.0284403224753 -0.00899847325266
0.176298118186 -0.695316661456 0.0305028957827 0.0102041175393
0.822525588001 -0.296121977067 -0.0327656378264 -0.0114666094925
0.0393515854371 -0.856973076742 0.0353049112147 0.0128069673189
0.0940430570648 -0.98302254294 -0.038232484709 -0.0142509676866
-0.0696450290747 -1.06128111336 0.0417228202447 0.0158313549213
-0.537106969456 -0.433122980072 -0.0460708047651 -0.0175911494229
-1.22348131724 -0.543555026984 0.0518304870461 0.0195888138904
-0.846105171178 -0.492330644099 -0.0602135132407 -0.0219066783524
-1.07885781322 -0.0990661787505 0.0745947430971 0.0246653593177
-1.07028245573 0.0940027782318 -0.109982578276 -0.0280498722389
0.0552702346744 -0.14094746476 0.655835934574 0.0323602856359
3.06982543807 -0.958080747041 0.034316993944 -0.0381188859172
-0.437438662718 -1.00519901233 0.0204498615149 0.0463242773448
0.401823996624 -1.05451926909 -0.0475635371915 -0.0591571787831
-0.509842264701 -0.666905960783 0.0778681514882 0.0824692419222
-0.735870408693 -0.577392869965 -0.13872150807 -0.139132101431
-2.53065026443 -0.835579019894 0.498380919825 0.495971013824
