12.5674829605 7.28738033584 0.237469813685 0.237469813685
-0.375919616424 -1.33187540659 -0.0919325352849 -0.0919325352849
0.336442247767 -0.663261552977 0.0533618567077 0.0533618567077
-1.33637501751 -0.331772427325 -0.0353594914155 -0.0353594914155
-0.623369000438 0.313972210841 0.0248339714305 0.0248339714305
-1.43023665937 0.362186880994 -0.0178571428571 -0.0178571428571
-0.229467576482 0.679150049149 0.0128403768166 0.0128403768166
-0.800601151353 0.312091280885 -0.00901815999765 -0.00901815999765
-0.147814853801 0.68410973326 0.00597575816687 0.00597575816687
-1.3101372439 0.332552368205 -0.00346860390646 -0.00346860390646
-0.629517158758 1.33129243876 0.00134281299199 0.00134281299199
-0.131469840082 0.719837453068 0.000503604017914 0.000503604017914
-0.469442878812 1.26108093625 -0.00214124370622 -0.00214124370622
-0.296340492791 0.748333087649 0.0036208632263 0.0036208632263
-0.221181739575 1.24680405608 -0.00498024754303 -0.00498024754303
-0.694030005029 0.754686174435 0.00624848453477 0.00624848453477
0.896488348472 1.2481340324 -0.00744874186314 -0.00744874186314
0.0807588869116 0.739906956465 0.00860014832297 0.00860014832297
1.14179018444 1.30422357018 -0.00971912854336 -0.00971912854336
0.793871815989 0.241743056678 0.0108204035538 0.0108204035538
1.22025021197 0.0624217976979 -0.0119177949309 -0.0119177949309
0.779096666511 -0.0912376815226 0.0130249298579 0.0130249298579
1.21375794561 0.0777026311146 -0.0141559252021 -0.0141559252021
0.801770306991 -0.0147909564162 0.015326124744 0.015326124744
1.16796261619 -0.484152248442 -0.0165529738181 -0.0165529738181
0.903260210254 -1.05463409624 0.0178571428571 0.0178571428571
0.720089284198 -0.122246501507 -0.0192640642416 -0.0192640642416
0.411288253099 -1.37424170103 0.0208061435195 0.0208061435195
1.14573950259 -0.698106449254 -0.0225260833515 -0.0225260833515
-0.457402773199 -1.26894990203 0.0244820935313 0.0244820935313
1.09851161432 -0.0382374294379 -0.0267564220454 -0.0267564220454
-0.347108732033 -1.22965599394 0.0294700238706 0.0294700238706
0.31483938274 -0.788814356521 -0.0328092739589 -0.0328092739589
-0.258564439374 -1.18679026111 0.0370781455209 0.0370781455209
-0.198113735723 -0.857522479768 -0.0428095854145 -0.0428095854145
-0.807980203524 -0.99081038776 0.0510327823084 0.0510327823084
-0.217823915754 -0.14778130322 -0.0640284540609 -0.0640284540609
-0.231986411825 -1.33564930909 0.0880667208593 0.0880667208593
-0.779815872015 0.265978817922 -0.148921652446 -0.148921652446
-0.741558263638 -0.24877170941 0.63319103835 0.63319103835
