7.37860009053 6.22448794317 0.196427185606 0.196427185606
-0.719559492799 1.0114718025 -0.0767873924899 -0.0767873924899
-0.245584925608 1.05724181503 0.0433110255989 0.0433110255989
-0.816663191067 0.215538684435 -0.027417012882 -0.027417012882
0.0570512060069 0.969422875875 0.0180431501637 0.0180431501637
-0.118734417068 0.992940546812 -0.0117963803944 -0.0117963803944
0.146716378298 1.01799715855 0.00728804171908 0.00728804171908
-0.16559943286 0.980230566327 -0.00384386360595 -0.00384386360595
0.182873281446 1.01487906454 0.0010965859977 0.0010965859977
-0.207330159536 0.997974024077 0.00117123106561 0.00117123106561
0.291044527178 0.974879187848 -0.00309683339551 -0.00309683339551
0.856961690353 1.09360837047 0.00477141765457 0.00477141765457
1.16441800099 0.410911232082 -0.00625824903496 -0.00625824903496
0.824320915594 -0.0173013075118 0.00760290352102 0.00760290352102
1.1835957291 0.818287519771 -0.00883937221386 -0.00883937221386
0.809928911203 -0.0985515906258 0.00999387063136 0.00999387063136
1.19589265863 -0.625787528586 -0.0110873186909 -0.0110873186909
0.798498661264 -0.157461936322 0.0121370249293 0.0121370249293
1.20723444549 -0.292019764271 -0.0131578846346 -0.0131578846346
0.786544990929 -0.64303517012 0.0141632810944 0.0141632810944
1.22071167014 -0.50941354719 -0.0151658130615 -0.0151658130615
0.769831690285 -1.3447170401 0.0161779359465 0.0161779359465
1.24560966719 -0.701579273802 -0.0172125875436 -0.0172125875436
0.706247270449 -1.27642259372 0.0182838661723 0.0182838661723
0.254837226458 -0.734632733621 -0.019407839113 -0.019407839113
-0.264879564715 -1.26116991321 0.0206035851193 0.0206035851193
0.287690069568 -0.737261651244 -0.0218946247773 -0.0218946247773
-1.30630141117 -1.27089419093 0.023310983729 0.023310983729
-0.292214508486 -0.710627321995 -0.0248923013194 -0.0248923013194
-0.739952686489 -1.33097020425 0.0266927144764 0.0266927144764
-0.192047585667 -0.530106420117 -0.0287888749297 -0.0287888749297
-1.10480107072 -0.610682771945 0.0312937745217 0.0312937745217
-0.864951512332 -0.348263325757 -0.0343820098619 -0.0343820098619
-1.15298012773 -0.0238275166614 0.0383393454376 0.0383393454376
-0.834955463731 0.103662436503 -0.0436690990451 -0.0436690990451
-1.17341319234 -0.149548075122 0.0513493710978 0.0513493710978
-0.821883359793 0.195717905752 -0.0635679526583 -0.0635679526583
-1.17565267951 -0.276453239122 0.0864338421908 0.0864338421908
-0.85507523444 0.650228326885 -0.145907342784 -0.145907342784
-0.623721372728 0.3058630402 0.717912384993 0.717912384993
