10.0 17.0 4.87414986421e-17 3.52021934637e-17
-0.17468803595 -1.4951224505 0.00921442156817 0.0123826178158
1.18166750592 -0.441744981175 -0.0118322882901 -0.0164756780662
0.876589012422 -0.493138783946 0.0134135583544 0.0185347976164
1.03192589806 0.485618505561 -0.0148576131643 -0.019786673058
-0.139531564565 -1.66256785511 0.0164079176299 0.0206369581156
0.0439077098524 -0.363238677252 -0.0181622048601 -0.0212587795628
0.123072221375 -1.54902887395 0.0201854487635 0.0217385179891
0.958083616741 0.736898943756 -0.0225454327537 -0.0221241389519
-0.0377162876869 -2.04813281798 0.0253305401382 0.0224444563122
1.25690933997 0.181355109989 -0.0286662530045 -0.0227178669031
0.853261687459 -0.885033885782 0.0327387569572 0.0229567111664
1.08089724972 1.05041395042 -0.0378357023049 -0.0231696199267
0.976677869158 -1.39227762795 0.0444239179665 0.0233628565914
0.962464531253 0.313901227831 -0.0533115702817 -0.0235411250866
1.11023901096 -1.28819776608 0.0660260133433 0.0237080785581
0.793744721522 0.25700013352 -0.0858373226966 -0.0238666534135
1.34663170196 -0.996579509922 0.121226705096 0.0240192982475
0.423442158985 1.39318477757 -0.203117260529 -0.0241681384263
1.90592721695 -2.10607684786 0.603952876348 0.024315101533
-4.92985196599 5.51397278472 0.637895998734 -0.0244620203335
-5.0782964483 4.7695155006 -0.210183858984 0.024610725378
1.91717146198 0.144022683606 0.126247877051 -0.0247631373625
-1.31705806425 1.19491205097 -0.0904345651033 0.024921369333
1.14429811223 1.18687785762 0.0706204133335 -0.0250878506979
-1.59076792679 0.0503305791761 -0.0581117849348 0.0252654894082
0.359526263744 0.925029908795 0.049594902637 -0.0254578969632
-1.20168143792 0.0870562221356 -0.0435534236225 0.0256697160196
0.0644742955418 0.881571778586 0.0392251560633 -0.0259071182813
-0.894734074501 0.217120893994 -0.0362306214169 0.0261785936118
-0.909082839173 -0.00953296389426 0.0344378095229 -0.0264962579393
-1.12515627792 0.639102623473 -0.0339493741786 0.0268781339259
-0.87570721765 0.577544827045 0.0352261605882 -0.0273523749998
-1.10651802661 -0.45363391118 -0.0395518246586 0.0279656919041
-0.926072040089 -0.327513313838 0.0509152908304 -0.0288018377032
-1.02373029981 -0.868901815207 -0.0883360053591 0.0300276478108
-0.352855247182 1.02377230711 0.959443988851 -0.0320304125295
6.59754636226 -7.32554572697 0.11055618653 0.035962395607
1.63267200504 0.0291540738631 -0.069263096496 -0.0474746648521
-0.323535857249 -0.317942590291 1.00552553063 0.998972844211
