9.84296685998 6.03107241662 0.228394319123 0.228394319123
-0.362493424615 0.995545528285 -0.0887608147718 -0.0887608147718
0.400508937217 0.955464842853 0.0512593452856 0.0512593452856
0.345299145486 0.317674199845 -0.0336839201125 -0.0336839201125
0.707471012162 0.60010250269 0.0233866599225 0.0233866599225
0.25559473374 0.515215069056 -0.0165524236952 -0.0165524236952
0.828267852683 1.30049030661 0.0116338917405 0.0116338917405
-0.748657797201 0.309344826646 -0.00788410197502 -0.00788410197502
-1.05352367661 0.606685392994 0.00489785545886 0.00489785545886
-0.621859819468 0.467066140387 -0.00243598046027 -0.00243598046027
-0.483134233006 0.402717866601 0.000347875480408 0.000347875480408
-1.0543603958 0.0912474120508 0.00146633425725 0.00146633425725
-0.0947855832983 0.711738305614 -0.00307581770902 -0.00307581770902
-0.850828900405 0.457986911824 0.00453032886127 0.00453032886127
-0.198692960768 1.28552416078 -0.00586692218603 -0.00586692218603
-0.362612816113 0.829884428415 0.00711413563019 0.00711413563019
0.531292308325 0.975628788055 -0.00829470912487 -0.00829470912487
0.310599213299 0.217061748158 0.00942742743286 0.00942742743286
0.770233889698 0.666404145908 -0.010528428379 -0.010528428379
0.970030644837 -0.365567772524 0.0116121843579 0.0116121843579
1.06080267788 0.276841502869 -0.0126922919665 -0.0126922919665
0.976891016151 -0.200494680878 0.0137821651972 0.0137821651972
0.756540597082 -0.0432458260286 -0.014895708922 -0.014895708922
0.33066494175 -1.34731059247 0.0160480456724 0.0160480456724
1.23499696547 0.0105952767395 -0.0172563788722 -0.0172563788722
-0.354280848085 -1.25185565554 0.0185411027431 0.0185411027431
0.31113931541 -0.770785251875 -0.0199273215981 -0.0199273215981
-0.293348765248 -1.20894146234 0.0214470371144 0.0214470371144
0.298105617704 -0.813194516129 -0.0231424380784 -0.0231424380784
-0.92537868338 -1.15570942292 0.0250710596276 0.0250710596276
0.0717457410935 -0.910603093577 -0.0273142361881 -0.0273142361881
0.396269748552 -0.581370547393 0.0299916458781 0.0299916458781
1.2262214531 -0.538099389267 -0.0332878186546 -0.0332878186546
-0.372425797819 -1.32531606102 0.0375039671711 0.0375039671711
0.362695917553 -0.699595546808 -0.0431687657929 -0.0431687657929
-0.491628869372 -1.32770891773 0.0513046593655 0.0513046593655
-0.823464052428 -0.302312311176 -0.0641823695324 -0.0641823695324
-1.19071909272 -0.0715787247684 0.0880672546544 0.0880672546544
-0.849422017916 0.113933231092 -0.14891272833 -0.14891272833
-0.674902673101 -0.133626140736 0.653308608648 0.653308608648
