11.0 12.0 0.0 -7.40148683083e-18
4.15221852422 3.72810998923 -0.120191740367 -0.127173559399
-1.29771683956 -2.72313025482 0.111606225751 0.124401693586
2.11245678586 1.34629579438 -0.0553178439086 -0.0665602650296
1.0 -1.03620815632e-16 6.34326269017e-17 3.75770396523e-17
0.290833694941 -1.61232461459 0.02721158855 0.0434109560969
1.87237472219 0.190024986215 -0.0243360310207 -0.0513288321272
0.4376980915 -0.317542910324 0.00835000727735 0.0307173166183
1.0 -5.92118946467e-17 3.51961614037e-18 -5.27377144186e-19
1.57655683281 0.362584420233 0.00835000727735 -0.022367309341
-0.17490167981 -0.839777332208 -0.0243360310207 0.0269928011065
0.490034798073 -0.786332767489 0.02721158855 -0.0161993675469
1.0 -1.18423789293e-16 -4.69827784531e-17 -4.69817879821e-17
0.00353999868574 -0.545394474775 -0.0553178439086 0.011242421121
0.54372144963 -1.56591435407 0.111606225751 -0.0127954678345
1.03005437043 -0.441542113673 -0.120191740367 0.00698181903222
1.0 -1.18423789293e-16 2.1752424021e-18 7.07554983084e-18
0.677543048285 -0.632341855674 0.897007538606 -0.00310307912681
-2.22243178712 2.43149908524 0.637784815567 0.0017469259761
-4.04559477641 3.77134338018 -0.178416433287 0.00061720809044
-1.0 1.0 0.0 4.4408920985e-17
0.527260237227 0.68468619942 0.0752032663842 -0.00436848318299
-1.18172539925 1.20427287874 -0.0779046624088 0.0089316397477
-0.486649066618 0.98699276113 0.0410693517329 -0.00834665479935
3.5527136788e-16 1.0 -2.1752424021e-18 4.90030742874e-18
-1.06228642683 0.117237927205 -0.0214973031255 0.0127975885699
-0.328070360623 0.408783991183 0.0195163187779 -0.0216469197733
-0.0886589052241 1.10107506416 -0.00675176519595 0.0180860705529
-2.36847578587e-16 1.0 -1.92181323002e-17 5.81245412343e-18
0.350884818914 1.09181498491 -0.00675176519595 -0.0248378357489
-0.962899772496 0.772022612253 0.0195163187779 0.0411632385512
-0.598606422739 1.23053054754 -0.0214973031255 -0.0342948916954
5.92118946467e-16 1.0 -3.51961614037e-18 -4.04699328455e-18
-0.966623354771 0.606425618814 0.0410693517329 0.0494160065323
-0.753588339191 1.71065838232 -0.0779046624088 -0.0868363021565
-1.22022131167 0.351928924161 0.0752032663842 0.0795717495672
0.0 1.0 2.76828385158e-18 7.02056756838e-17
1.00349063914 2.2231340618 -0.178416433287 -0.179033641378
-2.16142866044 -1.92177332818 0.637784815567 0.636037889591
3.14940175751 3.39998573004 0.897007538606 0.900110617733
