13.2215838755 7.59196038069 0.00184798529094 0.0463875480774
0.794596291548 -0.243083042431 0.0570948760062 -0.0103989467788
0.129112265486 -0.76701388718 -0.117687737744 -0.00111723372709
1.07636970026 -0.111980718134 0.307329003389 0.00684194917684
-0.877976692668 0.578656608682 0.820005264161 -0.0103001946599
-1.43106909398 2.0475927073 -0.179577912414 0.0126395740335
-0.0481171117235 0.207852498245 0.0993262074502 -0.0143455484586
-0.977532448176 0.486759262927 -0.0670851714782 0.0156589352274
0.501871137303 1.16869973392 0.0493341434874 -0.0167129040466
-0.372919430058 0.860929079957 -0.0379029317575 0.0175872028437
0.27044800731 1.17742679931 0.0298033504576 -0.0183326223359
0.496809578906 0.0866966793219 -0.0236773574773 0.0189831627012
1.36922877124 0.0335116362582 0.0188161007023 -0.0195625613459
0.670610803154 -0.0759019618648 -0.0148118317831 0.0200880169573
1.31990968547 0.119494922698 0.0114122974277 -0.0205724263475
0.611866458471 -0.232786862354 -0.00845221046459 0.0210257900952
0.254046302118 -0.862021187909 0.00581798225073 -0.0214561338237
1.10222853996 0.266002964305 -0.00342824000783 0.021870138302
0.629605000982 1.25625853418 0.00122241446659 -0.0222735913815
0.258420357534 0.429637688383 0.00084629520803 0.0226717314462
0.835549328954 0.354350688035 -0.00281547026245 -0.0230695282615
-0.299996824137 1.29015200142 0.00471656225184 0.023471934424
-0.380258625787 0.213504913115 -0.00657711481974 -0.0238841349603
-0.725667475245 0.592054080833 0.00842247991018 0.0243118222717
0.47104845024 1.21178938237 -0.0102772715615 -0.0247615284766
-0.379972101014 0.832205651068 0.0121667439317 0.0252410587255
-0.537223713954 0.295031090862 -0.0141182670289 -0.0257600909297
-0.441199580939 0.677745123618 0.0161631003835 0.0263310471927
-0.681378200983 0.263326135148 -0.0183387432998 -0.0269704156766
-1.30732037825 -0.357810512426 0.0206923047539 0.0277008415873
-0.708727854939 0.639009435727 -0.0232856669772 -0.0285545854569
-1.26904478492 0.211446692253 0.0262039038613 0.0295795386052
-0.780309836871 -0.706463303188 -0.0295699345665 -0.030850331031
-0.896905454564 -0.257209942126 0.0335720569071 0.0324904075322
0.575318933722 -1.22860491521 -0.038520902214 -0.0347202189329
-1.06600443933 -0.885933242418 0.0449834012937 0.0379764489439
-0.125154432432 -1.05870595389 -0.0541611771912 -0.0432642620011
-0.0992918196322 -0.973177707922 0.069313340429 0.0535306571714
0.144907605014 -1.01945668024 -0.104933791189 -0.0827405176714
-0.164670095924 -0.158456401231 0.976597034496 0.945492529128
