11.0 9.0 -8.22387425648e-18 -8.22387425648e-18
4.96902769967 3.70668866724 -0.163062453609 -0.163062453609
-1.02549290086 -1.97617310991 0.122204863904 0.122204863904
1.11576151562 0.118440573219 -0.00842893207645 -0.00842893207645
1.86894768338 0.937644520385 -0.0717968643016 -0.0717968643016
0.232893131755 -0.880538614651 0.0702116321291 0.0702116321291
1.10384561429 0.128441061223 -0.0104514497929 -0.0104514497929
1.41019453974 0.557456016804 -0.0455751013551 -0.0455751013551
0.583103523711 -0.642344659744 0.0519738118648 0.0519738118648
1.08121973483 0.149942362202 -0.0117901518191 -0.0117901518191
1.18090470041 0.448971672135 -0.0333868141792 -0.0333868141792
0.862538245015 -0.648262882418 0.0433554894708 0.0433554894708
0.980389475246 0.247262005662 -0.0131283304518 -0.0131283304518
0.230775630039 1.20587936929 -0.0265044064867 -0.0265044064867
0.155848752182 0.240944419512 0.0390120073249 0.0390120073249
1.09978445335 0.109333127191 -0.0147324168314 -0.0147324168314
0.379698704443 0.896850606308 -0.0222027671105 -0.0222027671105
-0.362403609967 1.00165148395 0.0371870238939 0.0371870238939
0.042699107477 1.0219838611 -0.0168284157582 -0.0168284157582
-0.747440421822 1.02735181758 -0.0193656435709 -0.0193656435709
-0.929905660163 0.988086567855 0.0372891730855 0.0372891730855
0.19261743095 0.9256631101 -0.0197252370728 -0.0197252370728
-0.675765828725 0.154791032223 -0.0174632395482 -0.0174632395482
-1.15257407726 0.120142084704 0.0393343028027 0.0393343028027
0.390342559382 1.32787892665 -0.023955760235 -0.023955760235
-0.563908980306 1.18363646997 -0.0162315243349 -0.0162315243349
-2.02300376778 0.551071702204 0.0439529861637 0.0439529861637
-0.245251835123 1.2928369338 -0.030594156102 -0.030594156102
0.207878204326 1.14221654774 -0.0155649852515 -0.0155649852515
-1.16366117851 0.533503176348 0.052971603002 0.052971603002
-0.660654364982 1.36010758159 -0.042224510549 -0.042224510549
-0.860598566613 1.12843667847 -0.0155288275536 -0.0155288275536
-1.65125696179 0.42407117766 0.071902540729 0.071902540729
-0.410335428347 1.51780048097 -0.0670583714959 -0.0670583714959
-0.861415849338 1.12298317286 -0.0166739049491 -0.0166739049491
-1.95497155651 0.131628082133 0.12541328574 0.12541328574
0.00814772143923 1.95681878469 -0.152473587121 -0.152473587121
-0.876938285193 1.12753466395 -0.0244230338902 -0.0244230338902
-2.66690330523 -1.55382809236 0.810555986917 0.810555986917
4.55067896608 3.46865417692 0.8352876599 0.8352876599
