10.3540305729 4.38253805586 0.140885425841 0.140885425841
0.796346758102 -0.229551208308 -0.0538003035115 -0.0538003035115
1.1945058051 0.254177237655 0.027992846759 0.027992846759
0.819627858036 -0.315002215777 -0.0155049531587 -0.0155049531587
1.15831801121 1.01217665129 0.00806738530174 0.00806738530174
0.886598420554 -0.0924625758693 -0.00308071452521 -0.00308071452521
0.933622209793 0.341886895007 -0.000533353403678 -0.000533353403678
-0.20543229654 0.950587662156 0.0033029534943 0.0033029534943
-0.312333874747 1.14915169461 -0.00551751559194 -0.00551751559194
-1.37396020502 0.170841889013 0.00734918847405 0.00734918847405
0.148965285176 0.799834839474 -0.00890702442267 -0.00890702442267
-1.29109031551 0.151310187646 0.0102637019769 0.0102637019769
-0.722221715593 1.19563261196 -0.0114697687103 -0.0114697687103
-1.26966220894 0.844882596994 0.0125617224591 0.0125617224591
-0.736972676577 1.13622430558 -0.013566842725 -0.013566842725
-0.401242828235 0.894556942885 0.014506214049 0.014506214049
0.498547850859 0.953314357089 -0.0153966995947 -0.0153966995947
0.848835113006 -0.292058696285 0.016252285216 0.016252285216
1.18859176137 0.259025571265 -0.0170850387073 -0.0170850387073
0.802800511512 -0.270939832328 0.0179058342759 0.0179058342759
1.19751112357 0.353751555419 -0.0187249403165 -0.0187249403165
0.807588579431 0.598980280285 0.0195525406985 0.0195525406985
1.17889095406 0.0944562292107 -0.0203992469357 -0.0203992469357
0.863713249183 -0.188765100132 0.0212766568857 0.0212766568857
0.478052976797 0.870795686303 -0.0221980245161 -0.0221980245161
-0.374451213682 0.972948096602 0.0231791274333 0.0231791274333
-0.771103314145 1.04451659006 -0.0242394613449 -0.0242394613449
-1.22655220696 0.994838402965 0.025403968069 0.025403968069
-0.777049630597 0.546479858123 -0.0267056461297 -0.0267056461297
-1.21948665331 -0.257598168058 0.0281896633176 0.0281896633176
-0.783840314964 1.04720888258 -0.0299201277681 -0.0299201277681
-1.21281516303 -0.199307501634 0.0319918043258 0.0319918043258
-0.79073193151 0.193365764147 -0.0345516133786 -0.0345516133786
-1.20528231719 -0.191078744198 0.0378410226694 0.0378410226694
-0.799504248615 0.190749128306 -0.0422876442392 -0.0422876442392
-1.19423771197 -0.191709130284 0.0487287063762 0.0487287063762
-0.815009534595 0.193717780884 -0.059057919022 -0.059057919022
-1.16826341647 -0.196773857142 0.0786636250583 0.0786636250583
-0.877290479299 0.201080984451 -0.131405960915 -0.131405960915
-0.461346116491 -0.207117041146 0.81377145957 0.81377145957
