11.0 9.0 3.08395284618e-18 3.08395284618e-18
2.06497559669 0.927030653217 -0.0512947984164 -0.0512947984164
0.0235161706848 -0.819453752036 0.0654854967475 0.0654854967475
1.86540305813 0.675457954645 -0.0671638034914 -0.0671638034914
0.260973611236 -0.467939959374 0.0622374651096 0.0622374651096
1.60386182847 -0.0636514001383 -0.0533606146381 -0.0533606146381
0.533343584623 -1.21580115591 0.0422780161694 0.0422780161694
1.33414647488 0.545782149172 -0.0303701033022 -0.0303701033022
0.787625935707 -0.33009497836 0.0187824884574 0.0187824884574
1.1048143446 0.19057676915 -0.00843528207301 -0.00843528207301
1.0 1.0 -6.16790569236e-18 -6.16790569236e-18
0.03995404547 0.950723159382 0.0061227688875 0.0061227688875
-0.0389248817981 1.09245411778 -0.00981047251521 -0.00981047251521
0.131692939812 0.890085168708 0.0112044720555 0.0112044720555
-0.707919737143 1.09282777815 -0.0106736604121 -0.0106736604121
-0.607601808268 0.981999463373 0.00875829969108 0.00875829969108
-0.120232871458 0.718079094238 -0.0060991304882 -0.0060991304882
-1.09427925846 -0.0556171122321 0.00335856666438 0.00335856666438
0.226889902651 1.31011203233 -0.00114172080001 -0.00114172080001
-1.24923413454 0.861709337727 -7.49097348613e-05 -7.49097348613e-05
-1.0 1.0 -6.16790569236e-18 -6.16790569236e-18
0.138744601352 1.1854911563 0.00143643639137 0.00143643639137
-1.11943874542 -0.140431064395 -0.00407087008485 -0.00407087008485
-0.00420083843001 1.00421284307 0.00751925832543 0.00751925832543
-0.802198128859 0.195143936494 -0.01121387611 -0.01121387611
-0.427434242732 0.573412026145 0.0144601958487 0.0144601958487
-0.341618061645 0.657239366198 -0.0165079463602 -0.0165079463602
-0.857119256968 0.145042331636 0.0166289190243 0.0166289190243
-0.00592020810808 0.991267563097 -0.0141931645695 -0.0141931645695
-1.04637556416 -0.0441037338343 0.00873494383417 0.00873494383417
-2.96059473233e-16 1.0 -1.23358113847e-17 -1.23358113847e-17
-0.851205690495 0.144552775863 -0.0120340513397 -0.0120340513397
-0.393146949571 0.617227527668 0.0271733037616 0.0271733037616
-0.283595298643 0.698413570926 -0.0450732516507 -0.0450732516507
-1.09427569956 -0.0679600126559 0.0653874300094 0.0653874300094
0.499042509053 1.46499708603 -0.0880998556212 -0.0880998556212
-1.91039872937 -0.871692857102 0.114429954317 0.114429954317
1.3868671272 2.35331581936 -0.150368308578 -0.150368308578
-1.29827519196 -0.316533191685 0.233492242324 0.233492242324
1.25154356706 1.01501442594 0.983606673679 0.983606673679
