8.78571428571 5.92857142857 0.047619047619 0.0238095238095
-0.233556588178 0.836842774832 -0.0214876310156 0.000583000741789
0.268070792266 1.15198497258 0.0119197197781 -0.00851511321389
-0.383812895844 0.861216521821 -0.00639312522225 0.0124814417139
-0.726382720422 1.12355460279 0.00248157344349 -0.0148849997004
-0.0214158669673 0.894600767116 0.000623759160864 0.016514152402
0.0769469908245 1.08248984846 -0.00327664338464 -0.0177038481231
-0.0809437856371 0.949016612129 0.00566187593261 0.0186207139904
0.0395297447064 1.00120642883 -0.00789021560786 -0.0193570800385
0.27067424188 1.10113005862 0.0100366664717 0.0199683222892
1.31632375161 0.437491838383 -0.0121584393123 -0.0204897520254
0.740160466718 0.421835162083 0.0143047008917 0.020945030949
1.24076460638 0.716929658496 -0.0165228752828 -0.0213506929179
0.767604317597 -0.35536072961 0.0188637351425 0.0217187267508
1.2284088396 0.259882703434 -0.021386657203 -0.0220581292269
0.773390996486 -0.208959088128 0.0241662992482 0.0223758819255
1.22603768786 0.173163373708 -0.0273023972629 -0.0226775920543
0.773845552074 -0.143561681481 0.0309356087236 0.0229679311678
1.2264172216 0.116350776531 -0.0352751635289 -0.0232509501987
0.774568184605 -0.0901629051013 0.040650821633 0.0235303192108
1.21428571429 0.0714285714286 -0.047619047619 -0.0238095238095
-0.252124968299 1.00207764019 0.0572040032841 0.0240920413768
0.255540276949 0.948188719946 -0.0715275049734 -0.0243815164194
-0.264324462712 1.12667984219 0.0958310964283 0.0246819541514
0.279734382851 0.753075861039 -0.147574668641 -0.0249979549275
-0.308178028942 1.43219858349 0.341961438601 0.0253350203546
0.373282032851 -2.15787666059 0.818554740336 -0.0256999774643
-0.653039900843 -5.21669756033 -0.172460607596 0.0261015956663
-0.546053437205 0.222126899899 0.0908707710125 -0.0265515234665
0.013317021301 -1.79037984697 -0.0583055004709 0.0270657716102
0.0665546233365 -0.378189620937 0.0403765411359 -0.0276671686087
-0.0908913585275 -1.5397895698 -0.0286898100818 0.0283896371375
0.087178467988 -0.492529639912 0.0201514251749 -0.0292861021864
-0.0323908504893 -1.54246193811 -0.0133014619232 0.0304442366887
-0.578815154002 0.15249890386 0.00727244970242 -0.0320209154583
-0.655677779818 -0.962233756915 -0.00134749580897 0.0343277335849
1.22184721505 -0.869710823628 -0.00544208839958 -0.0380848797746
-0.069675594978 -1.1558491799 0.0153841278846 0.0454189056865
0.169280646685 -0.856306536404 -0.0388334473361 -0.0665749720287
-0.196956573103 -0.24256825073 0.946686283827 0.972371702816
