16.0 9.0 6.53072367427e-17 6.53072367427e-17
11.7295105393 7.05189239096 -0.219734364564 -0.219734364564
2.74307114596 2.44535625696 -0.0796560063326 -0.0796560063326
-3.04885921219 -0.642449247389 0.109593355336 0.109593355336
-2.3911692698 -0.331468626651 0.099452631945 0.099452631945
0.859397596327 1.51182207971 -0.041233844416 -0.041233844416
1.49483859979 2.11904539933 -0.095247514815 -0.095247514815
-0.846080412588 1.07754977079 -0.00688560079075 -0.00688560079075
-2.42140568625 0.16155969194 0.0770125486481 0.0770125486481
-1.03857729421 0.5818993913 0.0394996133698 0.0394996133698
1.23342862524 1.52100598543 -0.0504177501399 -0.0504177501399
1.36013293441 1.58553168181 -0.0578629779409 -0.0578629779409
-0.461935046096 0.800126709118 0.0201245797059 0.0201245797059
-1.42319152467 0.387005207273 0.0627772584979 0.0627772584979
-0.217119110403 0.907785706238 0.0095928798401 0.0095928798401
1.27230940783 1.52613009387 -0.0555418585792 -0.0555418585792
0.827036583073 1.32570645098 -0.0348669268666 -0.0348669268666
-0.989097432102 0.647440851364 0.0382522119772 0.0382522119772
-1.78276354577 0.523043928415 0.0524322915421 0.0524322915421
-0.739045799364 1.12400631238 -0.0138099720227 -0.0138099720227
0.435919804711 1.53043069632 -0.0598424610304 -0.0598424610304
0.17035220329 1.12441872152 -0.0142223811634 -0.0142223811634
-0.754234590096 0.519844456143 0.0556317638149 0.0556317638149
-0.596717366374 0.643846121663 0.0418469416787 0.0418469416787
0.574445632121 1.33021583827 -0.0393763141526 -0.0393763141526
0.95483370409 1.53545318512 -0.0648649498224 -0.0648649498224
-0.171052553415 0.905765948247 0.0116126378302 0.0116126378302
-1.1578871715 0.370761942343 0.0790205234276 0.0790205234276
-0.383714363703 0.793801201643 0.0264500871802 0.0264500871802
1.14182656967 1.6075182179 -0.0798495140255 -0.0798495140255
1.03281720715 1.54418907835 -0.0736008430511 -0.0736008430511
-0.844738290414 0.559764110311 0.0616348943588 0.0616348943588
-1.73689500929 0.108202130613 0.130370109976 0.130370109976
0.16710585672 1.08359455781 -0.0129303878116 -0.0129303878116
2.62561666871 2.22943120045 -0.205633315943 -0.205633315943
1.9199251894 1.5796494456 -0.10906121031 -0.10906121031
-1.61875323302 -0.600927033418 0.368911038712 0.368911038712
-2.74863080664 -1.41339754413 0.880541652075 0.880541652075
2.61892696459 1.40217909926 0.963521151372 0.963521151372
11.5044901325 6.29285682744 0.53930119896 0.53930119896
