16.0 7.0 -8.22387425648e-18 -8.22387425648e-18
5.5440175007 2.85435588195 -0.163062453609 -0.163062453609
-4.29116764778 -1.28281519549 0.122204863904 0.122204863904
-0.816347746555 1.11194294843 -0.00842893207645 -0.00842893207645
0.292046439949 1.8122073392 -0.0717968643016 -0.0717968643016
-1.85442875123 0.330322700069 0.0702116321291 0.0702116321291
0.173906336486 1.06802002477 -0.0104514497929 -0.0104514497929
-0.00542065133895 0.613867400292 -0.0455751013551 -0.0455751013551
-1.64090108451 -0.260250119759 0.0519738118648 0.0519738118648
0.226022294424 1.14884430412 -0.0117901518191 -0.0117901518191
-0.110679822878 0.69300895057 -0.0333868141792 -0.0333868141792
-1.70753990629 -0.478970576795 0.0433554894708 0.0433554894708
0.379402018638 1.31759208653 -0.0131283304518 -0.0131283304518
0.700894779584 1.58886066424 -0.0265044064867 -0.0265044064867
-1.01523425168 0.142520444806 0.0390120073249 0.0390120073249
0.41712383839 1.33717089705 -0.0147324168314 -0.0147324168314
1.29193986435 1.56811428174 -0.0222027671105 -0.0222027671105
0.39286417127 -0.314745954423 0.0371870238939 0.0371870238939
1.28633226248 0.378670729701 -0.0168284157582 -0.0168284157582
1.33054355653 1.24677292109 -0.0193656435709 -0.0193656435709
0.371888659197 -0.0316737556077 0.0372891730855 0.0372891730855
1.32371172357 0.313614530997 -0.0197252370728 -0.0197252370728
1.27407660268 1.12220298778 -0.0174632395482 -0.0174632395482
0.435520260937 0.147413735753 0.0393343028027 0.0393343028027
1.25553165373 0.22542855881 -0.023955760235 -0.023955760235
0.383841966707 0.988435111577 -0.0162315243349 -0.0162315243349
-0.893902539561 0.823352263069 0.0439529861637 0.0439529861637
0.58296526242 1.18933911464 -0.030594156102 -0.030594156102
0.285618868129 1.11788872547 -0.0155649852515 -0.0155649852515
-0.94986275159 0.5399155391 0.052971603002 0.052971603002
0.751455056014 1.41570712275 -0.042224510549 -0.042224510549
0.284648466263 1.18088185971 -0.0155288275536 -0.0155288275536
-1.66924711051 -0.298679580428 0.071902540729 0.071902540729
-0.191584993463 0.650074107645 -0.0670583714959 -0.0670583714959
-0.797769194412 1.09064168367 -0.0166739049491 -0.0166739049491
-2.43558816846 -0.295291052807 0.12541328574 0.12541328574
0.548454740176 0.806846297421 -0.152473587121 -0.152473587121
-0.80641797655 1.0713301649 -0.0244230338902 -0.0244230338902
-3.86212122087 -0.931005067224 0.810555986917 0.810555986917
6.7746667543 2.55364348023 0.8352876599 0.8352876599
