14.0 8.0 -1.48029736617e-17 -1.48029736617e-17
11.0526956919 6.71200226063 -0.216861412535 -0.216861412535
4.25245048896 3.24094398587 -0.131542042582 -0.131542042582
-1.54198609982 0.175740107085 0.0592603280461 0.0592603280461
-3.03755735049 -0.6434983895 0.133333333333 0.133333333333
-0.93495365256 0.488291052438 0.0450422808952 0.0450422808952
1.4476925091 1.80175729389 -0.074906919829 -0.074906919829
1.63021434287 1.91463492655 -0.089477096556 -0.089477096556
-2.96059473233e-17 1.0 1.73533522126e-17 1.73533522126e-17
-1.27808350726 0.258503173907 0.0776349776399 0.0776349776399
-0.879991824853 0.477124788667 0.0562085446668 0.0562085446668
0.429652491159 1.26388579447 -0.0290301912159 -0.0290301912159
1.00608162016 1.64980747473 -0.0729757519004 -0.0729757519004
0.335347000663 1.23651475474 -0.0270646147718 -0.0270646147718
-0.486559537446 0.580847849272 0.0488033871713 0.0488033871713
-0.209926294276 0.470692436898 0.0626408964352 0.0626408964352
1.0 1.0 1.82050637411e-17 1.82050637411e-17
1.73445064939 1.505007898 -0.0616130820985 -0.0616130820985
1.01833941434 1.3813015913 -0.0472051450899 -0.0472051450899
-0.49462591469 0.795129803262 0.0257323728412 0.0257323728412
-1.2220469504 0.465177293676 0.0681560396577 0.0681560396577
-0.453972505677 0.794254224789 0.0266079513141 0.0266079513141
0.828237204805 1.38459070545 -0.0504942592423 -0.0504942592423
1.08230429943 1.51163431625 -0.0682395003575 -0.0682395003575
5.92118946467e-17 1.0 -2.73538045986e-17 -2.73538045986e-17
-1.11764783681 0.45859724354 0.0747360897936 0.0747360897936
-0.882271113608 0.56899280879 0.0606584276533 0.0606584276533
0.497493361306 1.24462125966 -0.0351711196919 -0.0351711196919
1.36940131083 1.67646349282 -0.099631769991 -0.099631769991
0.558892983125 1.27676402191 -0.0419084186491 -0.0419084186491
-1.11778234214 0.446779764734 0.0865535685994 0.0865535685994
-1.61125177611 0.207057489168 0.129080662379 0.129080662379
2.96059473233e-17 1.0 6.5983623065e-18 6.5983623065e-18
2.18553217806 2.00967162033 -0.184513790326 -0.184513790326
2.40215663768 1.90898709456 -0.182136720505 -0.182136720505
0.0156822343715 0.393337420048 0.139995913286 0.139995913286
-2.44921196343 -1.14794987173 0.637784815567 0.637784815567
-1.41559433415 -0.739606250273 0.974606685404 0.974606685404
4.08439522982 2.20867411747 0.900727825824 0.900727825824
10.8691100224 6.02326644659 0.471874401501 0.471874401501
