12.0 26.0 3.52021934637e-17 3.52021934637e-17
-0.321103236268 -1.65099989797 0.0123826178158 0.0123826178158
0.375046827513 -0.31943509624 -0.0164756780662 -0.0164756780662
0.647660754371 -0.629817829443 0.0185347976164 0.0185347976164
0.317129273426 -0.475512303896 -0.019786673058 -0.019786673058
0.75193265644 -1.549990661 0.0206369581156 0.0206369581156
0.0676439890884 -0.445616587423 -0.0212587795628 -0.0212587795628
0.0147419407048 -1.5523510335 0.0217385179891 0.0217385179891
1.10594615605 -0.453650349703 -0.0221241389519 -0.0221241389519
-0.194931960428 -1.53617971241 0.0224444563122 0.0224444563122
1.30624512515 -0.480297513047 -0.0227178669031 -0.0227178669031
-0.576014211563 -1.49071203417 0.0229567111664 0.0229567111664
0.471011898464 -0.572503119288 -0.0231696199267 -0.0231696199267
-0.271549794568 -1.17597992259 0.0233628565914 0.0233628565914
1.77082457534 0.387086400941 -0.0235411250866 -0.0235411250866
-0.0101676912813 -1.78890584852 0.0237080785581 0.0237080785581
0.790272478123 -0.300938089904 -0.0238666534135 -0.0238666534135
0.444255168592 -1.66124080852 0.0240192982475 0.0240192982475
-0.227562403619 -0.358068838766 -0.0241681384263 -0.0241681384263
-1.45665919108 -1.6476369484 0.024315101533 0.024315101533
-0.554920333356 -0.0919013663126 -0.0244620203335 -0.0244620203335
-1.45837931817 0.211998116137 0.024610725378 0.024610725378
-0.518991195308 1.012641468 -0.0247631373625 -0.0247631373625
-1.5143449773 -0.172943189494 0.024921369333 0.024921369333
-0.431433092203 1.3816778605 -0.0250878506979 -0.0250878506979
-1.68326607236 -1.13338032221 0.0252654894082 0.0252654894082
0.325070820847 1.67253614377 -0.0254578969632 -0.0254578969632
-1.21450101733 -0.502173805338 0.0256697160196 0.0256697160196
0.149610197244 1.38837510196 -0.0259071182813 -0.0259071182813
-1.09493223807 -0.281228478666 0.0261785936118 0.0261785936118
0.0137229963417 1.12503970091 -0.0264962579393 -0.0264962579393
-0.306816633928 0.745128026728 0.0268781339259 0.0268781339259
1.15815418592 0.533785497214 -0.0273523749998 -0.0273523749998
-0.102299674252 0.344506424085 0.0279656919041 0.0279656919041
1.03358543599 0.764043854595 -0.0288018377032 -0.0288018377032
0.831297747346 -0.654822522615 0.0300276478108 0.0300276478108
1.22152950248 0.617656249529 -0.0320304125295 -0.0320304125295
0.744457970602 -0.582404857873 0.035962395607 0.035962395607
1.28837541859 -0.351273081594 -0.0474746648521 -0.0474746648521
-0.256495736075 -0.66597404012 0.998972844211 0.998972844211
