16.5079200358 6.73741737632 0.248673537506 0.26059699018
-1.4495512225 0.0284324140418 -0.0868373997757 -0.0994050652086
-0.560242670801 -0.0773287465995 0.0451528734341 0.0583139725819
-1.46271019097 0.440201797816 -0.0256429439194 -0.0393590478938
-0.420536150629 0.478061688742 0.0140990921455 0.0283416662209
-0.772199048221 0.864008381981 -0.00631634835158 -0.021065078698
-0.684104883035 1.07202881812 0.000603972193813 0.0158456526031
-0.318910875478 0.980488986645 0.00385160011165 -0.0118762427329
0.923364842103 0.913480134114 -0.00749216724667 0.00872112546623
0.923723432978 0.328384742338 0.0105800267715 -0.00612404265924
0.511269347071 1.09183512533 -0.0132823887996 0.00392409200151
-0.226135369928 1.03552545615 0.0157126206744 -0.002014815603
-0.392826629186 0.34730343748 -0.0179522163218 0.000322631807927
-1.09535375786 0.172488740675 0.0200634462121 0.00120529344081
-0.0885807858835 0.650298089761 -0.0220972732404 -0.00260824282638
-1.56035392458 0.470763203013 0.0240988688846 0.00391642042736
-0.509509781412 0.00587348927169 -0.0261120935457 -0.00515385258528
-1.45610727822 0.250547738798 0.0281839521057 0.00634035017962
-0.577357268291 0.164415775946 -0.0303700977566 -0.00749289823945
-1.30067933122 -0.716564603535 0.0327430088873 0.00862669535727
0.54198477264 -0.740294978947 -0.035405959748 -0.00975598669728
0.102954248671 -1.20838681427 0.0385197542007 0.0108947918426
0.93526682553 -0.82846427643 -0.0423599045953 -0.0120576082855
0.0487152988885 -1.13615673534 0.0474561206613 0.0132601667592
0.958854626961 -0.918900608839 -0.0549988314465 -0.0145203244709
0.0875456954457 -0.38495494265 0.0683946787123 0.0158592095755
1.85356407388 0.206949489448 -0.103159357117 -0.0173027834732
-0.817326527868 -0.196961752877 0.697026907989 0.0188840848582
-2.15516582365 -0.924310582613 0.052591666593 -0.0206465978529
-0.523856006626 -0.474213945711 -0.00303216912885 0.0226495232177
-0.071528112248 -0.786647627651 -0.0139546125848 -0.0249763953005
0.00706837373164 -1.07848491162 0.02391900994 0.0277498703484
0.760517741637 -0.216509254968 -0.0316411307407 -0.0311585958497
0.306638086442 -0.725766022995 0.0388969970305 0.0355095460318
1.39868681148 -0.293958654101 -0.0468386179122 -0.0413393265432
0.647741373146 -0.714043627564 0.0568013598222 0.0496799625537
1.33164936352 -0.148661401149 -0.071225453518 -0.0628046961469
0.689290920428 0.468938476842 0.0963978677987 0.0869008362058
0.46997421581 1.25892478305 -0.157286688534 -0.146873167078
-0.360304617017 0.383902358939 0.588170495998 0.57695798818
