7.61904761905 10.5476190476 -0.047619047619 0.0238095238095
1.01412560626 -0.144074434726 0.0613200931494 0.000583000741789
1.00487602926 -0.933836250965 -0.0606565331335 -0.00851511321389
0.979090396689 -1.04146439322 0.0574381511221 0.0124814417139
1.03590770372 0.338990739046 -0.0536465353466 -0.0148849997004
0.949939125283 -0.494252981148 0.0497930235292 0.016514152402
1.06151171844 -0.707499329466 -0.0460200458851 -0.0177038481231
0.942186542267 0.282456978164 0.0423534594096 0.0186207139904
0.877271044711 1.27915225088 -0.0387772944802 -0.0193570800385
-0.798174971594 0.742032643599 0.035258887 0.0199683222892
-0.458300227838 1.25988139964 -0.0317573018125 -0.0204897520254
0.0281379236741 0.737654270687 0.0282250754613 0.020945030949
0.0777551553379 1.25554032099 -0.0246064263573 -0.0213506929179
-0.181344684046 0.789757592372 0.0208323756932 0.0217187267508
0.80095237266 0.63813440918 -0.0168113248291 -0.0220581292269
0.980269677744 -0.46460225476 0.0124106404557 0.0223758819255
1.08962659161 0.442074911211 -0.00741720017983 -0.0226775920543
0.859229911515 -0.444410350962 0.0014404431376 0.0229679311678
1.19419920831 0.456377758623 0.00637689009539 -0.0232509501987
0.735226346716 -0.474730520654 -0.0185261289141 0.0235303192108
1.38095238095 1.45238095238 0.047619047619 -0.0238095238095
-0.794806315074 -0.537786624242 0.943217507242 0.0240920413768
-6.44850391267 0.625610292569 -0.0312017739015 -0.0243815164194
0.431881390193 0.504809026809 0.00260871225901 0.0246819541514
-0.134781926839 1.56771147223 0.0139219160434 -0.0249979549275
0.00756200817434 0.370899352593 -0.0295485402643 0.0253350203546
0.0823646018458 1.70135891854 0.0480823445934 -0.0256999774643
-0.169730369786 0.201985521012 -0.0737719146729 0.0261015956663
0.279490485042 1.94086260102 0.115920670985 -0.0265515234665
-0.457319440727 -0.176223830967 -0.207271904727 0.0270657716102
0.866293490735 2.50152732177 0.649032292509 -0.0276671686087
-3.21758240992 -6.010001399 0.545106176302 0.0283896371375
-3.29589214218 -3.6833941846 -0.134075346431 -0.0292861021864
-0.0721700665981 1.03929870198 -0.0255874886848 0.0304442366887
-1.21957256961 -0.386225167163 0.704725598314 -0.0320209154583
2.92470863787 -0.569020308713 0.438499208119 0.0343277335849
1.327652146 -0.421890814424 -0.235130407836 -0.0380848797746
0.929894920961 0.172760925044 0.181681451599 0.0454189056865
1.04529467376 -0.0615347517761 -0.171713576638 -0.0665749720287
0.0560646614359 -0.0122155254579 1.0577986366 0.972371702816
