10.0 7.0 1.73303106283e-16 3.52021934637e-17
-0.253148173281 0.838531050413 0.0081220397169 0.0123826178158
0.261310077348 1.17333738427 -0.00825785692946 -0.0164756780662
-0.269565262089 0.814975159651 0.00658308399059 0.0185347976164
0.278972926167 1.19701720739 -0.00425950401199 -0.019786673058
-0.290963424558 0.79033717024 0.00163771150215 0.0206369581156
0.308127283036 1.223441381 0.00115816224604 -0.0212587795628
-0.336422425399 0.76083197551 -0.00408764960344 0.0217385179891
0.394333177339 1.25847918309 0.00714820509186 -0.0221241389519
-0.588563808245 0.714543261825 -0.0103584676003 0.0224444563122
-0.435031211705 1.33448327715 0.0137522996847 -0.0227178669031
1.07388317025 0.487377528631 -0.0173778164704 0.0229567111664
1.05720554084 0.15094129212 0.0212995547943 -0.0231696199267
0.899067513584 -0.228934910778 -0.0256035713092 0.0233628565914
1.11771246148 0.271452215978 0.0304063492834 -0.0235411250866
0.880788615986 -0.309723761329 -0.0358697129614 0.0237080785581
1.10408965054 0.356626728319 0.0422262898074 -0.0238666534135
0.949379688081 -0.438605030678 -0.049825014551 0.0240192982475
0.733376454081 0.783611139758 0.059217869634 -0.0241681384263
-0.308014663674 0.762406763447 -0.0713399116825 0.024315101533
0.230389235375 1.34543170695 0.0879278233165 -0.0244620203335
-0.174443941882 0.569155079107 -0.112660071228 0.024610725378
0.0777728861629 1.53405281589 0.155101687687 -0.0247631373625
0.438325407919 0.314218893328 -0.251444587305 0.024921369333
0.789138432441 1.72748178141 0.801980746438 -0.0250878506979
-0.452377972215 -4.81217388184 0.407859707675 0.0252654894082
0.327220835209 -3.07712181646 -0.0764628636651 -0.0254578969632
0.265983598316 -0.376296814096 -0.0773423655916 0.0256697160196
1.08205496966 -0.707882172543 0.762021494917 -0.0259071182813
-2.20813050715 0.425059238855 0.412568059109 0.0261785936118
-0.217072290385 -0.948371944276 -0.195939027485 -0.0264962579393
-0.120110624303 -0.982413426452 0.133866116101 0.0268781339259
0.203648016058 -0.998596913395 -0.102768111491 -0.0273523749998
-0.243960650217 -1.02590415489 0.0835961943466 0.0279656919041
0.275843338857 -0.951715702627 -0.0705137857148 -0.0288018377032
-0.327289842515 -1.06771132349 0.0612032328849 0.0300276478108
1.20972782037 -0.915775164683 -0.0548086258814 -0.0320304125295
-0.151106730756 -1.09730791256 0.0517833288472 0.035962395607
0.21033842064 -0.897852129367 -0.0573512070466 -0.0474746648521
-0.231512381622 -0.168136882187 1.00363946175 0.998972844211
