5.07573024143 7.82849902145 0.243718298219 0.237469813685
-0.109429887091 -1.13868023651 -0.0993812771481 -0.0919325352849
0.0931736195712 -0.92253762049 0.0619620050307 0.0533618567077
0.0900580126152 -0.868417054161 -0.0450786199589 -0.0353594914155
1.28742302422 0.224647761955 0.0356543749843 0.0248339714305
0.749856101214 -0.16409226445 -0.029774937788 -0.0178571428571
1.24208661243 0.121990201406 0.0258653066746 0.0128403768166
0.755993517838 -0.0423612485426 -0.0231740851998 -0.00901815999765
1.25392353834 0.828969967972 0.0213018829108 0.00597575816687
0.723165181462 -0.196219068474 -0.0200215777245 -0.00346860390646
0.622572099077 0.806821125916 0.0191999558491 0.00134281299199
0.307605392359 0.279298160828 -0.0187604602237 0.000503604017914
0.7589114985 0.646645232484 0.0186648998133 -0.00214124370622
-0.00418282194304 0.601112520273 -0.0189052201252 0.0036208632263
0.084465729135 1.32097407098 0.0195018459882 -0.00498024754303
-0.113333465721 0.697925284163 -0.0205079375106 0.00624848453477
0.133874358719 1.31008948406 0.0220212820074 -0.00744874186314
-0.181988501824 0.624653931903 -0.0242091256359 0.00860014832297
-0.674599940984 0.605734901492 0.0273590169776 -0.00971912854336
0.536355055353 0.349530315005 -0.0319891818607 0.0108204035538
1.18080482164 -0.0461240615987 0.0391149873776 -0.0119177949309
0.864188560684 0.322666766385 -0.0510035242029 0.0130249298579
1.1007957102 0.680682690581 0.0739107956571 -0.0141559252021
0.966538982299 0.336004718798 -0.133595527703 0.015326124744
0.545520609338 0.273136118492 0.616638064532 -0.0165529738181
-5.16995459428 -0.482473578489 0.255326956542 0.0178571428571
-0.22888284668 -0.0703861163206 -0.111196599527 -0.0192640642416
-0.694682241848 1.1061503373 0.0741680002272 0.0208061435195
-0.543871783228 -0.0119598262294 -0.057885574767 -0.0225260833515
-1.40753210285 0.0353155204069 0.0493160649617 0.0244820935313
-0.478830342746 -0.164810801382 -0.0446135649025 -0.0267564220454
-0.63574937075 -0.713462067973 0.0423104006872 0.0294700238706
-0.867489840062 0.211757268074 -0.0418274339565 -0.0328092739589
-0.179620358736 -1.1594778497 0.0430539036878 0.0370781455209
0.154657177406 -0.825741763067 -0.0462781893209 -0.0428095854145
0.647994492477 -0.484117013977 0.0523755953004 0.0510327823084
1.26643529355 -0.533915625072 -0.0635248500429 -0.0640284540609
0.733606842499 0.684622119361 0.085925477153 0.0880667208593
1.30980337166 0.158801682257 -0.14530078922 -0.148921652446
0.233179683308 -0.0883958622554 0.628210790807 0.63319103835
