13.0 15.0 0.0 0.0
-0.288749859857 0.805078160432 -0.0253141048256 -0.0253141048256
-1.68008158595 -0.815132836363 0.0332659354587 0.0332659354587
-0.390535327719 0.852176334201 -0.0362587720026 -0.0362587720026
-0.849884662099 -1.57343021043 0.0369108382567 0.0369108382567
0.75960541602 -0.358680608051 -0.0361501990165 -0.0361501990165
-0.785357550079 -1.6877805344 0.0344217922128 0.0344217922128
1.33989959297 0.21880594162 -0.0319938149118 -0.0319938149118
0.000299396094492 -0.792338169425 0.0290596878669 0.0290596878669
0.605524234874 -1.07951369807 -0.0257777985526 -0.0257777985526
1.17756007539 -0.475296361906 0.0222883367499 0.0222883367499
0.468201402822 -0.296678302339 -0.0187204813349 -0.0187204813349
0.278452781536 -0.868850983975 0.0151951088208 0.0151951088208
0.903973490512 0.015247149576 -0.0118252866554 -0.0118252866554
-0.072592846557 -1.17050581337 0.00871564465372 0.00871564465372
1.32403991935 0.432176509932 -0.00596120272135 -0.00596120272135
0.819992438273 -0.374491236554 0.00364598765306 0.00364598765306
1.10499592087 -0.916523813779 -0.00184164613246 -0.00184164613246
0.942234055468 0.123500747088 0.000606191786493 0.000606191786493
1.02680322629 1.02085057213 1.70171802408e-05 1.70171802408e-05
1.0 1.0 1.31473779232e-17 1.31473779232e-17
0.0416687131173 1.00712442799 -0.000669476158262 -0.000669476158262
-0.0629106399502 0.968274780862 0.00198791492502 0.00198791492502
0.134541217826 1.07525591198 -0.00393652709454 -0.00393652709454
-0.908330189419 0.853821684825 0.00648210809613 0.00648210809613
-0.959088144942 1.28201224128 -0.00957838123253 -0.00957838123253
-1.15297640699 -0.00903883957534 0.0131678423169 0.0131678423169
-0.28748648531 0.769559725616 -0.0171841694633 -0.0171841694633
0.114209683678 0.922978459326 0.0215553218912 0.0215553218912
-0.483446358917 1.20679873214 -0.0262075748865 -0.0262075748865
-0.946727157115 0.695096527557 0.0310709939191 0.0310709939191
0.63863110863 1.39121319951 -0.0360874046928 -0.0360874046928
-0.844274185111 0.529543230352 0.0412231944778 0.0412231944778
-0.709125162434 1.54363265347 -0.0464924997795 -0.0464924997795
-1.20170350831 0.389415463379 0.0520054167113 0.0520054167113
0.537903119183 1.67092342811 -0.0580856588842 -0.0580856588842
-1.85398559976 0.275301174445 0.0656228342677 0.0656228342677
-0.145735118167 1.77395655531 -0.0775032922379 -0.0775032922379
-0.658134625423 0.166827655015 0.109090639409 0.109090639409
0.694168568575 0.744479615783 0.995887062876 0.995887062876
