8.0 11.0 -7.40148683083e-18 -7.40148683083e-18
3.19271029095 3.58229320885 -0.127173559399 -0.127173559399
-0.571453816618 -3.10553358386 0.124401693586 0.124401693586
1.74409342642 0.297085418166 -0.0665602650296 -0.0665602650296
1.0 -1.62832710278e-16 3.75770396523e-17 3.75770396523e-17
0.554589542851 -0.660417650505 0.0434109560969 0.0434109560969
1.52290211384 0.902536543875 -0.0513288321272 -0.0513288321272
0.68441586686 -0.732190736299 0.0307173166183 0.0307173166183
1.0 -1.0 -5.27377144186e-19 -5.27377144186e-19
1.24447865335 0.0652078084906 -0.022367309341 -0.022367309341
0.687215136962 -0.291321465235 0.0269928011065 0.0269928011065
1.20437486451 0.273946600308 -0.0161993675469 -0.0161993675469
1.0 2.36847578587e-16 -4.69817879821e-17 -4.69817879821e-17
0.805211012748 -1.10404608189 0.011242421121 0.011242421121
1.30670541979 -0.0362259583533 -0.0127954678345 -0.0127954678345
0.672413849262 1.24293860928 0.00698181903222 0.00698181903222
3.5527136788e-16 1.0 7.07554983084e-18 7.07554983084e-18
0.00932890516218 0.897726707728 -0.00310307912681 -0.00310307912681
-0.0439004846091 1.12487200789 0.0017469259761 0.0017469259761
0.0427200173837 0.914992563064 0.00061720809044 0.00061720809044
3.70074341542e-18 1.0 4.4408920985e-17 4.4408920985e-17
-0.0737981026631 1.09411466604 -0.00436848318299 -0.00436848318299
0.165740242685 0.853868689912 0.0089316397477 0.0089316397477
-0.260434128298 1.11480686131 -0.00834665479935 -0.00834665479935
-1.0 1.0 4.90030742874e-18 4.90030742874e-18
-0.349938160784 0.856015864271 0.0127975885699 0.0127975885699
0.280796271636 1.22893900267 -0.0216469197733 -0.0216469197733
-0.132593206049 0.817598007671 0.0180860705529 0.0180860705529
-5.55111512313e-17 1.0 5.81245412343e-18 5.81245412343e-18
-0.618227722329 1.2337109817 -0.0248378357489 -0.0248378357489
-1.08498930395 0.623165425577 0.0411632385512 0.0411632385512
0.557259692249 1.30606043516 -0.0342948916954 -0.0342948916954
5.92118946467e-17 1.0 -4.04699328455e-18 -4.04699328455e-18
-1.30015651002 0.582005566763 0.0494160065323 0.0494160065323
-0.0193237740381 1.7097107052 -0.0868363021565 -0.0868363021565
-0.321684947595 0.379794921355 0.0795717495672 0.0795717495672
1.7763568394e-16 1.0 7.02056756838e-17 7.02056756838e-17
0.714434885684 2.12005559522 -0.179033641378 -0.179033641378
-1.57702513902 -1.67667803434 0.636037889591 0.636037889591
2.29746843697 3.05163398664 0.900110617733 0.900110617733
