8.0 10.0 0.0 0.0
2.38305567143 2.86613529176 -0.131553114267 -0.102859012948
0.0410185361083 -0.831384098269 0.153157011362 0.113895064445
1.56146526001 0.564268479116 -0.119152384644 -0.0857067666516
0.765841345122 -0.237571645952 0.0596541674273 0.0419933981273
1.0 1.11022302463e-16 -1.38777878078e-17 -1.38777878078e-17
1.13556845966 0.127443401142 -0.0414960858351 -0.0286941013192
0.818440840767 -0.157887476322 0.0566814428457 0.0392619469173
1.15737547206 0.122161571437 -0.047861102977 -0.0334456179925
0.911856675473 -0.0579079830837 0.0248499790869 0.0176607693
1.0 -2.22044604925e-16 0.0 -1.38777878078e-17
1.08420808728 0.026862115026 -0.0168321134986 -0.012801984516
0.851484179268 -0.0120623550279 0.0215303414244 0.0174194959284
1.18674407377 -0.0415481295933 -0.0161681955376 -0.0144154849845
0.793585586847 0.124606036513 0.0068285029173 0.00718920978687
-2.22044604925e-16 1.0 0.0 0.0
-0.0335692153144 1.10176608678 -0.000749968731806 -0.00403012898267
0.0233220629218 0.877733632525 -0.00364461856734 0.00411084549591
-0.0119025856367 1.09702147774 0.0085534661211 -0.00175271055308
0.00656304896278 0.952777638103 -0.0083951613496 -0.00036070686957
-1.38777878078e-16 1.0 -1.38777878078e-17 -3.46944695195e-18
-0.0266593355921 1.0117725332 0.0150384670179 0.00328016025086
0.108623223115 1.0540807582 -0.0302533060869 -0.00775546406325
-0.382276736716 0.666457982524 0.036716484879 0.0103061766742
-1.02160918871 -0.0489782555047 -0.0271386078713 -0.00803445448003
-2.77555756156e-16 1.0 -1.38777878078e-17 -5.20417042793e-18
0.218589728559 1.24237530853 0.0381131305285 0.011758306767
-0.33477377784 0.628293034925 -0.0732059154899 -0.0224978420236
0.351036555395 1.38729444238 0.0876853246359 0.0264103082049
-0.243892493773 0.7335768328 -0.0660347696506 -0.0191041533913
2.22044604925e-16 1.0 -6.93889390391e-18 -6.93889390391e-18
0.372634233264 1.3955099172 0.110072751194 0.0263548237615
-0.841727563073 0.133538178432 -0.26558092144 -0.0507080734663
1.35428844469 2.23607006891 0.565242472855 0.061275016431
-1.84539205255 -2.31997162425 0.888438444268 -0.0469306162593
-9.0 -11.0 0.0 1.12757025938e-17
-2.51506211692 -3.82080813735 -0.0191410855154 0.0837179274327
2.60926787066 1.89547357783 -0.100977783529 -0.214872847973
-2.52886036393 -3.61951114481 0.418260689773 0.503967456424
2.3007560747 2.90241248508 0.977362458655 0.935369060527
