21.0 8.0 8.5401771125e-18 8.5401771125e-18
8.49671755748 4.26827908334 -0.169605100245 -0.169605100245
-5.38622159487 -0.584818832991 0.109066955459 0.109066955459
-1.59737999254 0.775992907598 0.0161585229567 0.0161585229567
2.31808746791 2.17941902413 -0.0787198808962 -0.0787198808962
-1.6884798768 0.07975521654 0.0482204386925 0.0482204386925
-1.5212222439 -0.236419892563 0.0176717670585 0.0176717670585
1.02507629265 1.24879493287 -0.0478893080953 -0.0478893080953
-0.820699856511 0.577698292174 0.0243085225261 0.0243085225261
-1.42158437111 -0.153410944749 0.0160433970071 0.0160433970071
0.395246372845 0.875606438364 -0.0301326910738 -0.0301326910738
-0.401592492328 0.807804787807 0.011591041095 0.011591041095
-1.2868841406 -0.0438245613934 0.0125710408205 0.0125710408205
-0.0359435282631 0.592867452778 -0.0173737661956 -0.0173737661956
-0.165693896446 0.942202745947 0.00434396354404 0.00434396354404
-1.11672494128 0.122151628705 0.0075815689727 0.0075815689727
-0.376035216755 0.286268758859 -0.00716123468712 -0.00716123468712
-0.0401748380605 1.03070433609 0.000693701453451 0.000693701453451
-0.911192332508 1.01309890914 0.00112842410666 0.00112842410666
-0.66073547783 1.10870393515 0.00145014398416 0.00145014398416
0.0 1.0 2.98906198938e-17 2.98906198938e-17
-0.669109926415 0.137624476207 -0.00692430460087 -0.00692430460087
-0.90344356891 0.256399419213 0.00887718770546 0.00887718770546
-0.0386281861318 0.993131219794 0.00224035338217 0.00224035338217
-0.385871344183 0.404228528854 -0.0169973621155 -0.0169973621155
-1.10896768318 0.0650565106041 0.0153388270715 0.0153388270715
-0.162044340209 0.92370635524 0.00799351978089 0.00799351978089
-0.048703610241 0.640799614907 -0.0301338481734 -0.0301338481734
-1.27843036988 -0.0686253218837 0.0210248115328 0.0210248115328
-0.394179293564 0.790130829041 0.0190042398587 0.0190042398587
0.376286537228 0.913526109599 -0.0490925266916 -0.0490925266916
-1.4113236111 -0.171084903515 0.0263041570101 0.0263041570101
-0.804352866733 0.552897531684 0.0406555123041 0.0406555123041
0.989904212503 1.296727095 -0.0830613882464 -0.0830613882464
-1.50637540943 -0.254916283271 0.032518601529 0.032518601529
-1.6391420168 0.0226600984389 0.0975582986948 0.0975582986948
2.20996382534 2.29737879412 -0.186843523462 -0.186843523462
-1.56135352817 0.738419791299 0.0521849873267 0.0521849873267
-4.63727086854 -1.34151832292 0.85801768179 0.85801768179
9.47617146501 3.2971996244 0.809848807281 0.809848807281
