12.6655291587 4.65118337845 0.20106321177 0.196427185606
-1.47306721925 1.25035675505 -0.0829627390691 -0.0767873924899
-0.572482842414 0.214392890655 0.0510754403469 0.0433110255989
-1.38813688051 0.90589876548 -0.0368434936631 -0.027417012882
-0.677744973363 0.680315163481 0.0292320515257 0.0180431501637
-0.929143265621 0.405893484435 -0.024881501187 -0.0117963803944
0.545356128148 1.14449292488 0.022445539629 0.00728804171908
0.463033445691 0.849760355294 -0.0213053876836 -0.00384386360595
1.4708112444 -0.214983288463 0.0211689718743 0.0010965859977
0.557623734992 0.793627968554 -0.0219243947241 0.00117123106561
1.41416103276 0.0899230888731 0.0235884731357 -0.00309683339551
0.644320121097 0.0952758406878 -0.0263053140619 0.00477141765457
0.88463532933 -0.600727255089 0.0303912547468 -0.00625824903496
-0.546229630093 -1.09338524233 -0.0364569089818 0.00760290352102
1.56330729175 -0.781839021677 0.0457112120513 -0.00883937221386
0.424518916634 -0.157432677266 -0.0608053050082 0.00999387063136
1.60422067151 -1.54160520729 0.0887439444612 -0.0110873186909
0.337773384685 -0.232114178288 -0.155759909654 0.0121370249293
1.65132390571 -0.909077626001 0.515577850676 -0.0131578846346
-4.0611326201 4.92891418569 0.462989045213 0.0141632810944
0.30429134592 2.30041675887 -0.17007266787 -0.0151658130615
0.826107882034 0.478394560162 0.10834210876 0.0161779359465
-0.133921948102 1.27581651822 -0.0818101864379 -0.0172125875436
0.0713852192428 0.886808523557 0.0672355944715 0.0182838661723
-0.260345018734 0.813927052908 -0.0581735697386 -0.019407839113
-0.693218596416 0.286151933681 0.0521339657147 0.0206035851193
-0.366412808563 0.659792110845 -0.0479616524849 -0.0218946247773
-1.39763701077 0.375829406047 0.045059338127 0.023310983729
-0.660365279041 0.600396326372 -0.0431015862038 -0.0248923013194
-1.30917770644 0.410867187018 0.0419151814143 0.0266927144764
-0.715959150992 -0.163459161601 -0.0414273567625 -0.0287888749297
-1.25352505376 0.179172605988 0.0416484157813 0.0312937745217
-0.803445674342 -0.640339394406 -0.0426795946795 -0.0343820098619
-0.414272740025 -1.04629979016 0.04475237188 0.0383393454376
0.211985169173 -1.01335506786 -0.0483285196277 -0.0436690990451
0.256393802471 -0.952300413195 0.054353249277 0.0513493710978
0.685304176882 -1.07871435444 -0.0649873732104 -0.0635679526583
0.553375115024 -0.883267134271 0.0863168900729 0.0864338421908
1.03319097675 -1.18733641615 -0.14428164929 -0.145907342784
-0.512429634367 -0.242910018225 0.71478653787 0.717912384993
