15.0074214357 3.73313707481 0.106678401451 0.106678401451
0.840273654588 0.664636713052 -0.0386198285181 -0.0386198285181
1.16458454371 0.360196799827 0.0178365494932 0.0178365494932
0.879286929285 0.636744410526 -0.00767553570551 -0.00767553570551
0.661097019593 0.32655074973 0.00159110820153 0.00159110820153
-0.383456201495 1.29534028492 0.00250208821776 0.00250208821776
0.354856704655 0.805505961868 -0.00547555138759 -0.00547555138759
-0.416230675396 1.07877077384 0.00775818913588 0.00775818913588
-0.625445512146 -0.0903186698205 -0.00958585460569 -0.00958585460569
0.0052102178599 1.44912869495 0.0110991898635 0.0110991898635
-0.394246447519 0.18324960517 -0.0123874688029 -0.0123874688029
-0.691741594401 0.684446170401 0.0135102877648 0.0135102877648
-0.266392083463 1.02904068314 -0.0145091551538 -0.0145091551538
-1.56680784634 1.0187629558 0.0154140807819 0.0154140807819
-0.356666203053 0.986925901284 -0.0162475222392 -0.0162475222392
-0.603267084159 0.859892714198 0.0170268583187 0.0170268583187
-0.726262159056 -0.265456961187 -0.0177660060442 -0.0177660060442
-1.39731172561 0.284697921692 0.0184765236671 0.0184765236671
0.0268951312974 -0.878541400461 -0.0191683993197 -0.0191683993197
-0.981094810642 -0.19148407489 0.0198506480202 0.0198506480202
-0.865010211968 0.0945670768271 -0.0205317974483 -0.0205317974483
-1.16445793674 0.939233394414 0.0212203202937 0.0212203202937
-0.858140313511 -0.264075964926 -0.0219250606741 -0.0219250606741
-0.842977067227 0.561616673211 0.0226557009985 0.0226557009985
0.488005949399 1.02437700702 -0.0234233233872 -0.0234233233872
-1.08857685788 1.0306957366 0.0242411386667 0.0242411386667
0.0385089915199 0.95319329341 -0.0251254920612 -0.0251254920612
0.83263708726 1.01108655099 0.026097320507 0.026097320507
1.14258537129 -0.198209926191 -0.027184357638 -0.027184357638
0.928808991702 0.261845913874 0.0284246127249 0.0284246127249
0.633079209495 -0.703192770486 -0.0298721081928 -0.0298721081928
0.299539146319 -0.358626065383 0.0316068269117 0.0316068269117
0.72180369596 -0.627253679021 -0.0337530077361 -0.0337530077361
0.272550596315 -0.368412338392 0.0365153267304 0.0365153267304
0.722258172476 -0.652522273433 -0.0402573720228 -0.0402573720228
0.298736216109 -0.296684914345 0.0456940932212 0.0456940932212
0.634890606128 -0.84578239359 -0.0544530895758 -0.0544530895758
0.829149336779 0.789527253699 0.0712166405387 0.0712166405387
1.28754454422 0.401105428665 -0.117232928949 -0.117232928949
-0.0590301254238 -0.201975181363 0.865343171344 0.865343171344
