20.5054011348 3.68816462219 0.0677191564491 0.0677191564491
-1.5308842622 0.0666681924648 -0.0205767714385 -0.0205767714385
-0.530083919013 0.942656342306 0.00572843925721 0.00572843925721
-1.23388949068 0.0110160949752 0.00161068756522 0.00161068756522
0.409740262025 1.11132450898 -0.00603075951334 -0.00603075951334
-1.97319723198 -0.657860327794 0.00901506873318 0.00901506873318
0.448505332409 1.12630264172 -0.0111884543258 -0.0111884543258
-1.3457017415 -0.0209608999065 0.01286002633 0.01286002633
0.321530599917 0.99679071135 -0.014200387383 -0.014200387383
-1.34484243859 -0.0221038666295 0.0153115519148 0.0153115519148
-0.462892849906 1.12754279169 -0.0162584164421 -0.0162584164421
-0.638223384406 0.673630273906 0.017084382077 0.017084382077
-0.339265445426 0.359905588567 -0.0178197244317 -0.0178197244317
-0.634902879466 0.647229404496 0.0184863629584 0.0184863629584
-0.471148981643 0.282322242207 -0.0191007227477 -0.0191007227477
0.00252216707542 1.16125373648 0.0196755312526 0.0196755312526
-0.45484084346 0.932825283553 -0.0202209948535 -0.0202209948535
-0.66983478499 1.02835270181 0.0207456028068 0.0207456028068
-0.279794570311 0.990492951064 -0.0212567032451 -0.0212567032451
-0.736464054406 1.00230770109 0.0217609403109 0.0217609403109
0.630962501573 0.993653559627 -0.0222646109946 -0.0222646109946
-0.627078337075 1.03166036574 0.0227739839563 0.0227739839563
0.74786585185 0.835659935707 -0.0232956152925 -0.0232956152925
0.558883566695 -0.136439889959 0.0238366956316 0.0238366956316
1.49795639949 0.0758533440864 -0.0244054689377 -0.0244054689377
0.46258181258 -0.0332228803115 0.0250117777799 0.0250117777799
1.61484631547 -0.0478016530189 -0.0256678171606 -0.0256678171606
-0.242688046273 0.680598000983 0.026389228818 0.026389228818
1.13451352114 0.419952557784 -0.0271967596963 -0.0271967596963
0.701489357614 -0.243123060428 0.0281188830227 0.0281188830227
1.32652921354 0.190639026495 -0.0291961290124 -0.0291961290124
0.69204430663 -0.150030811715 0.0304886092009 0.0304886092009
1.16679096364 0.0242907727492 -0.0320898912846 -0.0320898912846
-0.428190519483 -1.37103838728 0.0341545265232 0.0341545265232
0.100458137633 -0.403178742947 -0.0369580053644 -0.0369580053644
-1.61216102178 -0.0460966612395 0.0410446328003 0.0410446328003
-0.459826479668 0.0921708914499 -0.047662439055 -0.047662439055
-1.50255515933 -0.102085416552 0.060446073622 0.060446073622
-0.546857084267 0.0995363444805 -0.0963555810701 -0.0963555810701
-0.620934281867 -0.0861307174476 0.91857400033 0.91857400033
