16.5952380952 6.71428571429 0.0238095238095 0.0238095238095
-1.4053592834 -0.0329607709665 0.000583000741789 0.000583000741789
-0.63237344736 0.0133498496681 -0.00851511321389 -0.00851511321389
-1.31974720891 0.017587052532 0.0124814417139 0.0124814417139
-0.761491400367 -0.0792651288764 -0.0148849997004 -0.0148849997004
-0.999916047644 0.291800554426 0.016514152402 0.016514152402
0.0749331177937 0.823953526042 -0.0177038481231 -0.0177038481231
-1.11743080603 0.050596788604 0.0186207139904 0.0186207139904
0.167769079292 1.34094789117 -0.0193570800385 -0.0193570800385
-1.26800970061 0.749414791632 0.0199683222892 0.0199683222892
0.728614235702 1.21868142352 -0.0204897520254 -0.0204897520254
-0.592958343414 0.785775196841 0.020945030949 0.020945030949
0.47475549122 1.25524130602 -0.0213506929179 -0.0213506929179
0.0907006572599 0.237057318867 0.0217187267508 0.0217187267508
1.65250122977 -0.0377896848635 -0.0220581292269 -0.0220581292269
0.415249827204 0.0622439535776 0.0223758819255 0.0223758819255
1.54629441326 -0.800594451873 -0.0226775920543 -0.0226775920543
0.483210863617 -0.312085199603 0.0229679311678 0.0229679311678
1.48916892425 0.186965601033 -0.0232509501987 -0.0232509501987
0.542599304931 0.734322456674 0.0235303192108 0.0235303192108
1.40476190476 0.285714285714 -0.0238095238095 -0.0238095238095
-0.358490084824 0.714128750132 0.0240920413768 0.0240920413768
1.3475694213 0.270371588597 -0.0243815164194 -0.0243815164194
-0.362259396436 0.765407104176 0.0246819541514 0.0246819541514
1.41909710442 0.158293022686 -0.0249979549275 -0.0249979549275
-0.639776865565 1.08236089282 0.0253350203546 0.0253350203546
0.552812878664 0.981738791176 -0.0256999774643 -0.0256999774643
-0.505245657506 1.00082429813 0.0261015956663 0.0261015956663
0.459920091101 0.99539608605 -0.0265515234665 -0.0265515234665
-0.384023781172 1.04511926649 0.0270657716102 0.0270657716102
0.0020208104208 0.61504103858 -0.0276671686087 -0.0276671686087
-1.62160533982 -0.317797257966 0.0283896371375 0.0283896371375
-0.448968427822 0.764223018247 -0.0292861021864 -0.0292861021864
-1.51699999554 0.536116386207 0.0304442366887 0.0304442366887
-0.50635990399 -0.912683779738 -0.0320209154583 -0.0320209154583
-1.47406803196 -0.306235166395 0.0343277335849 0.0343277335849
-0.544993068689 0.135076210362 -0.0380848797746 -0.0380848797746
-1.43298663689 -0.0941612832732 0.0454189056865 0.0454189056865
-0.603183415932 0.0744443700173 -0.0665749720287 -0.0665749720287
-0.474780130129 -0.0605248583552 0.972371702816 0.972371702816
