20.4783368567 6.3650200663 0.106678401451 0.106678401451
-1.54442798151 -0.228695455956 -0.0386198285181 -0.0386198285181
-0.472835299275 0.202794256969 0.0178365494932 0.0178365494932
-1.5203909436 -0.186536646845 -0.00767553570551 -0.00767553570551
-0.4823891587 0.17779626328 0.00159110820153 0.00159110820153
-1.51677848588 -0.187805953151 0.00250208821776 0.00250208821776
-0.482950049566 0.942919839936 -0.00547555138759 -0.00547555138759
-1.51800402568 0.0970946518727 0.00775818913588 0.00775818913588
-0.480631113217 0.947707120552 -0.00958585460569 -0.00958585460569
-1.52085434828 -0.269655403509 0.0110991898635 0.0110991898635
-0.47812348554 0.274990271554 -0.0123874688029 -0.0123874688029
-1.52056517481 -0.800756609636 0.0135102877648 0.0135102877648
-0.492820291803 -0.321841665773 -0.0145091551538 -0.0145091551538
-0.667586107609 1.02042846212 0.0154140807819 0.0154140807819
0.626840095786 0.911937950992 -0.0162475222392 -0.0162475222392
-0.666472760534 1.17982418653 0.0170268583187 0.0170268583187
0.955387108349 0.437442145296 -0.0177660060442 -0.0177660060442
0.570143225563 0.538369417998 0.0184765236671 0.0184765236671
1.49583568843 0.439143470488 -0.0191683993197 -0.0191683993197
0.470906210869 0.612364302766 0.0198506480202 0.0198506480202
1.55889414378 0.287387005164 -0.0205317974483 -0.0205317974483
0.400800637633 0.985905803213 0.0212203202937 0.0212203202937
1.68127474801 0.681172330859 -0.0219250606741 -0.0219250606741
-0.078122641356 0.325795835813 0.0226557009985 0.0226557009985
0.978070420402 0.651643694052 -0.0234233233872 -0.0234233233872
0.666479784802 0.360629489659 0.0242411386667 0.0242411386667
1.41148133398 1.36163143065 -0.0251254920612 -0.0251254920612
-0.432583100198 0.732583033229 0.026097320507 0.026097320507
0.519134047466 1.20084742392 -0.027184357638 -0.027184357638
-0.785573425267 0.885756632842 0.0284246127249 0.0284246127249
-0.683408906729 0.715148758724 -0.0298721081928 -0.0298721081928
-1.38148920742 -0.319866798073 0.0316068269117 0.0316068269117
-0.592934240873 0.246119706653 -0.0337530077361 -0.0337530077361
-1.42048310969 -0.207429931584 0.0365153267304 0.0365153267304
-0.572155359759 0.177586173707 -0.0402573720228 -0.0402573720228
-1.43078251202 -0.147616194054 0.0456940932212 0.0456940932212
-0.571255290437 0.107790530313 -0.0544530895758 -0.0544530895758
-1.41762111288 -0.0263388319714 0.0712166405387 0.0712166405387
-0.623498490454 -0.597869278087 -0.117232928949 -0.117232928949
-0.632760722181 -0.442982704212 0.865343171344 0.865343171344
