12.0 9.0 1.08314441427e-16 3.52021934637e-17
-1.33108741786 0.816029889647 0.0164854006446 0.0123826178158
-0.647666875259 1.16880069588 -0.0245393502565 -0.0164756780662
-1.38469383951 0.848268285068 0.0304866267437 0.0185347976164
-0.532826674717 1.1318157443 -0.0356175950969 -0.019786673058
-0.401529608355 0.893119057972 0.040400717627 0.0206369581156
-0.684395636667 1.07199716627 -0.0450755339267 -0.0212587795628
-0.0597871436477 0.987716401531 0.0498034613804 0.0217385179891
1.37926166281 0.842677888798 -0.0547225837227 -0.0221241389519
0.635813661079 0.0523788393295 0.0599761355609 0.0224444563122
1.37172651593 1.04602277992 -0.0657355047047 -0.0227178669031
0.614758225893 -0.297627528629 0.0722282135372 0.0229567111664
1.4041504408 0.184495713315 -0.0797820253321 -0.0231696199267
0.566709026701 -0.110097257771 0.088905646975 0.0233628565914
1.49255977344 0.0179770377097 -0.100454043695 -0.0235411250866
0.248651062624 0.27163536779 0.116010156223 0.0237080785581
0.270125112238 1.17481949406 -0.138913746864 -0.0238666534135
-0.356321481008 0.956142811802 0.177737747823 0.0240192982475
0.415141389826 0.925981168786 -0.263531698793 -0.0241681384263
-0.502843054589 1.09125879955 0.668922133897 0.024315101533
0.898705298955 -2.43260507289 0.567442842087 -0.0244620203335
0.691665970497 -2.54875785254 -0.132869746856 0.024610725378
1.46174463915 0.593317554439 0.0399176054077 -0.0247631373625
4.54057286634e-05 -2.09539400265 0.00855672625252 0.024921369333
0.78178080657 0.894273851342 -0.0479478065652 -0.0250878506979
0.884257185865 0.196145609106 0.095839368344 0.0252654894082
1.21198147927 0.0338278330371 -0.191366984718 -0.0254578969632
0.328458855959 0.0664493935507 0.823358886809 0.0256697160196
-1.36350049387 -1.30353335454 0.374063713154 -0.0259071182813
-1.17916429583 -1.70299069901 -0.141897382551 0.0261785936118
1.54508563056 -0.547846914944 0.0794666270959 -0.0264962579393
-0.372597915422 -1.37406275604 -0.0488405183717 0.0268781339259
1.29178749261 -0.668193731389 0.0297722981695 -0.0273523749998
-0.245924855561 -1.30309688867 -0.0161710678754 0.0279656919041
1.21747844227 -0.719106046212 0.00549351683371 -0.0288018377032
-0.198737869025 -1.26212670194 0.00362713804773 0.0300276478108
1.18427399635 -0.755015079811 -0.0122397161679 -0.0320304125295
-0.16191828894 -1.22759640898 0.0218954655465 0.035962395607
0.241225563254 -0.795865114878 -0.038503786072 -0.0474746648521
-0.275367797873 -0.243187191824 0.9946479317 0.998972844211
