5.45050316164 3.17268681186 0.306547586389 0.313825549715
0.734682508115 -0.468029557192 -0.10822408776 -0.108525469816
1.28031665331 -0.0857660597919 0.0692767450329 0.064566608166
0.709307283825 0.0507212920507 -0.0539861318578 -0.0452379683826
1.32396730951 -0.0638614471019 0.0465140939798 0.034263622368
0.413045078043 0.315707285813 -0.0425706243461 -0.0271173691915
0.121821830648 1.15253463792 0.0405481977554 0.0220404639054
-0.145940655017 0.893453545599 -0.0397348239323 -0.0182065184948
-0.299128124299 0.644775680084 0.0397931563908 0.0151756063253
-0.388661828425 0.670820107297 -0.0405755463232 -0.0126916653367
-0.353144654761 0.585841897454 0.0420549400161 0.010595212147
-0.675798196592 0.404717775561 -0.0443089533797 -0.00878142168556
-0.306891018704 1.2284410033 0.0475440180497 0.00717824653931
-0.144981601095 0.763932949732 -0.0521774669953 -0.00573421220852
-0.321445169164 0.81425506267 0.0590514499602 0.00441122530557
-0.698525699193 -0.0860888727234 -0.070040139017 -0.00318013063382
-0.271471449341 -0.229552020281 0.0901991688142 0.00201784616294
-0.819471216622 0.485576659905 -0.139281191394 -0.000905436402963
-0.513968360249 0.00221510491709 0.445872040085 -0.000173242851787
1.35729149157 0.497975332164 0.23231101619 0.00123254990792
1.09391809489 0.0550287139395 -0.0732222488815 -0.00228585450137
0.399581912215 -0.598744853954 0.0348097475368 0.00334622555103
1.01376950628 0.0556341915748 -0.016947647751 -0.00442708638651
0.99470460305 -0.139842287095 0.00611513279732 0.00554290833701
0.681020780228 0.494422968504 0.00166156353761 -0.0067100208457
-1.15013494219 0.178229726362 -0.00806391700694 0.0079476391576
0.150214490434 0.526384472382 0.0140629587256 -0.00927925623076
1.11027747739 -0.0445612590334 -0.0204787732954 0.0107346291636
0.839375347488 -0.0334876265035 0.0283744918547 -0.0123527433703
-0.0171647027572 -1.16398873319 -0.0397367421989 0.0141864248843
0.309005345348 -0.4987822162 0.0596177035536 -0.0163098334599
0.753216118662 -0.527694935319 -0.107097578202 0.0188312311359
0.51543388477 0.136120413537 0.377699217974 -0.0219159860462
-1.97884161021 1.18853280657 0.304744295025 0.0258309113321
-0.862754619109 0.579010296467 0.369772913348 -0.0310373018577
-2.20763948781 -0.378071137067 0.267881643052 0.038409116348
-0.388963125792 -0.529643635029 0.5143913732 -0.0498295356331
-0.733582761369 -4.23804388583 0.477150138039 0.070242820813
0.518838875676 -2.24384788219 -0.168495490694 -0.118141530126
-0.464755503354 -0.323769083909 0.392191014972 0.373004286737
