16.0 8.0 -6.16790569236e-18 -6.16790569236e-18
11.1392884375 6.06763243495 -0.21217263557 -0.21217263557
1.69714183628 1.79908640075 -0.049858362025 -0.049858362025
-3.00159959738 -0.524366402964 0.113843039677 0.113843039677
-0.761342428555 0.260591440474 0.0614146266626 0.0614146266626
2.53031080548 1.68954104429 -0.0616630731061 -0.0616630731061
1.93504223958 1.62891855935 -0.059644545166 -0.059644545166
-0.916428289176 0.715093623686 0.0285079396287 0.0285079396287
-1.99877725678 0.518247539294 0.0510235889996 0.0510235889996
-0.832844083949 1.06303256774 -0.00716414564048 -0.00716414564048
0.182450031555 1.30865003432 -0.0389004187894 -0.0389004187894
0.0440082585702 1.03383319696 -0.00511927455713 -0.00511927455713
-0.180380117624 0.889776996439 0.0257700698092 0.0257700698092
-0.0106548017464 1.00584237949 0.00993508964873 0.00993508964873
-0.208880595728 0.807996104591 -0.0137411842779 -0.0137411842779
-0.84219329014 0.222867022056 -0.00870898885043 -0.00870898885043
-0.908483120741 -0.0139697905538 0.00458932388794 0.00458932388794
-0.258208794713 0.479325423598 0.00302757186614 0.00302757186614
-0.0392847182533 1.10705361631 0.000299661761152 0.000299661761152
-0.661583697252 1.2228063798 0.00528353167954 0.00528353167954
-1.0 1.0 -1.54197642309e-17 -1.54197642309e-17
-0.412096272157 0.924015478889 -0.0141907540412 -0.0141907540412
0.0419138568031 0.993973669724 -0.00591128245217 -0.00591128245217
-0.508928710764 0.970075620388 0.0215233701604 0.0215233701604
-1.09171797737 0.950162156299 0.0173628312464 0.0173628312464
-0.587216461369 1.0960587551 -0.0250264834172 -0.0250264834172
0.150024505267 1.15226226191 -0.0338687795952 -0.0338687795952
-0.286220792388 0.889556851777 0.0223142702771 0.0223142702771
-1.2146973501 0.712209268228 0.0547137695973 0.0547137695973
-0.887726761225 1.05758430027 -0.0105427878265 -0.0105427878265
0.281666828932 1.44232446381 -0.0793415559301 -0.0793415559301
0.135196893001 1.08273406393 -0.0147540567717 -0.0147540567717
-1.34495379087 0.397757626561 0.108330823829 0.108330823829
-1.50565486519 0.652995957983 0.0640290014897 0.0640290014897
0.394087485642 1.75896318467 -0.147009741914 -0.147009741914
1.11201248692 1.83935706058 -0.17719736505 -0.17719736505
-1.38853684685 0.0630025410358 0.232350521524 0.232350521524
-3.0640860915 -1.25825056453 0.809323772152 0.809323772152
1.67694964103 0.778549482332 0.983531763944 0.983531763944
11.0368478497 5.32582036156 0.569863089361 0.569863089361
