4.48578091975 7.97542646719 0.223696966519 0.228394319123
1.0069568134 0.0212768679534 -0.0874890341806 -0.0887608147718
1.03676823082 -0.584893712175 0.0526107954032 0.0512593452856
0.933830989397 -0.264807920231 -0.037131699885 -0.0336839201125
1.10803815007 0.192035566083 0.0285675196143 0.0233866599225
0.222238021299 -0.773508331545 -0.0232066947727 -0.0165524236952
1.00328706452 -0.291754943961 0.0195708896736 0.0116338917405
0.934912042887 -0.678347166682 -0.0169610914383 -0.00788410197502
1.13504947932 0.4202135427 0.0150067040969 0.00489785545886
0.523619977177 0.86085094019 -0.0134944059228 -0.00243598046027
0.534020105196 0.559130971306 0.0122935649258 0.000347875480408
1.24719781843 -0.382285181296 -0.0113202692317 0.00146633425725
0.419785609527 0.721278691585 0.0105185815094 -0.00307581770902
-0.0495321078202 0.916831263279 -0.00985015761333 0.00453032886127
-0.00506778646516 1.11514963113 0.00928821736303 -0.00586692218603
0.0547395217571 0.886265008639 -0.00881391763019 0.00711413563019
-0.933260147908 1.09412997318 0.00841412627929 -0.00829470912487
-0.640406982432 0.963547327145 -0.00808006238286 0.00942742743286
-0.428874428788 0.425024546611 0.00780651413118 -0.010528428379
-1.35601438166 -0.15008351173 -0.00759148723144 0.0116121843579
-0.282872676609 -0.292506126405 0.00743623032811 -0.0126922919665
-0.777432144696 -0.68075615712 -0.00734566309242 0.0137821651972
-1.03898965864 -0.379994694896 0.00732932376219 -0.014895708922
-0.995243025415 -0.131261084096 -0.00740308977171 0.0160480456724
-0.997025649465 0.108997924517 0.00759216753269 -0.0172563788722
-0.997701838241 0.183704645727 -0.00793632182354 0.0185411027431
-1.02041329091 1.33532555371 0.00849931683245 -0.0199273215981
0.110179471273 0.708399034475 -0.0093868208413 0.0214470371144
1.13938776412 1.3037536358 0.0107826860278 -0.0231424380784
0.913013763602 0.0119861286119 -0.0130291534251 0.0250710596276
1.05702264213 0.11762071773 0.0168262200697 -0.0273142361881
0.984443589977 -0.109916387201 -0.0238167784891 0.0299916458781
0.874337724607 -0.740520261822 0.0388088914925 -0.0332878186546
0.255377649784 -0.885620400355 -0.0833895914227 0.0375039671711
0.774881065005 0.408701066366 0.660445230736 -0.0431687657929
2.80456575544 -0.41304274374 0.188768587688 0.0513046593655
1.07321994823 0.810777734114 -0.1172548413 -0.0641823695324
0.853890020008 0.143515462981 0.116454775152 0.0880672546544
1.21854970147 1.15593991888 -0.165407978534 -0.14891272833
0.272285734387 0.319416003365 0.662737204398 0.653308608648
