15.0 6.0 3.86164530304e-17 3.86164530304e-17
8.14765887984 3.76200039478 -0.198041504799 -0.198041504799
-1.92051225711 0.349873877444 0.0681897207511 0.0681897207511
-2.16765631951 0.270108301421 0.0909083468511 0.0909083468511
1.75075229924 1.5858052588 -0.0807422950613 -0.0807422950613
0.671650349861 1.22327698735 -0.0329525226768 -0.0329525226768
-1.46704476808 0.515469367522 0.0751950976339 0.0751950976339
0.101632328395 1.03335094518 -0.00538280992735 -0.00538280992735
1.09894217368 1.3583104167 -0.0597140388673 -0.0597140388673
-0.548249886185 0.822393510873 0.0304138202519 0.0304138202519
-0.683673305527 0.779969138622 0.0385838050668 0.0385838050668
0.769059970436 1.24585333958 -0.04404041323 -0.04404041323
0.262818412047 1.08343364056 -0.0152413378411 -0.0152413378411
-0.807113440243 0.745648688186 0.0473270126792 0.0473270126792
0.121602414442 1.03802306064 -0.00720096475253 -0.00720096475253
0.695027326731 1.21549540786 -0.0415230239364 -0.0415230239364
-0.43113540097 0.867558821385 0.0259641371684 0.0259641371684
-0.467771971517 0.857784018239 0.0283758940409 0.0283758940409
0.634547341982 1.19066240456 -0.038747546624 -0.038747546624
0.165511290844 1.04905548386 -0.0101669245718 -0.0101669245718
-0.710710146687 0.79275785726 0.0438870270074 0.0438870270074
0.16749877098 1.04787690967 -0.0103892872952 -0.0103892872952
0.650289925209 1.18122323185 -0.040472114299 -0.040472114299
-0.486129299352 0.869004576508 0.0303124974515 0.0303124974515
-0.455543669194 0.882911680724 0.0283916209906 0.0283916209906
0.750123327855 1.17942117986 -0.0465364565471 -0.0465364565471
0.135250006715 1.02858602491 -0.00828552482854 -0.00828552482854
-0.943280259416 0.846959312901 0.0560327501681 0.0560327501681
0.341142453767 1.01922468067 -0.0186230705804 -0.0186230705804
1.47940567923 0.58727721734 -0.0557555273777 -0.0557555273777
0.419098763126 -0.381695360591 0.0508803733576 0.0508803733576
0.485646256436 -0.274399255299 0.0420802615734 0.0420802615734
2.09999962225 0.5381700396 -0.0875788012277 -0.0875788012277
1.10979613845 0.0531811978596 -0.00849564907544 -0.00849564907544
-0.925229282385 -1.05900340924 0.130749638601 0.130749638601
0.561416345842 -0.85434571729 -0.0656820350471 -0.0656820350471
1.57948324167 -0.557952477655 -0.19913567768 -0.19913567768
-2.03267480904 -1.51331270379 0.334401099194 0.334401099194
-1.84790391112 -0.822023905936 0.963465168577 0.963465168577
8.00062323341 3.22467455274 0.728679689665 0.728679689665
