9.49026850765 17.4977724118 0.244764619346 0.237469813685
0.172414748074 -1.55156663755 -0.0979337830299 -0.0919325352849
0.738109294313 -0.483041585851 0.0582013879267 0.0533618567077
0.554283636511 -1.48824057003 -0.0391451507939 -0.0353594914155
0.92102669363 -0.541087077858 0.0276522295533 0.0248339714305
-0.631863810674 -1.42251280559 -0.0197763728352 -0.0178571428571
0.906748469231 -0.642512673501 0.0139137693282 0.0128403768166
0.598516275373 -0.718632849757 -0.00928604845611 -0.00901815999765
0.514292128326 -0.546992086092 0.00546736421771 0.00597575816687
-1.01147882938 -0.893669842333 -0.00220327129735 -0.00346860390646
0.211536266887 -0.284531166531 -0.000669203791943 0.00134281299199
-0.736276429237 -1.29830200593 0.00326075040678 0.000503604017914
-0.0874217767694 1.45506545184 -0.00565065539716 -0.00214124370622
-0.387247508796 0.22670344617 0.00789874625045 0.0036208632263
-0.882898887386 0.421765710029 -0.0100526925834 -0.00498024754303
-1.28639945256 -0.512307091039 0.012152803864 0.00624848453477
-0.0449916800893 0.869439627265 -0.0142354779235 -0.00744874186314
1.09435166357 0.0528373405885 0.0163359929815 0.00860014832297
1.03088632079 0.163302086238 -0.0184911331192 -0.00971912854336
0.903542421716 -0.154307472622 0.0207420910336 0.0108204035538
0.45913201062 -0.0701300202346 0.69114753283 -0.0119177949309
0.481471149748 -1.99619045241 0.0257421693371 0.0130249298579
0.0321303808836 -0.512421853691 -0.028638615278 -0.0141559252021
-0.316202517914 -1.29775183382 0.0319479342819 0.015326124744
-0.600773038647 1.15932218751 -0.0358517926447 -0.0165529738181
-0.413043255614 -0.394509260117 0.0406426272503 0.0178571428571
-0.605615184433 -0.0743833509254 -0.0468294521595 -0.0192640642416
-0.327902463098 1.13513508884 0.0553920508978 0.0208061435195
-0.965069100668 -0.122886731816 -0.068497598761 -0.0225260833515
-0.495006324987 0.657415392419 0.0920623599371 0.0244820935313
0.943143461489 0.118836439451 -0.14952866267 -0.0267564220454
0.846587415767 0.243062537309 0.495953378504 0.0294700238706
-1.24038605497 -1.81576331788 0.467553883353 -0.0328092739589
1.56070213795 1.70607487626 0.589459987766 0.0370781455209
3.40189670719 3.57496868527 -0.046073891401 -0.0428095854145
0.00681533692707 -0.551580321659 0.0384095131494 0.0510327823084
0.524743767201 2.05473291315 -0.0505947934254 -0.0640284540609
-0.420754169249 0.125423729104 0.0760241027575 0.0880667208593
0.351998709463 1.81125330738 -0.138572248627 -0.148921652446
-0.29126701883 -0.185504509051 0.624448406365 0.63319103835
