10.7619047619 8.95238095238 0.047619047619 0.0238095238095
-0.292229640834 0.655776458461 -0.0220979091419 0.000583000741789
0.347487610945 1.36643332098 0.0130763399773 -0.00851511321389
0.822859532104 0.52858642709 -0.00804481825257 0.0124814417139
1.19519795639 0.35188130353 0.00458668832869 -0.0148849997004
0.831938453471 0.908453105924 -0.00190047732408 0.016514152402
0.985099605359 1.14050074714 -0.000361995119079 -0.0177038481231
-0.400472495974 0.858072563278 0.00238138492926 0.0186207139904
0.336083513902 1.11659235976 -0.00426560754435 -0.0193570800385
-0.282724549739 0.960608073345 0.00608811935234 0.0199683222892
-0.0504985221434 0.613090123651 -0.00790605128668 -0.0204897520254
-1.67653979644 0.171570435029 0.00977036959049 0.020945030949
0.177695273009 1.45386669667 -0.0117329634104 -0.0213506929179
-1.0259072654 0.61808528946 0.0138531621979 0.0217187267508
-0.0999320215808 1.36053590837 -0.016205582761 -0.0220581292269
-0.200174218311 0.62984953095 0.0188916459975 0.0223758819255
0.974965671374 1.44908028567 -0.0220588189519 -0.0226775920543
0.87586705161 -1.01457831847 0.0259360113978 0.0229679311678
1.16862063696 0.0277645983797 -0.0309049213144 -0.0232509501987
0.810710301852 -1.00945169191 0.0376598863065 0.0235303192108
0.238095238095 -0.952380952381 -0.047619047619 -0.0238095238095
-0.235498887169 -1.02538067237 0.0642131165802 0.0240920413768
0.242656346226 -1.04833132285 -0.0984467846921 -0.0243815164194
-0.252629459422 -0.727642570085 0.215678618697 0.0246819541514
0.267981110997 -0.597349014418 0.891159230757 -0.0249979549275
-0.302572905052 -4.1181066553 -0.137367344167 0.0253350203546
0.477733611087 0.18840074504 0.0711627176617 -0.0256999774643
0.979334985164 -0.755649125775 -0.0459712250727 0.0261015956663
0.81494534962 -0.75739659769 0.0323910183876 -0.0265515234665
-0.371944393806 -1.265508065 -0.0236644837279 0.0270657716102
0.333295196017 -0.747742286559 0.0173826490728 -0.0276671686087
-0.34082767941 -1.22181788964 -0.0124522314298 0.0283896371375
0.397230023764 -0.850355328562 0.00827772230174 -0.0292861021864
-0.924017774753 -0.608733432041 -0.00446443607123 0.0304442366887
-0.84742802246 0.364114003046 0.000668406951765 -0.0320209154583
-1.19699320909 -0.295305333395 0.00354278528733 0.0343277335849
-0.786406634949 0.220431114027 -0.00897115202854 -0.0380848797746
-1.21878385135 0.596441322269 0.0178009458165 0.0454189056865
-0.792278185544 0.472229108081 -0.0403195171959 -0.0665749720287
-0.313271287856 -0.389967597044 0.947377404662 0.972371702816
