12.7342679157 8.24989228705 0.140885425841 0.140885425841
-1.30777686809 0.275844719901 -0.0538003035115 -0.0538003035115
-0.726291229352 0.699068610107 0.027992846759 0.027992846759
-1.24949766633 0.331947827718 -0.0155049531587 -0.0155049531587
-0.776023458169 0.618683530444 0.00806738530174 0.00806738530174
-1.18690814242 0.505392846802 -0.00308071452521 -0.00308071452521
-0.890655130719 1.37027143409 -0.000533353403678 -0.000533353403678
-0.744808945655 0.680165432444 0.0033029534943 0.0033029534943
-0.228501187953 1.28555184668 -0.00551751559194 -0.00551751559194
-0.778239819059 0.750939383192 0.00734918847405 0.00734918847405
0.650673600549 1.16110247091 -0.00890702442267 -0.00890702442267
0.323820010145 -0.130417223785 0.0102637019769 0.0102637019769
0.616948080792 1.50790190888 -0.0114697687103 -0.0114697687103
0.888466008584 0.0412145589804 0.0125617224591 0.0125617224591
1.1635355521 0.895782726478 -0.013566842725 -0.013566842725
0.832493188503 0.0490891129987 0.014506214049 0.014506214049
1.14557788585 0.00546505946113 -0.0153966995947 -0.0153966995947
0.925859245203 0.0571875279723 0.016252285216 0.016252285216
0.556793417363 -0.587589886994 -0.0170850387073 -0.0170850387073
0.412071837985 -0.406167000417 0.0179058342759 0.0179058342759
1.37631270036 0.0801862120109 -0.0187249403165 -0.0187249403165
0.683751149705 -0.905898011622 0.0195525406985 0.0195525406985
1.27644996226 -0.168775618943 -0.0203992469357 -0.0203992469357
0.782847009509 -0.780959283453 0.0212766568857 0.0212766568857
0.54393954871 -0.265077117919 -0.0221980245161 -0.0221980245161
0.432792295313 -0.677393016605 0.0231791274333 0.0231791274333
0.498172833812 -0.42827230344 -0.0242394613449 -0.0242394613449
0.907695977485 -0.144584904102 0.025403968069 0.025403968069
0.658500044258 -0.303314470968 -0.0267056461297 -0.0267056461297
-0.370086551472 -1.39808117305 0.0281896633176 0.0281896633176
1.15541245007 0.175485696693 -0.0299201277681 -0.0299201277681
-0.30207384774 -1.31544320671 0.0319918043258 0.0319918043258
0.290757606746 -0.702444644054 -0.0345516133786 -0.0345516133786
-0.284442672336 -1.28257388311 0.0378410226694 0.0378410226694
0.285830926904 -0.73526071094 -0.0422876442392 -0.0422876442392
-1.16171067473 -1.21042227653 0.0487287063762 0.0487287063762
-0.799191000973 0.334941945116 -0.059057919022 -0.059057919022
-1.1885009674 -0.376183227564 0.0786636250583 0.0786636250583
-0.86424069442 0.861422195152 -0.131405960915 -0.131405960915
-0.450687057735 0.214653960443 0.81377145957 0.81377145957
