12.0056044465 25.1856502899 0.0677191564491 0.0677191564491
-0.238915190945 -1.74807428413 -0.0205767714385 -0.0205767714385
0.400150018612 -0.0837734994979 0.00572843925721 0.00572843925721
0.735856598436 -0.813123581506 0.00161068756522 0.00161068756522
-0.191716486084 -0.554538396897 -0.00603075951334 -0.00603075951334
0.567641790621 -1.52572051887 0.00901506873318 0.00901506873318
0.554804300177 -0.437547515496 -0.0111884543258 -0.0111884543258
0.382029395121 -1.58914959251 0.01286002633 0.01286002633
0.681846339563 -0.383887604256 -0.014200387383 -0.014200387383
-0.521631087619 -1.65288719311 0.0153115519148 0.0153115519148
0.54719963733 -0.269323460945 -0.0162584164421 -0.0162584164421
0.397346225626 -0.800925018788 0.017084382077 0.017084382077
0.623284790514 -0.189887633932 -0.0178197244317 -0.0178197244317
0.365782936038 -0.762427065005 0.0184863629584 0.0184863629584
0.639699236701 -0.561055390888 -0.0191007227477 -0.0191007227477
0.360404782728 -1.6030072994 0.0196755312526 0.0196755312526
0.628948202744 0.167115666428 -0.0202209948535 -0.0202209948535
0.418405623337 -1.04744161731 0.0207456028068 0.0207456028068
-0.130231699807 -0.689153795197 -0.0212567032451 -0.0212567032451
0.0574797861327 -1.37789403297 0.0217609403109 0.0217609403109
-0.960149901038 -0.594741198972 -0.0222646109946 -0.0222646109946
-1.02598926438 -1.38232206048 0.0227739839563 0.0227739839563
-0.981231055204 0.732822861851 -0.0232956152925 -0.0232956152925
-0.995294514433 0.432183707051 0.0238366956316 0.0238366956316
-1.07676693235 0.104044741041 -0.0244054689377 -0.0244054689377
-0.495949027851 0.273711562496 0.0250117777799 0.0250117777799
-0.345646511852 0.853963226941 -0.0256678171606 -0.0256678171606
-1.31227706309 0.0491923434188 0.026389228818 0.026389228818
-0.783355082099 1.6862670829 -0.0271967596963 -0.0271967596963
-0.383606564173 0.380199193741 0.0281188830227 0.0281188830227
-0.592654182784 0.678414370036 -0.0291961290124 -0.0291961290124
-0.37991609252 0.435786816558 0.0304886092009 0.0304886092009
-0.723713747436 1.53772124788 -0.0320898912846 -0.0320898912846
0.203034364931 0.515665587933 0.0341545265232 0.0341545265232
1.2755287521 1.20183496712 -0.0369580053644 -0.0369580053644
0.759200668495 -0.730942605379 0.0410446328003 0.0410446328003
1.23660822054 0.673171037572 -0.047662439055 -0.047662439055
0.754803416789 -0.655238289937 0.060446073622 0.060446073622
1.279284349 0.649932673917 -0.0963555810701 -0.0963555810701
-0.0995358420032 -0.650070266742 0.91857400033 0.91857400033
