5.06135970255 12.7524074495 0.140885425841 0.140885425841
0.0054229849405 0.833057282284 -0.0538003035115 -0.0538003035115
-0.0976310778573 1.1865833614 0.027992846759 0.027992846759
0.628487494785 0.808085401659 -0.0155049531587 -0.0155049531587
0.38719885495 1.19012342884 0.00806738530174 0.00806738530174
0.711493394961 0.818423433163 -0.00308071452521 -0.00308071452521
1.17924355052 1.16122531072 -0.000533353403678 -0.000533353403678
0.858923964391 0.89633613396 0.0033029534943 0.0033029534943
1.12048583366 0.632767749447 -0.00551751559194 -0.00551751559194
0.893062327884 -0.333617845376 0.00734918847405 0.00734918847405
1.0963545735 0.279427357815 -0.00890702442267 -0.00890702442267
0.914255134971 -0.251843769328 0.0102637019769 0.0102637019769
1.06971642176 0.2250651361 -0.0114697687103 -0.0114697687103
0.974548386346 -0.171330560413 0.0125617224591 0.0125617224591
0.359349902055 -0.502892703651 -0.013566842725 -0.013566842725
0.654080642905 -0.503275443383 0.014506214049 0.014506214049
1.33485335628 -0.698305325829 -0.0153966995947 -0.0153966995947
0.323553341552 -1.28619277217 0.016252285216 0.016252285216
0.64747210541 -0.722937684452 -0.0170850387073 -0.0170850387073
0.33951136244 -1.27075956052 0.0179058342759 0.0179058342759
-0.120285267651 -0.734094029963 -0.0187249403165 -0.0187249403165
0.0668959253418 -1.26181911701 0.0195525406985 0.0195525406985
-0.0509617840879 -0.741926624359 -0.0203992469357 -0.0203992469357
0.0730550475942 -1.25431375196 0.0212766568857 0.0212766568857
-0.713540729907 -0.749881495059 -0.0221980245161 -0.0221980245161
-0.34973661351 -1.24478480866 0.0231791274333 0.0231791274333
-0.643120122714 -0.763243496985 -0.0242394613449 -0.0242394613449
-0.306650677644 -1.22141117436 0.025403968069 0.025403968069
-1.18972618284 -0.823183679294 -0.0267056461297 -0.0267056461297
-0.869570813607 -0.512819881815 0.0281896633176 0.0281896633176
-1.12076234174 0.368925889365 -0.0299201277681 -0.0299201277681
-0.861682333952 -0.376555091899 0.0319918043258 0.0319918043258
-1.20650349937 0.641266907507 -0.0345516133786 -0.0345516133786
-0.278379369024 0.947299447791 0.0378410226694 0.0378410226694
-0.689277267876 0.426056358955 -0.0422876442392 -0.0422876442392
-1.09917075769 0.596303485551 0.0487287063762 0.0487287063762
-0.962285167091 1.33391225821 -0.059057919022 -0.059057919022
-0.994406805467 0.669233595696 0.0786636250583 0.0786636250583
-1.0719831992 1.37203716511 -0.131405960915 -0.131405960915
-0.240316964243 -0.0466816698812 0.81377145957 0.81377145957
