8.0 8.0 -8.22387425648e-18 -8.22387425648e-18
3.92895627765 3.0698791783 -0.163062453609 -0.163062453609
-0.551110018671 -1.28823814719 0.122204863904 0.122204863904
1.09164820012 1.10026940185 -0.00842893207645 -0.00842893207645
1.71178265102 1.14443343058 -0.0717968643016 -0.0717968643016
0.347344598678 -0.905358908762 0.0702116321291 0.0702116321291
1.09242323432 0.115754767315 -0.0104514497929 -0.0104514497929
1.38643247225 0.403728383817 -0.0455751013551 -0.0455751013551
0.575836049581 -0.158778044738 0.0519738118648 0.0519738118648
1.09267761536 1.13993670038 -0.0117901518191 -0.0117901518191
1.25211607751 0.722845166679 -0.0333868141792 -0.0333868141792
0.687822068373 -0.772041186916 0.0433554894708 0.0433554894708
1.08863631048 0.218799348646 -0.0131283304518 -0.0131283304518
1.16117872934 0.4370908865 -0.0265044064867 -0.0265044064867
0.811423686923 -0.672341024297 0.0390120073249 0.0390120073249
1.02115357586 0.299577053995 -0.0147324168314 -0.0147324168314
0.350408093035 1.12987994081 -0.0222027671105 -0.0222027671105
-0.445089006809 0.640095804995 0.0371870238939 0.0371870238939
0.181489334841 1.18615378481 -0.0168284157582 -0.0168284157582
0.200866528854 1.23123494842 -0.0193656435709 -0.0193656435709
-0.388787371479 0.52221283985 0.0372891730855 0.0372891730855
0.218183014883 1.27749828405 -0.0197252370728 -0.0197252370728
0.22831118364 1.29044742657 -0.0174632395482 -0.0174632395482
-0.874952030878 -0.0372947801605 0.0393343028027 0.0393343028027
-0.827598716005 0.287608346456 -0.023955760235 -0.023955760235
-0.0831627917293 1.01043956775 -0.0162315243349 -0.0162315243349
0.128355031979 0.80237436663 0.0439529861637 0.0439529861637
-0.170838444919 1.18204600751 -0.030594156102 -0.030594156102
-0.931787653864 1.10379510734 -0.0155649852515 -0.0155649852515
-0.681502352404 0.626248190738 0.052971603002 0.052971603002
0.180256221448 1.30640221514 -0.042224510549 -0.042224510549
-0.83821693765 1.11385391825 -0.0155288275536 -0.0155288275536
-1.16299857079 0.474628845374 0.071902540729 0.071902540729
0.786403893331 1.48188623998 -0.0670583714959 -0.0670583714959
0.177686564985 1.11600460343 -0.0166739049491 -0.0166739049491
-1.61462537459 0.174210699351 0.12541328574 0.12541328574
-0.0128166566186 1.9130736167 -0.152473587121 -0.152473587121
0.0782102307235 1.12164020903 -0.0244230338902 -0.0244230338902
-1.53325508196 -1.43727881233 0.810555986917 0.810555986917
3.07788010392 3.1828371787 0.8352876599 0.8352876599
