18.4047619048 23.380952381 0.0238095238095 0.0238095238095
-0.311987662594 -1.56700833215 0.000583000741789 0.000583000741789
0.299699956608 -0.429136886221 -0.00851511321389 -0.00851511321389
-0.262076911414 -1.57513890595 0.0124814417139 0.0124814417139
0.111495489688 -0.420904737158 -0.0148849997004 -0.0148849997004
-1.24982953235 -1.58273842149 0.016514152402 0.016514152402
0.55077710373 -0.413810759656 -0.0177038481231 -0.0177038481231
-0.47542298428 -1.5895872229 0.0186207139904 0.0186207139904
0.444308950053 -0.406915036946 -0.0193570800385 -0.0193570800385
-0.424172324711 -1.59686826147 0.0199683222892 0.0199683222892
0.405837671055 -0.39880135668 -0.0204897520254 -0.0204897520254
-0.383222039068 -1.60650264331 0.020945030949 0.020945030949
0.346075263905 -0.38641100554 -0.0213506929179 -0.0213506929179
-0.257743546649 -1.6242903312 0.0217187267508 0.0217187267508
-0.402734006071 -0.356026981567 -0.0220581292269 -0.0220581292269
-0.710767167487 -1.69773760115 0.0223758819255 0.0223758819255
-0.188243809256 0.410908683326 -0.0226775920543 -0.0226775920543
-1.64764772407 -0.534322546813 0.0229679311678 0.0229679311678
-0.39522649182 0.567871510775 -0.0232509501987 -0.0232509501987
-1.59152765046 -0.589122783454 0.0235303192108 0.0235303192108
-0.404761904762 0.619047619048 -0.0238095238095 -0.0238095238095
-1.62004538286 0.394890901132 0.0240920413768 0.0240920413768
-0.28803855851 1.6433190715 -0.0243815164194 -0.0243815164194
-0.666166691649 0.239266577764 0.0246819541514 0.0246819541514
-0.4052157724 0.651509271231 -0.0249979549275 -0.0249979549275
-0.365820175762 0.599908578879 0.0253350203546 0.0253350203546
0.449084678733 1.45694325396 -0.0256999774643 -0.0256999774643
-0.498095836211 0.534653254995 0.0261015956663 0.0261015956663
0.55283514145 1.44577367455 -0.0265515234665 -0.0265515234665
-0.654641813406 0.628139373386 0.0270657716102 0.0270657716102
1.11246960026 0.941627896972 -0.0276671686087 -0.0276671686087
0.0337290261385 -0.121616070506 0.0283896371375 0.0283896371375
0.820481368389 1.31965234759 -0.0292861021864 -0.0292861021864
0.82626100308 -1.07981675385 0.0304442366887 0.0304442366887
1.25971023791 1.71688753812 -0.0320209154583 -0.0320209154583
0.699982360111 -1.21762831779 0.0343277335849 0.0343277335849
1.32440904724 0.253221133605 -0.0380848797746 -0.0380848797746
0.656682847294 -0.443829398695 0.0454189056865 0.0454189056865
1.36981811979 0.49933414536 -0.0665749720287 -0.0665749720287
-0.274555593932 -0.522835715809 0.972371702816 0.972371702816
