14.884039559 5.54575303494 0.228394319123 0.228394319123
-1.47270506653 0.482779262723 -0.0887608147718 -0.0887608147718
-0.563606617222 -0.000441087007767 0.0512593452856 0.0512593452856
-1.42027848921 -0.0484407613304 -0.0336839201125 -0.0336839201125
-0.588110228074 0.0640912269111 0.0233866599225 0.0233866599225
-1.40773587359 -0.0695705275386 -0.0165524236952 -0.0165524236952
-0.593067705683 0.0685349876087 0.0116338917405 0.0116338917405
-1.41031032804 -0.0580611490173 -0.00788410197502 -0.00788410197502
-0.577802328381 0.0192904743249 0.00489785545886 0.00489785545886
-1.46421447146 0.2694928783 -0.00243598046027 -0.00243598046027
0.0461688061917 1.25785350982 0.000347875480408 0.000347875480408
-0.250012311277 0.775838058345 0.00146633425725 0.00146633425725
0.249773843047 1.2426125411 -0.00307581770902 -0.00307581770902
0.439081560897 0.63276252734 0.00453032886127 0.00453032886127
1.41741370784 -0.534192278546 -0.00586692218603 -0.00586692218603
0.607969943568 -0.0441308388426 0.00711413563019 0.00711413563019
1.38248233404 -0.625964179106 -0.00829470912487 -0.00829470912487
0.622536457101 -0.13527641988 0.00942742743286 0.00942742743286
1.37413552009 0.174544531903 -0.010528428379 -0.010528428379
0.628583728554 -0.252065667866 0.0116121843579 0.0116121843579
1.36864559453 0.69402036718 -0.0126922919665 -0.0126922919665
0.634981761031 0.176847879251 0.0137821651972 0.0137821651972
1.35865260797 0.243224797968 -0.014895708922 -0.014895708922
0.65771878596 1.12019254556 0.0160480456724 0.0160480456724
1.25479356182 0.944497257725 -0.0172563788722 -0.0172563788722
-0.445520201969 1.03625750529 0.0185411027431 0.0185411027431
0.454433976336 0.958733125845 -0.0199273215981 -0.0199273215981
-0.595761149805 1.08905396893 0.0214470371144 0.0214470371144
-0.706956525536 0.506685582316 -0.0231424380784 -0.0231424380784
-1.3263490694 0.527636865917 0.0250710596276 0.0250710596276
-0.663873910725 0.220576120806 -0.0273142361881 -0.0273142361881
-1.33933482285 -0.176852358588 0.0299916458781 0.0299916458781
-0.660490607158 0.176188437058 -0.0332878186546 -0.0332878186546
-1.33760263133 -0.215372495624 0.0375039671711 0.0375039671711
-0.666381168914 0.792462658322 -0.0431687657929 -0.0431687657929
-1.32679940843 0.0512624958416 0.0513046593655 0.0513046593655
-0.68497939218 0.0408556425836 -0.0641823695324 -0.0641823695324
-1.29210823833 -0.673592691645 0.0880672546544 0.0880672546544
-0.767827527158 -0.35916215652 -0.14891272833 -0.14891272833
-0.728674583812 -0.646198399673 0.653308608648 0.653308608648
