9.0 8.0 0.0 0.0
2.8635023538 1.70790151611 -0.102859012948 -0.102859012948
-0.479009888555 -1.1967581412 0.113895064445 0.113895064445
1.96363340739 0.420197603836 -0.0857067666516 -0.0857067666516
0.564675778756 -1.35828782879 0.0419933981273 0.0419933981273
1.0 -1.11022302463e-16 -1.38777878078e-17 -1.38777878078e-17
1.27337806878 0.382372468864 -0.0286941013192 -0.0286941013192
0.633099028756 -0.506060564516 0.0392619469173 0.0392619469173
1.31131127084 0.441896095448 -0.0334456179925 -0.0334456179925
0.83196950805 -0.258040710342 0.0176607693 0.0176607693
1.0 -1.11022302463e-16 -1.38777878078e-17 -1.38777878078e-17
1.17358454627 0.97070927252 -0.012801984516 -0.012801984516
0.322254088532 0.927335786143 0.0174194959284 0.0174194959284
-0.138434393828 1.08924102625 -0.0144154849845 -0.0144154849845
0.10242686631 0.94756890458 0.00718920978687 0.00718920978687
0.0 1.0 0.0 0.0
-0.966214258859 1.03736918715 -0.00403012898267 -0.00403012898267
-0.37053594736 0.953902286036 0.00411084549591 0.00411084549591
-0.214105822798 1.03131781255 -0.00175271055308 -0.00175271055308
-1.05942681758 0.989919237872 -0.00036070686957 -0.00036070686957
-5.55111512313e-17 1.0 -3.46944695195e-18 -3.46944695195e-18
0.143800133688 0.991091257144 0.00328016025086 0.00328016025086
0.244282707876 1.03035526385 -0.00775546406325 -0.00775546406325
1.5503184944 0.953061658026 0.0103061766742 0.0103061766742
0.576855256797 1.03983979797 -0.00803445448003 -0.00803445448003
1.11022302463e-16 1.0 -5.20417042793e-18 -5.20417042793e-18
1.05526718214 0.935465042518 0.011758306767 0.011758306767
-0.209814772392 1.12901674781 -0.0224978420236 -0.0224978420236
-0.991484853753 0.839550633858 0.0264103082049 0.0264103082049
0.175528051043 1.12897266899 -0.0191041533913 -0.0191041533913
-1.0 1.0 -6.93889390391e-18 -6.93889390391e-18
-1.33106157363 0.101878505491 0.0263548237615 0.0263548237615
-0.489568603732 -0.051120833911 -0.0507080734663 -0.0507080734663
-1.52755920384 0.24731178677 0.061275016431 0.061275016431
-0.644132441728 1.14245967751 -0.0469306162593 -0.0469306162593
-1.0 5.55111512313e-17 1.12757025938e-17 1.12757025938e-17
-1.48745971766 -0.401990515264 0.0837179274327 0.0837179274327
-0.000503347656474 0.363532721256 -0.214872847973 -0.214872847973
-2.30347563295 -2.37237335127 0.503967456424 0.503967456424
2.17690053288 2.09236498674 0.935369060527 0.935369060527
