13.0 7.0 0.0 0.0
9.71094583945 5.74238155687 -0.210762002478 -0.210762002478
2.94197528782 2.49125261281 -0.0995788526973 -0.0995788526973
-1.9069240346 0.00219903546132 0.07968779845 0.07968779845
-2.22549166236 -0.203783719054 0.106139600382 0.106139600382
-2.22044604925e-16 1.0 -1.11022302463e-16 -1.11022302463e-16
1.29631201213 1.77535815631 -0.0754005899775 -0.0754005899775
0.602357964721 1.39943328983 -0.0397414064725 -0.0397414064725
-0.40013337889 0.662659683462 0.0339589436473 0.0339589436473
-0.105752535401 0.535561427509 0.0468595314466 0.0468595314466
1.0 1.0 1.38777878078e-17 1.38777878078e-17
1.36241421238 1.33789320304 -0.0332885775378 -0.0332885775378
0.541913827571 1.17707991322 -0.0169357945521 -0.0169357945521
-0.402664661853 0.851373936056 0.0135528392455 0.0135528392455
-0.4932970125 0.801515582996 0.0167641048937 0.0167641048937
0.0 1.0 0.0 0.0
0.231654747319 1.12291668268 -0.00703530978767 -0.00703530978767
0.0555444674644 1.05436141683 -0.00144338409126 -0.00144338409126
0.0660001270144 0.96653236976 -0.00144338409126 -0.00144338409126
0.54945738988 0.978966645618 -0.00703530978767 -0.00703530978767
1.0 1.0 -1.38777878078e-17 -1.38777878078e-17
0.851361524664 0.955167230937 0.0167641048937 0.0167641048937
0.262683580531 0.951536146424 0.0135528392455 0.0135528392455
-0.160454180223 1.06985382729 -0.0169357945521 -0.0169357945521
-0.172913099678 1.14916995043 -0.0332885775378 -0.0332885775378
-2.77555756156e-17 1.0 2.42861286637e-17 2.42861286637e-17
0.244460559503 0.771420156443 0.0468595314466 0.0468595314466
0.711118019495 0.830967831655 0.0339589436473 0.0339589436473
1.22560521291 1.19988552514 -0.0397414064725 -0.0397414064725
1.08791681693 1.38000521548 -0.0754005899775 -0.0754005899775
-5.55111512313e-17 1.0 2.77555756156e-17 2.77555756156e-17
-1.06942726452 0.476281358574 0.106139600382 0.106139600382
-0.73603297657 0.616930828659 0.07968779845 0.07968779845
0.845327680401 1.45927073606 -0.0995788526973 -0.0995788526973
1.61174117089 1.91071956881 -0.210762002478 -0.210762002478
4.4408920985e-16 1.0 2.42861286637e-17 2.42861286637e-17
-2.4646026703 -0.599858864543 0.502214745871 0.502214745871
-2.04267913166 -0.853121519746 0.935008353658 0.935008353658
3.07012427461 1.45666540645 0.935008353658 0.935008353658
9.91145789286 5.02940480852 0.502214745871 0.502214745871
