17.0 6.0 0.0 0.0
10.8978656903 4.38481617255 -0.208264988505 -0.208264988505
3.47021811677e-17 1.0 0.0 0.0
-3.64521640249 -0.162035620641 0.120710678119 0.120710678119
-1.30514544126e-17 1.0 0.0 0.0
2.21051077838 1.68514597495 -0.0815925843564 -0.0815925843564
-2.22044604925e-17 1.0 -8.881784197e-17 -8.881784197e-17
-1.93208484635 0.533494599912 0.0585424783056 0.0585424783056
-1.0 1.0 0.0 0.0
0.212496262203 1.3354164258 -0.0427040342732 -0.0427040342732
-6.66133814775e-17 1.0 0.0 0.0
-0.262799486021 0.755839789227 0.030640039407 0.030640039407
-2.11176968422e-17 1.0 0.0 0.0
-0.305686661268 1.17391087515 -0.0207106781187 -0.0207106781187
-1.0 1.0 0.0 0.0
-0.803495917994 0.884442671453 0.012003937954 0.012003937954
-3.10862446895e-16 1.0 0.0 0.0
0.202438737891 1.06395477511 -0.00393508534123 -0.00393508534123
-7.58715150264e-17 1.0 0.0 0.0
0.106065928131 0.984259658635 -0.00393508534123 -0.00393508534123
0.0 1.0 0.0 0.0
-0.709796620966 0.96832063534 0.012003937954 0.012003937954
-1.0 1.0 0.0 0.0
-0.387482507421 1.08073036789 -0.0207106781187 -0.0207106781187
-3.99680288865e-16 1.0 0.0 0.0
-0.233827121312 0.86580657 0.030640039407 0.030640039407
4.89061456851e-17 1.0 0.0 0.0
0.581730026239 1.19590423131 -0.0427040342732 -0.0427040342732
2.11176968422e-17 1.0 0.0 0.0
-1.25504047164 0.727937350329 0.0585424783056 0.0585424783056
-1.0 1.0 0.0 0.0
0.277361540173 1.37430497588 -0.0815925843564 -0.0815925843564
6.2172489379e-16 1.0 0.0 0.0
-1.11145914782 0.471326400099 0.120710678119 0.120710678119
5.88765696511e-17 1.0 0.0 0.0
1.87402585643 1.8118183791 -0.208264988505 -0.208264988505
1.30514544126e-17 1.0 0.0 0.0
-3.40750144578 -0.676635179331 0.635310236809 0.635310236809
8.881784197e-17 -8.881784197e-17 1.0 1.0
10.6918958093 3.54124094723 0.635310236809 0.635310236809
