19.0 6.0 4.62592926927e-18 4.62592926927e-18
9.04023732087 2.92660806454 -0.186432046766 -0.186432046766
-4.13643984319 -0.781945787148 0.0826804065155 0.0826804065155
-3.15955494745 0.200637825287 0.063801372214 0.063801372214
1.91378247633 1.8951884753 -0.0830804771504 -0.0830804771504
0.0 1.0 9.25185853854e-18 9.25185853854e-18
-2.07274752265 0.454856746614 0.0576581590828 0.0576581590828
-0.324872807415 1.27575420726 -0.0302439306962 -0.0302439306962
-0.374211051693 1.22875618972 -0.0258081840333 -0.0258081840333
-1.95169162112 0.691229926695 0.0356806305678 0.0356806305678
-1.0 1.0 1.85037170771e-17 1.85037170771e-17
0.329331668116 1.21275301693 -0.0257343051351 -0.0257343051351
-0.373707239214 0.893021936866 0.0132975563707 0.0132975563707
-1.04993684273 0.915392107171 0.0109041189634 0.0109041189634
-0.664123484814 1.10307436549 -0.0140327823311 -0.0140327823311
0.0 1.0 0.0 0.0
0.772174693199 0.960968878075 0.00734449610025 0.00734449610025
0.916062312569 1.00442753225 -0.00257411331011 -0.00257411331011
0.172347358303 0.984019475971 -0.000641320771502 -0.000641320771502
0.105248642404 1.06136429998 -0.00207678166632 -0.00207678166632
1.0 1.0 1.38777878078e-17 1.38777878078e-17
1.32971517194 0.849941203967 0.00842305429407 0.00842305429407
0.754762355521 1.13340750002 -0.0072545801612 -0.0072545801612
0.0948639844833 1.20050090688 -0.00940123411164 -0.00940123411164
0.150758050394 0.397751747642 0.0189012786869 0.0189012786869
1.0 -1.48029736617e-16 1.61907524425e-17 1.61907524425e-17
0.948994321967 0.649427394544 -0.0272351264252 -0.0272351264252
-0.477792666801 1.04095229803 0.0198324630106 0.0198324630106
-0.48451845029 0.966783087981 0.0232411407193 0.0232411407193
0.865762232163 1.13712417952 -0.0440106362211 -0.0440106362211
-2.22044604925e-16 1.0 7.40148683083e-17 7.40148683083e-17
-1.53885962835 0.710203320406 0.0610207753354 0.0610207753354
-0.452576182161 1.23770573504 -0.0451069068713 -0.0451069068713
-0.307846007483 1.32332152845 -0.0550078038253 -0.0550078038253
-2.3739749376 0.170888762491 0.111904197971 0.111904197971
-1.0 1.48029736617e-16 5.55111512313e-17 5.55111512313e-17
1.15492203046 0.61319962235 -0.213810073642 -0.213810073642
-2.75896923287 -0.56973237908 0.233016796297 0.233016796297
-3.10210924124 -0.90710413095 0.935275549273 0.935275549273
9.72163575502 3.01952196171 0.756134974383 0.756134974383
