9.77832528404 6.12489117679 0.204451173221 0.196427185606
0.621125430079 -0.792364198474 -0.0860804881097 -0.0767873924899
1.38965624613 -0.283433376386 0.0538528057148 0.0433110255989
0.605359881769 -0.608804185751 -0.0392027358103 -0.027417012882
1.39872146979 0.429294736092 0.0310835186746 0.0180431501637
0.597153558828 -0.417942872089 -0.0261180794465 -0.0117963803944
1.40152586418 1.03732170646 0.0229351096454 0.00728804171908
-0.363059590165 0.805054352329 -0.020880050173 -0.00384386360595
0.443113959448 1.21227305977 0.0196089762081 0.0010965859977
-0.983657372145 0.792760398328 -0.018933136061 0.00117123106561
-0.062506346484 1.18561601347 0.0187518107095 -0.00309683339551
-0.922946254757 0.877848756721 -0.0190219015678 0.00477141765457
-0.0854845679002 0.623832594077 0.0197456582071 -0.00625824903496
-0.902474704547 0.429060007014 -0.0209699979348 0.00760290352102
-0.135904056662 1.39557865882 0.0227968237092 -0.00883937221386
-0.506445156314 0.674047633114 -0.0254090797115 0.00999387063136
1.18432555733 0.703394361334 0.0291265063085 -0.0110873186909
0.626506611336 0.291921532699 -0.0345279849604 0.0121370249293
1.4189392923 0.40274327309 0.0427470869647 -0.0131578846346
0.552257780409 -0.462389768652 -0.0563061637656 0.0141632810944
1.47714962786 1.37928221001 0.0821215399719 -0.0151658130615
0.48894669113 0.252244502125 -0.148300587948 0.0161779359465
1.28904056602 0.454702438138 0.648493992099 -0.0172125875436
-7.38562166676 -3.41427577616 0.298143637726 0.0182838661723
-1.14360008353 0.419336117118 -0.12685599981 -0.019407839113
-1.1227189715 0.000185251050079 0.0834072222914 0.0206035851193
-0.80174616932 -0.541631032081 -0.0640075991612 -0.0218946247773
-1.22078672311 0.405766253326 0.053369519249 0.023310983729
-0.807185231099 0.589174793108 -0.0469779190419 -0.0248923013194
-0.653383008461 0.411230412342 0.0430538437347 0.0266927144764
-0.344712129232 1.32346730032 -0.0407933599643 -0.0287888749297
-0.38590343603 0.706044044985 0.0398334145474 0.0312937745217
0.353496315054 1.32305323872 -0.0400683352345 -0.0343820098619
0.373417856333 -0.0852556087061 0.0416077619152 0.0383393454376
1.56205316448 0.267233495363 -0.0448384037916 -0.0436690990451
0.0515300623153 -0.709306401768 0.0506577169027 0.0513493710978
0.922403317436 -0.274089780567 -0.0611955569855 -0.0635679526583
0.0711059270886 -0.878053830143 0.0825178260232 0.0864338421908
0.972793493483 -1.10028258853 -0.140551674706 -0.145907342784
-0.520043258053 -0.334144282043 0.711194648822 0.717912384993
