10.5693953768 5.25549782789 0.124357347884 0.124357347884
0.766708531962 -1.15395316641 -0.0465496018039 -0.0465496018039
1.22101183469 0.741044148031 0.0231456066618 0.0231456066618
0.801595570233 0.395962144029 -0.0117629979388 -0.0117629979388
1.1644653313 -0.0215722215194 0.00496572276495 0.00496572276495
0.893262100867 0.671821703296 -0.000400801248046 -0.000400801248046
0.958182002709 0.412527841263 -0.00291140082762 -0.00291140082762
0.140682217732 0.566523310693 0.00545183133335 0.00545183133335
0.807454071885 0.392807501163 -0.00748450148936 -0.00748450148936
0.23522275069 1.07436833763 0.00916663895575 0.00916663895575
0.717785577971 1.02697883092 -0.0105979426602 -0.0105979426602
0.352356028636 0.148386392329 0.0118449118346 0.0118449118346
0.467062297053 0.963405245874 -0.0129538288559 -0.0129538288559
-0.389955402569 0.999415579402 0.0139581330042 0.0139581330042
0.345205367754 1.01265487409 -0.014882832681 -0.014882832681
-0.308610526523 0.984325500299 0.0157472685935 0.0157472685935
0.273002997195 1.01181505174 -0.0165669188244 -0.0165669188244
-1.03686514532 1.0007537473 0.0173546290927 0.0173546290927
-0.0307382572841 0.970235908449 -0.0181214915743 -0.0181214915743
-0.946787550235 1.10619804238 0.0188775093762 0.0188775093762
-0.0227107951972 0.45270061153 -0.0196321364047 -0.0196321364047
-1.52153393685 0.50101313875 0.0203947569906 0.0203947569906
-0.569182053797 0.494445923483 -0.0211751580107 -0.0211751580107
-1.38719426199 0.551424312592 0.0219840448252 0.0219840448252
-0.641147229504 0.241205098327 -0.0228336607254 -0.0228336607254
-1.33682471188 -0.249487574786 0.0237385902642 0.0237385902642
-0.683056096677 0.303139287582 -0.0247168663876 -0.0247168663876
-1.29551985459 -0.922606661914 0.0257915733995 0.0257915733995
-0.735731371121 -0.107833421165 -0.0269932704425 -0.0269932704425
-1.16934363907 -1.00793654792 0.0283638121667 0.0283638121667
0.342276530178 -0.938515468973 -0.0299626444076 -0.0299626444076
-0.299355352911 -1.08022415872 0.0318777083108 0.0318777083108
0.271491030105 -0.910501850063 -0.0342454716833 -0.0342454716833
-0.240818763338 -1.09454656817 0.0372904836761 0.0372904836761
0.190599604615 -0.903049644623 -0.0414109999446 -0.0414109999446
-0.0323021155214 -1.09687549527 0.0473884122849 0.0473884122849
1.04883366538 -0.906881816571 -0.0569957016241 -0.0569957016241
-0.434408751366 -1.08102174636 0.0753047087293 0.0753047087293
0.360417887413 -0.961850835314 -0.125042434478 -0.125042434478
-0.334286661586 -0.331154883388 0.839300801651 0.839300801651
