12.0 7.0 1.43160337386e-16 0.0
1.5791866859 0.363774131479 -0.0252970876454 -0.0253141048256
0.432312371074 -0.360669910093 0.0338721272452 0.0332659354587
1.54934721086 0.359387536332 -0.038100418135 -0.0362587720026
0.477626092455 -0.362058469694 0.0405568259098 0.0369108382567
1.47976386805 0.37575977388 -0.0421114017378 -0.0361501990165
0.609671192822 -0.431672070693 0.0431374368665 0.0344217922128
0.826581147296 0.956804460465 -0.0438191015672 -0.0319938149118
-0.593375142987 0.855886140304 0.0442547966877 0.0290596878669
0.511344126715 1.16441931742 -0.0444982798874 -0.0257777985526
-0.427001124112 0.869188227113 0.0445766734999 0.0222883367499
0.120226539884 0.858134134968 -0.0444982798874 -0.0187204813349
-1.74269936396 -0.507704439765 0.0442547966877 0.0151951088208
-0.0943772269847 0.694490468355 -0.0438191015672 -0.0118252866554
-0.591331171479 0.59723362922 0.0431374368665 0.00871564465372
-0.631669330898 0.202427241726 -0.0421114017378 -0.00596120272135
-0.184187485647 0.957505423442 0.0405568259098 0.00364598765306
-1.00777964274 -0.121623994987 -0.038100418135 -0.00184164613246
-1.05075974631 0.0279136135996 0.0338721272452 0.000606191786493
-0.954578848604 0.0167810319561 -0.0252970876454 1.70171802408e-05
-1.0 1.0 2.33731163079e-17 1.31473779232e-17
-0.246541947005 0.0964528986807 0.995217586718 -0.000669476158262
4.8668906729 -0.183045385861 0.111078554334 0.00198791492502
1.72410481286 1.08842360274 -0.0814398193324 -0.00393652709454
0.581759900356 0.0367176020083 0.0721049423638 0.00648210809613
0.6852021477 0.752718117996 -0.0676640401167 -0.00957838123253
-0.55121861156 1.08244210124 0.0651732590282 0.0131678423169
0.532164185868 0.974259491472 -0.0636766692427 -0.0171841694633
-0.55149025698 0.993820178462 0.062778516369 0.0215553218912
0.620360641319 1.02593601632 -0.0622949795792 -0.0262075748865
-0.989534674445 0.96513259566 0.0621419878381 0.0310709939191
-0.638262488323 1.02755192008 -0.0622949795792 -0.0360874046928
-1.44072378118 1.01825791267 0.062778516369 0.0412231944778
-0.518548967465 0.746686469339 -0.0636766692427 -0.0464924997795
-1.50915009112 -0.0341942927565 0.0651732590282 0.0520054167113
-0.470609842314 1.25471797332 -0.0676640401167 -0.0580856588842
-1.54313538872 -0.50394850891 0.0721049423638 0.0656228342677
-0.451688011258 0.418727064293 -0.0814398193324 -0.0775032922379
-1.53049549636 -0.389225398575 0.111078554334 0.109090639409
0.648932833872 0.37575129153 0.995217586718 0.995887062876
