11.9483079601 6.79672955946 0.0904464291764 0.0677191564491
-1.12973282962 0.660215667398 -0.0433040441658 -0.0205767714385
0.303871702944 1.32586885877 0.0284557119845 0.00572843925721
-0.232903627815 0.689312993519 -0.0211165851621 0.00161068756522
-0.0399563978486 1.2936668413 0.0166965132139 -0.00603075951334
-1.53571312334 0.727733732106 -0.0137122039941 0.00901506873318
-0.0742881367284 1.23977573337 0.0115388184015 -0.0111884543258
-0.126996979153 0.831790627551 -0.00986724639732 0.01286002633
-0.558074416909 0.427313707403 0.00852688534423 -0.014200387383
-0.51329971517 0.53762226435 -0.00741572081245 0.0153115519148
0.426363502994 1.33245592121 0.00646885628515 -0.0162584164421
-0.4283854988 0.74506114882 -0.00564289065031 0.017084382077
0.548555006145 1.07784830928 0.00490754829561 -0.0178197244317
0.764060377069 -0.306907598263 -0.00424090976884 0.0184863629584
1.27998581727 -0.0763923010942 0.00362654997954 -0.0191007227477
0.707486566229 -1.08347903787 -0.00305174147467 0.0196755312526
1.29682699002 0.710896252894 0.00250627787381 -0.0202209948535
0.702526286915 -1.25029748284 -0.00198166992043 0.0207456028068
1.29546415127 0.106577824424 0.00147056948217 -0.0212567032451
0.709758254353 -0.257931233296 -0.000966332416384 0.0217609403109
1.2789647672 0.294179531449 0.000462661732685 -0.0222646109946
0.74967166103 -0.325847261899 4.67112289955e-05 0.0227739839563
1.11802383264 0.45313523278 -0.000568342565241 -0.0232956152925
-0.423649949093 0.862173969679 0.00110942290437 0.0238366956316
0.374923354797 1.172768149 -0.00167819621044 -0.0244054689377
-0.358839350675 0.829889323081 0.00228450505264 0.0250117777799
0.351443223827 1.15140473577 -0.0029405444333 -0.0256678171606
-0.347679008792 0.883661833294 0.00366195609068 0.026389228818
0.345910017544 1.05333677439 -0.00446948696903 -0.0271967596963
-0.345527013332 1.07891058117 0.00539161029546 0.0281188830227
0.346363769734 -0.42336501212 0.902622052806 -0.0291961290124
-0.348552085293 -8.49905117039 0.00776133647366 0.0304886092009
0.352571882034 -0.0941125642323 -0.00936261855731 -0.0320898912846
-0.359536442073 -1.61062388939 0.011427253796 0.0341545265232
0.372098142354 -0.49771879563 -0.0142307326371 -0.0369580053644
-0.397834585932 -1.44328346686 0.0183173600731 0.0410446328003
0.468780283175 -0.597014995872 -0.0249351663277 -0.047662439055
-1.09241372223 -1.36804132445 0.0377188008947 0.060446073622
-0.0200174059204 -0.6815602583 -0.0736283083429 -0.0963555810701
-0.13582998816 -0.49397590726 0.895846727602 0.91857400033
