16.0 7.0 0.0 0.0
4.58983944563 1.51471466168 -0.102859012948 -0.102859012948
-2.79279154574 -0.634119594048 0.113895064445 0.113895064445
0.235024963554 1.89585188854 -0.0857067666516 -0.0857067666516
-1.39913001143 0.6672980581 0.0419933981273 0.0419933981273
-6.10622663544e-16 1.0 -1.38777878078e-17 -1.38777878078e-17
-0.4947271901 0.291918636138 -0.0286941013192 -0.0286941013192
-0.971733207464 0.286712252324 0.0392619469173 0.0392619469173
0.273778238257 1.07537437456 -0.0334456179925 -0.0334456179925
-1.30889071434 -0.21535690739 0.0176607693 0.0176607693
2.22044604925e-16 1.0 -1.38777878078e-17 -1.38777878078e-17
0.350294508978 1.30341332803 -0.012801984516 -0.012801984516
-0.439984021062 0.602181038666 0.0174194959284 0.0174194959284
0.346130424273 1.33744912291 -0.0144154849845 -0.0144154849845
-0.16521252284 0.818421815144 0.00718920978687 0.00718920978687
6.66133814775e-16 1.0 0.0 0.0
0.0757616053098 1.14589426294 -0.00403012898267 -0.00403012898267
-0.0409830428408 0.781171455825 0.00411084549591 0.00411084549591
-0.0713226812266 1.21019515989 -0.00175271055308 -0.00175271055308
0.193268922568 0.867752631723 -0.00036070686957 -0.00036070686957
1.0 1.0 -3.46944695195e-18 -3.46944695195e-18
0.168410560964 1.20515952092 0.00328016025086 0.00328016025086
0.392664598741 0.162759315916 -0.00775546406325 -0.00775546406325
1.27551160917 0.351242473422 0.0103061766742 0.0103061766742
0.896882481648 1.00219435976 -0.00803445448003 -0.00803445448003
1.0 -5.55111512313e-17 -5.20417042793e-18 -5.20417042793e-18
1.08193969991 -0.119020405798 0.011758306767 0.011758306767
0.473172258047 -0.280242904055 -0.0224978420236 -0.0224978420236
-0.276494179427 -1.48174348793 0.0264103082049 0.0264103082049
0.159433885932 -0.723737530623 -0.0191041533913 -0.0191041533913
2.77555756156e-16 -1.0 -6.93889390391e-18 -6.93889390391e-18
-0.132247210898 -1.30971003609 0.0263548237615 0.0263548237615
-0.222443418997 -0.428145616806 -0.0507080734663 -0.0507080734663
-1.35839871773 -1.69269100748 0.061275016431 0.061275016431
0.522944391622 -0.403523792789 -0.0469306162593 -0.0469306162593
-1.0 2.22044604925e-16 1.12757025938e-17 1.12757025938e-17
-1.96414969258 -1.34211848582 0.0837179274327 0.0837179274327
0.946397536399 0.425011685876 -0.214872847973 -0.214872847973
-3.66771575209 -1.19256563792 0.503967456424 0.503967456424
3.82476877775 1.62825936438 0.935369060527 0.935369060527
