11.0 8.0 0.0 3.08395284618e-18
2.24714699938 -0.147563024645 -0.06170778703 -0.0512947984164
-0.267152793035 -0.966264546119 0.0823929813793 0.0654854967475
2.20775373284 0.728944231894 -0.0870459638908 -0.0671638034914
-0.087806974557 -0.463102448307 0.0821450342688 0.0622374651096
1.92453245507 -0.126639027927 -0.0710570107716 -0.0533606146381
0.264719147797 -1.09078108963 0.0563248417182 0.0422780161694
1.53693376796 0.350818566309 -0.0401415088774 -0.0303701033022
0.655536970731 -0.0225173440195 0.0244044521532 0.0187824884574
1.16812865428 1.07750461472 -0.01065520509 -0.00843528207301
1.0 7.40148683083e-17 -1.23358113847e-17 -6.16790569236e-18
-0.0193272727957 0.781723164333 0.00694929533931 0.0061227688875
0.0865495746805 1.27676339805 -0.0100954677858 -0.00981047251521
-0.109527988726 0.703241295856 0.00982998319099 0.0112044720555
0.0927785794507 1.28598923359 -0.00696081939404 -0.0106736604121
-0.0269931872407 0.747516509472 0.00260011461767 0.00875829969108
-0.230547810328 1.20466312267 0.00197773497937 -0.0060991304882
-1.28616622212 0.849328942818 -0.00549366303103 0.00335856666438
-0.73196017749 1.09730200877 0.00682166871726 -0.00114172080001
-0.0153441927422 0.951707438277 -0.00513115752725 -7.49097348613e-05
-1.0 1.0 2.46716227694e-17 -6.16790569236e-18
-1.0754362542 1.08141112617 0.00851237951079 0.00143643639137
-0.900451998937 0.104559255812 -0.0198380261997 -0.00407087008485
-0.594602376343 0.532645342354 0.0329200185258 0.00751925832543
0.598977591442 1.39647900538 -0.0462720601383 -0.01121387611
-0.982005165851 0.270901247861 0.0580625729908 0.0144601958487
-0.643227110769 0.078636600992 -0.0661934230334 -0.0165079463602
-1.40957505812 -0.137144009403 0.0683125774993 0.0166289190243
-0.633498409942 0.138368370766 -0.0616112846652 -0.0141931645695
-1.23561587753 -0.0986907156188 0.0419260565757 0.00873494383417
-1.0 4.93432455389e-17 1.38777878078e-17 -1.23358113847e-17
-0.622597461868 1.04563090788 -0.10118027887 -0.0120340513397
-1.5018505142 0.110258057972 0.962567596844 0.0271733037616
6.4612033345 -0.0136046050033 0.32235205212 -0.0450732516507
3.36820599276 0.411739443153 -0.122588090555 0.0653874300094
0.677853589349 1.10109040699 0.0371976028139 -0.0880998556212
0.330637497421 -0.599996508245 0.0280197960767 0.114429954317
0.761155155332 2.15973953603 -0.0933180505136 -0.150368308578
0.154645990524 -0.184318783046 0.200016176746 0.233492242324
0.948038924382 0.919215829422 0.998179083529 0.983606673679
