7.1956484561 7.93586929249 0.128021045151 0.124357347884
0.71084033093 -0.289291999005 -0.0565980043012 -0.0465496018039
1.30508636837 0.289110940497 0.0388006609121 0.0231456066618
0.68465858657 -0.284444343837 -0.0324924451839 -0.0117629979388
1.3236164881 0.276069281515 0.0304101231017 0.00496572276495
0.66935356294 -0.261039709477 -0.0303311698205 -0.000400801248046
1.3362251342 0.225985757781 0.0313822578722 -0.00291140082762
0.660975613863 -0.0582723424326 -0.033176707101 0.00545183133335
1.33428702821 1.4094829293 0.0355420821373 -0.00748450148936
0.70165739111 0.640175588666 -0.0384187909225 0.00916663895575
0.697881926671 1.34412350041 0.0418209099822 -0.0105979426602
-0.546852516235 0.66066363668 -0.0458257193279 0.0118449118346
0.57306642272 1.34232180229 0.0505824748129 -0.0129538288559
-0.806786080033 0.642716015209 -0.0563427642683 0.0139581330042
-0.308751108731 1.40954398909 0.0635276218345 -0.014882832681
0.305289956884 0.102087269246 -0.0728739162446 0.0157472685935
1.52873348572 0.160580330811 0.0857820919061 -0.0165669188244
0.441953672457 0.624330585231 -0.105273954121 0.0173546290927
1.62851857348 0.267303992974 0.139317746807 -0.0181214915743
0.247042396117 -0.281907837813 -0.218138263987 0.0188775093762
1.84899641271 0.337621220141 0.65553024775 -0.0196321364047
-5.51284865645 -0.898631080785 0.419000386404 0.0203947569906
-2.54826001368 -0.18131850118 -0.123476565123 -0.0211751580107
-0.355421335088 0.140390517596 0.0532496495677 0.0219840448252
-0.457764402521 0.805792175262 -0.0177291075176 -0.0228336607254
-0.65354810957 0.206631302958 -0.00827224884008 0.0237385902642
-0.230914074996 0.818496622327 0.0350845786495 -0.0247168663876
-1.43870200001 -0.384284888571 -0.0810740195374 0.0257915733995
0.166349796868 0.214170310893 0.871642819802 -0.0269932704425
-0.181577517794 -2.88762309444 0.0272406923791 0.0283638121667
1.40782093873 0.482930002208 0.0468531590628 -0.0299626444076
0.58593377732 -0.394779323942 -0.137346124789 0.0318777083108
1.16596053725 0.357509131572 0.665298153166 -0.0342454716833
-3.53461498301 -0.33335103672 0.388959516211 0.0372904836761
-1.32458107705 0.312310620705 -0.170720247545 -0.0414109999446
-0.98959833673 -0.286297203157 0.118439889244 0.0473884122849
-0.964013961046 0.231952427965 -0.0997816972833 -0.0569957016241
-0.732103102173 0.114516318162 0.100692753667 0.0753047087293
0.367338426966 1.52481138907 -0.138226870671 -0.125042434478
-0.34345120068 -0.166042823728 0.843175075313 0.839300801651
