9.60376720826 9.09541686816 0.00427367656606 0.0463875480774
-0.215813380323 -0.876967832204 0.0232991882511 -0.0103989467788
1.3191174988 -1.14376637806 -0.0284465333741 -0.00111723372709
0.776224628256 -0.677522440758 0.0291281475214 0.00684194917684
0.965423878169 -0.234700338548 -0.0284479534729 -0.0103001946599
-0.12007610891 -0.831515906345 0.0272906596334 0.0126395740335
1.56359042933 -0.0834672083887 -0.0259685891884 -0.0143455484586
0.503336996745 -1.09033487502 0.0246033596668 0.0156589352274
1.51993617395 1.13522268188 -0.0232428509269 -0.0167129040466
-0.0548673886216 0.672085874443 0.0219036047322 0.0175872028437
0.257774557173 1.34600047843 -0.0205879700801 -0.0183326223359
-0.292809437537 0.647920583508 0.0192915419852 0.0189831627012
0.304513952856 1.35742878566 -0.0180065043514 -0.0195625613459
-0.305802701263 0.636405322956 0.016723109226 0.0200880169573
0.272603093881 1.37076282663 -0.0154302443174 -0.0205724263475
-1.36108773196 0.621081828317 0.0141155106741 0.0210257900952
0.73746269835 1.3880613595 -0.0127649941401 -0.0214561338237
0.362943756472 0.601743203676 0.0113627953198 0.021870138302
0.570423921057 1.40965329239 -0.0098903120224 -0.0222735913815
0.537713194822 0.577485161053 0.00832521165366 0.0226717314462
-0.00811159860404 1.43728901723 -0.00663996755946 -0.0230695282615
-0.0862185222796 0.545224214695 0.00479974212261 0.023471934424
0.128343173722 1.47661813854 -0.00275924988156 -0.0238841349603
-0.158186766423 0.492802180112 0.000457970351786 0.0243118222717
0.204243128745 1.56611465832 0.00218740987932 -0.0247615284766
-1.00144672276 -0.385806056517 -0.00529540584193 0.0252410587255
-0.918193815679 0.49847519529 0.00904106368133 -0.0257600909297
-1.09656376626 -0.557637735341 -0.0136946955928 0.0263310471927
-0.903581997463 0.619194017952 0.0196971333234 -0.0269704156766
-1.08804333929 -0.701375238041 -0.027818952 0.0277008415873
-0.928009658666 0.837096478477 0.0395373226735 -0.0285545854569
-1.04614240113 -1.21269672495 -0.0580777354195 0.0295795386052
-0.994449230079 0.244217621765 0.092049759805 -0.030850331031
-0.944782222902 -1.40380296354 -0.174496196789 0.0324904075322
-0.94461204409 0.854250379941 0.655270083965 -0.0347202189329
2.79954078648 -5.1089228572 0.52448716608 0.0379764489439
2.47889810376 -3.55055596018 -0.217602348758 -0.0432642620011
0.277843022201 0.665048658808 0.157100202242 0.0535306571714
1.55394490284 -0.409728000908 -0.154727066857 -0.0827405176714
-0.315357899537 0.266224944083 0.999418027499 0.945492529128
