8.52339905357 9.91764849007 0.170671241135 0.170671241135
-0.758112115185 0.770766101577 -0.0664195490452 -0.0664195490452
-0.21632305452 1.2686024706 0.0364116612637 0.0364116612637
-0.810953141089 0.706375005886 -0.0220321765691 -0.0220321765691
-0.948150346325 1.31424170988 0.0135111817645 0.0135111817645
-0.941713668992 0.665732951866 -0.00781603967365 -0.00781603967365
0.423473180678 1.35671975654 0.00369747177368 0.00369747177368
-1.02633832998 0.613299415883 -0.000546336481484 -0.000546336481484
0.948266211058 1.44076331618 -0.0019701335544 -0.0019701335544
0.885033861413 0.341377720173 0.00404939333283 0.00404939333283
1.15697532431 0.293640998402 -0.00581629175274 -0.00581629175274
0.825092187994 -0.38360503427 0.00735390687096 0.00735390687096
1.18378966 0.477566593005 -0.00871994260917 -0.00871994260917
0.812131331943 -0.766876472717 0.00995601446532 0.00995601446532
1.18861361155 -0.173731939151 -0.0110931920473 -0.0110931920473
0.813625434745 -0.888802646317 0.0121554624364 0.0121554624364
1.18072765183 -0.00904324791833 -0.0131619878464 -0.0131619878464
0.829789133107 -1.32932710087 0.0141286409156 0.0141286409156
1.15102413222 -0.21315268413 -0.0150690985855 -0.0150690985855
0.888577975721 -0.778707098426 0.0159956665154 0.0159956665154
0.987084546328 -1.00613763557 -0.0169199461588 -0.0169199461588
0.132056372445 -0.818268585222 0.0178534244753 0.0178534244753
0.860971592228 -0.129123361049 -0.0188080512904 -0.0188080512904
-0.419613107238 -1.47124290144 0.0197968669823 0.0197968669823
0.339308609706 -0.571072990117 -0.0208347527783 -0.0208347527783
-0.298935796403 -1.43068229852 0.0219394003646 0.0219394003646
0.265255593229 -0.546521410583 -0.0231326444712 -0.0231326444712
-0.218975560747 -1.5035131338 0.024442387773 0.024442387773
-0.706742908064 0.445179428121 -0.0259055048771 -0.0259055048771
-0.9774557437 -0.793948254877 0.0275724106136 0.0275724106136
-0.0206642886206 -0.131273949523 -0.0295145698455 -0.0295145698455
-1.55513917155 -0.949685080217 0.0318374689753 0.0318374689753
-0.491701526167 0.121704431793 -0.0347043669559 -0.0347043669559
-1.54796745498 -0.331362250369 0.0383830031083 0.0383830031083
-0.0375851079999 0.811435210196 -0.0433461714037 -0.0433461714037
-0.941478301895 0.17675244784 0.0505159445871 0.0505159445871
-0.0159809519442 0.869149904566 -0.0619657881195 -0.0619657881195
-1.22925311065 0.0340865147589 0.0835374926753 0.0835374926753
-0.782886601072 1.4522592907 -0.140542709141 -0.140542709141
-0.649225176959 -0.0512236829422 0.764510213178 0.764510213178
