11.5878059073 19.9413539859 0.170671241135 0.170671241135
0.715925032817 -1.01487716058 -0.0664195490452 -0.0664195490452
1.31080158504 0.0657067641735 0.0364116612637 0.0364116612637
0.67844265087 -1.12375187485 -0.0220321765691 -0.0220321765691
1.28946450428 -0.575413279182 0.0135111817645 0.0135111817645
-0.497720904397 -1.56516033856 -0.00781603967365 -0.00781603967365
0.917028527378 0.0303114107164 0.00369747177368 0.00369747177368
0.0973665929833 -1.04091424214 -0.000546336481484 -0.000546336481484
0.151913124414 -0.693285984791 -0.0019701335544 -0.0019701335544
-0.207951967274 -1.3750550566 0.00404939333283 0.00404939333283
0.231877021205 -0.590956697985 -0.00581629175274 -0.00581629175274
-0.244422851911 -1.43060955926 0.00735390687096 0.00735390687096
0.251239877642 -0.553559597376 -0.00871994260917 -0.00871994260917
-0.254056049885 -1.45971529404 0.00995601446532 0.00995601446532
0.252397303109 -0.526771571709 -0.0110931920473 -0.0110931920473
-0.241061884149 -1.49338576555 0.0121554624364 0.0121554624364
-0.622839999379 0.363726378374 -0.0131619878464 -0.0131619878464
-1.31261680982 -0.432714181138 0.0141286409156 0.0141286409156
-0.700728660352 0.449084422084 -0.0150690985855 -0.0150690985855
-1.29394512021 -0.459166213463 0.0159956665154 0.0159956665154
-0.70916745299 0.50457293639 -0.0169199461588 -0.0169199461588
-1.28825175346 0.693680374218 0.0178534244753 0.0178534244753
-0.714663268241 0.895347412174 -0.0188080512904 -0.0188080512904
-1.28119698495 0.082824670612 0.0197968669823 0.0197968669823
-0.725835988542 1.67478353389 -0.0208347527783 -0.0208347527783
-1.25948615806 0.3749086539 0.0219394003646 0.0219394003646
-0.785089072964 1.60615915522 -0.0231326444712 -0.0231326444712
-0.620401009665 0.407309397685 0.024442387773 0.024442387773
1.28842984105 1.53826318694 -0.0259055048771 -0.0259055048771
0.683147836974 -0.699254251966 0.0275724106136 0.0275724106136
1.31573487191 0.753920448 -0.0295145698455 -0.0295145698455
0.687341436121 -1.39583077432 0.0318374689753 0.0318374689753
1.30895695624 0.513422086597 -0.0347043669559 -0.0347043669559
0.696256896309 -0.864207065287 0.0383830031083 0.0383830031083
1.29439340862 -0.124349604148 -0.0433461714037 -0.0433461714037
0.727990032323 -0.299693198482 0.0505159445871 0.0505159445871
1.18003323002 0.286136753231 -0.0619657881195 -0.0619657881195
-0.137996426133 -1.27101807302 0.0835374926753 0.0835374926753
1.5726754753 0.688761856971 -0.140542709141 -0.140542709141
-0.141789749478 -0.680583642668 0.764510213178 0.764510213178
