8.0 8.0 -7.93016446161e-18 -7.93016446161e-18
3.48546349206 2.94690478331 -0.149639726369 -0.149639726369
-0.402286924662 -1.75717131554 0.123074139032 0.123074139032
1.29192703849 0.392479883453 -0.030440064726 -0.030440064726
1.39975353528 0.593042634287 -0.0462160620256 -0.0462160620256
0.481118051242 -0.903051682233 0.064620134105 0.064620134105
1.2382657687 0.576099900424 -0.0318020212627 -0.0318020212627
1.09613736123 1.14387669675 -0.0141622036231 -0.0141622036231
0.803814520411 0.0234221114742 0.0371606179064 0.0371606179064
0.98578327572 0.319598701394 -0.0270110128063 -0.0270110128063
6.34413156929e-17 1.0 -5.55111512313e-17 -5.55111512313e-17
-0.322271332714 1.01190359915 0.0195413400938 0.0195413400938
0.339579262059 1.01647529224 -0.0192731487542 -0.0192731487542
-0.10933488214 0.991130267454 0.00516308114468 0.00516308114468
-0.238722958738 0.978164843893 0.00787855339123 0.00787855339123
0.716514219453 1.06140532365 -0.0102891084645 -0.0102891084645
0.977818182074 0.896361513103 0.00429819847009 0.00429819847009
0.960514458123 0.128386984905 0.00136905800795 0.00136905800795
1.20312529881 -0.369099846765 -0.00152542847845 -0.00152542847845
0.647399693643 0.484077702098 -0.000972919190605 -0.000972919190605
1.07057220232e-16 1.0 9.91270557701e-18 9.91270557701e-18
0.584578202952 0.187272069424 0.00557894809806 0.00557894809806
1.31773864456 0.228655178135 -0.0093741043156 -0.0093741043156
0.880718726287 1.08653518184 0.00400131824084 0.00400131824084
0.109285015299 1.08801058321 0.00953516846624 0.00953516846624
-0.0560140390226 0.913600078103 -0.0197385880074 -0.0197385880074
0.0137619024668 1.02834344752 0.0138569159998 0.0138569159998
0.00545825614715 1.00767608429 0.00860038377377 0.00860038377377
-0.028844400206 0.984810795352 -0.0310465724964 -0.0310465724964
0.0579900156044 1.02605134 0.0309071071421 0.0309071071421
2.53765262771e-16 1.0 -3.17206578464e-17 -3.17206578464e-17
-0.757441338994 0.33500926986 -0.0427213416692 -0.0427213416692
-0.853819595162 -0.0315287371571 0.0598609927497 0.0598609927497
0.0868086225233 1.19664288371 -0.0235906395479 -0.0235906395479
-0.598505840667 1.34831162838 -0.0559338644264 -0.0559338644264
-1.21218383273 0.380076339755 0.123967028677 0.123967028677
0.473090191872 1.36836466862 -0.102526195644 -0.102526195644
-0.556565633423 0.448682152209 -0.0889665635302 -0.0889665635302
-2.32548117353 -1.82940555433 0.756318525673 0.756318525673
3.16197107412 2.98459948375 0.858069482936 0.858069482936
