19.0 6.0 0.0 0.0
12.3729957252 4.47034384225 -0.208264988505 -0.208264988505
2.22044604925e-16 1.0 0.0 0.0
-4.68353769897 -0.278811213419 0.120710678119 0.120710678119
-1.0 1.0 0.0 0.0
1.7959712766 1.8814070255 -0.0815925843564 -0.0815925843564
-1.33226762955e-16 1.0 -8.881784197e-17 -8.881784197e-17
-1.85900200839 -0.0811049587779 0.0585424783056 0.0585424783056
-1.0 0.0 0.0 0.0
0.171038740508 0.669466149586 -0.0427040342732 -0.0427040342732
-8.881784197e-17 1.0 0.0 0.0
-0.212965347103 1.006808812 0.030640039407 0.030640039407
4.4408920985e-17 1.0 0.0 0.0
-0.387010037464 0.994657718729 -0.0207106781187 -0.0207106781187
-1.0 1.0 0.0 0.0
-0.641363883638 1.04762784017 0.012003937954 0.012003937954
-3.5527136788e-16 1.0 0.0 0.0
-0.37816352669 0.884701618687 -0.00393508534123 -0.00393508534123
-1.0 1.0 0.0 0.0
-0.596939635701 1.23522868141 -0.00393508534123 -0.00393508534123
-8.881784197e-17 1.0 0.0 0.0
-0.411910717843 0.302370359124 0.012003937954 0.012003937954
-1.0 0.0 0.0 0.0
-0.639849452493 0.466130809199 -0.0207106781187 -0.0207106781187
-3.5527136788e-16 1.0 0.0 0.0
0.0807123804658 1.06206762055 0.030640039407 0.030640039407
1.7763568394e-16 1.0 0.0 0.0
-0.189518952163 1.07912863853 -0.0427040342732 -0.0427040342732
-1.0 1.0 0.0 0.0
-1.39774450591 0.813465020026 0.0585424783056 0.0585424783056
8.881784197e-17 1.0 0.0 0.0
1.38500663179 1.30375855962 -0.0815925843564 -0.0815925843564
6.2172489379e-16 1.0 0.0 0.0
-2.17551550757 0.534741112491 0.120710678119 0.120710678119
-1.0 1.0 0.0 0.0
1.61189382207 1.75053830028 -0.208264988505 -0.208264988505
-4.4408920985e-17 1.0 0.0 0.0
-3.67037382725 -0.61322046694 0.635310236809 0.635310236809
-8.881784197e-17 0.0 1.0 1.0
11.8262765246 3.47069453098 0.635310236809 0.635310236809
