6.0 11.0 0.0 0.0
2.15974205222 2.65048546709 -0.102859012948 -0.102859012948
0.0897008542687 -2.19780574271 0.113895064445 0.113895064445
1.58478889837 1.50626458356 -0.0857067666516 -0.0857067666516
0.740638082366 -0.72571260835 0.0419933981273 0.0419933981273
1.0 1.11022302463e-16 -1.38777878078e-17 -1.38777878078e-17
1.15331381092 0.593389344182 -0.0286941013192 -0.0286941013192
0.80476046294 -1.36253319304 0.0392619469173 0.0392619469173
1.15253451778 -0.226739533255 -0.0334456179925 -0.0334456179925
0.928515858833 -0.136442647806 0.0176607693 0.0176607693
1.0 2.77555756156e-16 -1.38777878078e-17 -1.38777878078e-17
1.02934304288 0.180363456512 -0.012801984516 -0.012801984516
0.990137791137 -0.298351640323 0.0174194959284 0.0174194959284
0.96251018203 0.313054775452 -0.0144154849845 -0.0144154849845
1.06799554165 -0.218739686747 0.00718920978687 0.00718920978687
1.0 2.22044604925e-16 0.0 0.0
0.0644222921376 1.05074392987 -0.00403012898267 -0.00403012898267
0.56127668687 0.277906120648 0.00411084549591 0.00411084549591
0.900579259212 0.237061119041 -0.00175271055308 -0.00175271055308
-0.228614678394 1.15624467488 -0.00036070686957 -0.00036070686957
-5.55111512313e-17 1.0 -3.46944695195e-18 -3.46944695195e-18
0.12462419421 0.928953725148 0.00328016025086 0.00328016025086
-0.174652016109 1.09470518105 -0.00775546406325 -0.00775546406325
0.163349338816 0.920217419328 0.0103061766742 0.0103061766742
-0.103651421465 1.03792166716 -0.00803445448003 -0.00803445448003
-5.55111512313e-17 1.0 -5.20417042793e-18 -5.20417042793e-18
0.179728711741 1.04181326756 0.011758306767 0.011758306767
-0.799885683359 0.428433109403 -0.0224978420236 -0.0224978420236
-0.680206162183 0.081494125315 0.0264103082049 0.0264103082049
0.0127657765467 1.1693368288 -0.0191041533913 -0.0191041533913
-1.0 2.22044604925e-16 -6.93889390391e-18 -6.93889390391e-18
-0.455017205958 0.358061241274 0.0263548237615 0.0263548237615
0.6276509453 1.96829593658 -0.0507080734663 -0.0507080734663
-0.866988178286 -0.260478296033 0.061275016431 0.061275016431
-0.717103084877 0.573338001671 -0.0469306162593 -0.0469306162593
5.55111512313e-16 1.0 1.12757025938e-17 1.12757025938e-17
-0.114848899844 0.383314062162 0.0837179274327 0.0837179274327
-0.095876155057 2.44106750319 -0.214872847973 -0.214872847973
-1.80124022204 -1.3947274232 0.503967456424 0.503967456424
1.48970540735 2.42906523161 0.935369060527 0.935369060527
