14.1127939609 6.67049094317 0.228394319123 0.228394319123
-1.42367000748 -0.0944537882152 -0.0887608147718 -0.0887608147718
-0.618701134633 0.0340884814949 0.0512593452856 0.0512593452856
-1.35761335748 0.184788928653 -0.0336839201125 -0.0336839201125
-0.660714675171 0.697611208604 0.0233866599225 0.0233866599225
-1.32124043974 -0.213149352589 -0.0165524236952 -0.0165524236952
-0.700728530563 -0.123547634399 0.0116338917405 0.0116338917405
-1.26577308386 -0.782743278705 -0.00788410197502 -0.00788410197502
-0.804942284858 0.495989369653 0.00489785545886 0.00489785545886
-0.841622921848 0.805018462877 -0.00243598046027 -0.00243598046027
-0.234952763714 0.601763513554 0.000347875480408 0.000347875480408
-0.538202925157 0.558819239469 0.00146633425725 0.00146633425725
0.395474213507 1.38171672745 -0.00307581770902 -0.00307581770902
0.343193783605 -0.0488126626659 0.00453032886127 0.00453032886127
1.48759980097 0.176791223967 -0.00586692218603 -0.00586692218603
0.553336264767 -0.18801197418 0.00711413563019 0.00711413563019
1.42694677209 -0.545085264063 -0.00829470912487 -0.00829470912487
0.584875167284 -0.166242211749 0.00942742743286 0.00942742743286
1.40746205729 0.122647938429 -0.010528428379 -0.010528428379
0.597401174293 -0.904488071381 0.0116121843579 0.0116121843579
1.40014684421 0.238015854389 -0.0126922919665 -0.0126922919665
0.599552910677 -0.198309143022 0.0137821651972 0.0137821651972
1.40499618087 0.172943669267 -0.014895708922 -0.014895708922
0.581459019459 -0.14321630341 0.0160480456724 0.0160480456724
1.4609644355 0.813147389164 -0.0172563788722 -0.0172563788722
0.244960924802 0.223477021481 0.0185411027431 0.0185411027431
0.236510915642 1.27807458766 -0.0199273215981 -0.0199273215981
-0.287569656951 0.792974459169 0.0214470371144 0.0214470371144
0.316460322015 1.15818881245 -0.0231424380784 -0.0231424380784
-0.941379603069 0.914504868108 0.0250710596276 0.0250710596276
-0.0649309836562 0.801366296933 -0.0273142361881 -0.0273142361881
-1.38134917582 0.292561965624 0.0299916458781 0.0299916458781
-0.657673252104 1.27874097691 -0.0332878186546 -0.0332878186546
-1.32662016776 -0.436063656219 0.0375039671711 0.0375039671711
-0.684864892217 0.965282774789 -0.0431687657929 -0.0431687657929
-1.30311805182 -0.0938392588991 0.0513046593655 0.0513046593655
-0.712891143743 0.156253716425 -0.0641823695324 -0.0641823695324
-1.26034279109 -0.162310651223 0.0880672546544 0.0880672546544
-0.803400012513 0.156292803318 -0.14891272833 -0.14891272833
-0.689105619941 -0.144005255022 0.653308608648 0.653308608648
