4.91094409286 7.47753620586 0.255677828708 0.267079151744
0.907897951431 -1.40005536114 -0.0910683602523 -0.101301933709
1.14963172788 -0.460717285712 0.0504823787 0.0595721531703
0.814644671479 -0.695659733972 -0.0324388406501 -0.0403942127617
1.21438235687 -0.258212073844 0.0224516041155 0.0292678884858
0.757934887933 -0.785872759784 -0.0162694723029 -0.0219276669492
1.27232881805 -0.0758745109457 0.0122008467928 0.0166666666667
0.688251395994 0.252243351698 -0.00944584102216 -0.0126679130261
1.38368939096 0.931909442286 0.00758386100985 0.00949087181034
0.200478258148 0.897717188618 -0.00638022979188 -0.00687667264161
0.221255934521 1.14764302026 0.00570293748586 0.00466287960054
-0.315107330388 0.828922043124 -0.00548415548664 -0.00274207774332
0.417313037024 1.1888327013 0.00570293748586 0.00104005788533
-0.874119399861 0.790322470818 -0.00638022979188 0.000496442849726
0.117185205002 1.25549935998 0.00758386100985 -0.00190701080049
-0.687541191056 0.368834720793 -0.00944584102216 0.00322207200394
-0.223065174486 0.639101996203 0.0122008467928 -0.00446581987385
-0.848039430902 0.378697080086 -0.0162694723029 0.00565819464627
1.31604820727 0.486758259258 0.0224516041155 -0.00681628437024
0.537322954885 -0.372502162065 -0.0324388406501 0.00795537211166
1.57417485479 0.501494431175 0.0504823787 -0.00908977447025
0.251000292541 0.342910614732 -0.0910683602523 0.0102335734564
2.10573334155 0.0570306047382 0.255677828708 -0.0114013230358
-4.61025613406 -0.0980696710291 0.57214507157 0.0126088068597
-2.16932653515 0.743994705609 -0.159535288736 -0.0138739334323
-0.00661347716458 0.286038276288 0.101428797797 0.0152178821383
-0.678800389196 0.70972897346 -0.0788675134595 -0.0166666666667
-0.491039322378 0.28358550988 0.0673463844448 0.0182533794948
-1.02322056231 0.0817231264545 -0.060773640806 -0.0200215590721
-1.13030314074 -0.100236831959 0.0569474632887 0.0220304570344
-0.623466553223 -0.0030668595437 -0.0549230138111 -0.0243636441934
-0.648410149759 -1.2176068415 0.0542875426579 0.0271437713289
0.0323740849116 -0.808888385182 -0.0549230138111 -0.0305593696177
0.610665985109 -1.16768919637 0.0569474632887 0.0349170062543
0.491864519531 -0.216746300601 -0.060773640806 -0.0407520817339
0.458656979048 -0.72594036838 0.0673463844448 0.0490930049501
1.21606778787 0.335841183474 -0.0788675134595 -0.0622008467928
0.7738324836 -0.286489680032 0.101428797797 0.0862109156586
1.29488585529 0.266411405773 -0.159535288736 -0.145661355304
0.277410382812 -0.245815316475 0.57214507157 0.55953626471
