5.0 11.0 -1.3714519716e-16 0.0
1.72030783683 2.86352227069 -0.0771659335994 -0.0773510129099
0.351499543086 -1.34012528054 0.0949312435931 0.0933900615642
1.52868707587 1.19707586932 -0.0895506967573 -0.0853615328236
0.617857376249 -0.892507757421 0.0712760353104 0.0649691986795
1.22834162022 0.542733633368 -0.0458954950415 -0.0394553283386
0.915688284612 -0.202242677573 0.0179981537087 0.0143802258003
0.962217092118 -0.09048037321 0.00841618469616 0.00615161852257
1.13299526359 0.31190114493 -0.0299495126986 -0.0196823665576
0.79377058957 -0.456400972551 0.0439799104017 0.0254895289727
1.28046938128 0.544607617608 -0.0488464376711 -0.0244232188356
0.526472115239 -0.699352239458 0.0439799104017 0.018490381429
0.0731194935306 -0.780887712789 -0.0299495126986 -0.010267146141
1.04983237691 0.0108377039135 0.00841618469616 0.00226456617359
1.06798798359 -0.0115461644238 0.0179981537087 0.00361792790843
0.843210762675 0.0380805058324 -0.0458954950415 -0.00644016670282
1.28078994099 -0.0148203395621 0.0712760353104 0.00630683663085
0.362561118966 -0.257701791347 -0.0895506967573 -0.00418916393371
0.199527825877 -1.30505326149 0.0949312435931 0.00154118202894
1.09052651615 -0.8421965623 -0.0771659335994 0.000185079310501
1.0 -1.0 3.26536183713e-18 1.63268091857e-18
0.295003422669 -0.573860263281 0.961031078638 -0.00230499342272
-1.67958954324 3.35941485276 0.373432427064 0.00606257038076
-1.24812546622 2.84425374666 -0.211330134 -0.0098859819914
0.607637948403 0.232867706784 0.136106623313 0.0120433499686
-0.493168918268 1.39858702915 -0.0781230981496 -0.0109624218013
-0.921406537962 0.854871436182 0.0285765131774 0.0057443539056
-0.0259912245301 0.932674292602 0.0127893329742 0.00344126131754
0.00541880136103 1.24622438775 -0.0442937283206 -0.015184560309
0.0920665011367 0.621113771447 0.0640841449553 0.0269427625693
-0.500569129978 1.4456046853 -0.0708384843897 -0.0354192421948
-0.94500441391 0.572888972266 0.0640841449553 0.0371413823859
0.258472230904 1.3104169803 -0.0442937283206 -0.0291091680116
-0.056563414209 0.906760489008 0.0127893329742 0.00934807165666
-0.110940701511 0.786402668181 0.0285765131774 0.0228321592718
0.27861945641 1.58648317173 -0.0781230981496 -0.0671606763483
-0.444651693943 0.00705234252038 0.136106623313 0.124063273345
0.597226241787 2.40274007139 -0.211330134 -0.201444152009
-0.722541760948 -0.846298275583 0.373432427064 0.367369856683
0.811775416476 1.70812302772 0.961031078638 0.963336072061
