8.82684488948 6.64520454183 0.124357347884 0.124357347884
0.867359185038 -0.767141115631 -0.0465496018039 -0.0465496018039
0.826908577532 -0.251159094629 0.0231456066618 0.0231456066618
0.0883517641092 -0.774028131457 -0.0117629979388 -0.0117629979388
1.50449227026 0.325790740009 0.00496572276495 0.00496572276495
0.561063269138 -0.208085840357 -0.000400801248046 -0.000400801248046
1.42406269592 0.100795309415 -0.00291140082762 -0.00291140082762
0.561561122756 0.168807727454 0.00545183133335 0.00545183133335
1.50596327304 0.797500957609 -0.00748450148936 -0.00748450148936
-0.00239985442475 0.235859983861 0.00916663895575 0.00916663895575
0.950282566896 0.72943938045 -0.0105979426602 -0.0105979426602
0.0425244229585 0.315222001483 0.0118449118346 0.0118449118346
1.01717809667 0.605280672574 -0.0129538288559 -0.0129538288559
-0.290131562089 0.677247862139 0.0139581330042 0.0139581330042
0.288289575623 1.32380289818 -0.014882832681 -0.014882832681
-0.30465955499 0.682206559425 0.0157472685935 0.0157472685935
0.33655643222 1.31707232377 -0.0165669188244 -0.0165669188244
-0.422457695632 0.671100180327 0.0173546290927 0.0173546290927
-0.47871078399 1.37642549036 -0.0181214915743 -0.0181214915743
-0.49903587225 0.351594630413 0.0188775093762 0.0188775093762
-0.89788094629 0.547154620451 -0.0196321364047 -0.0196321364047
-1.21704235468 1.04954927768 0.0203947569906 0.0203947569906
-0.0221423017299 0.976076976945 -0.0211751580107 -0.0211751580107
-1.04021731427 0.198712202379 0.0219840448252 0.0219840448252
-0.889987617008 0.746456729921 -0.0228336607254 -0.0228336607254
-1.12987399273 0.28801121313 0.0237385902642 0.0237385902642
-0.865251734675 0.680232317094 -0.0247168663876 -0.0247168663876
-1.12862814949 0.360104061321 0.0257915733995 0.0257915733995
-0.895402139041 0.558501461821 -0.0269932704425 -0.0269932704425
-1.00512206937 -1.37154973352 0.0283638121667 0.0283638121667
0.141069436051 -0.668862673748 -0.0299626444076 -0.0299626444076
0.200557661687 -1.30214414397 0.0318777083108 0.0318777083108
1.34196587392 -0.716971257493 -0.0342454716833 -0.0342454716833
0.723957426411 -1.27631902325 0.0372904836761 0.0372904836761
1.24561270367 0.0574358096037 -0.0414109999446 -0.0414109999446
0.778273701408 -1.05985113535 0.0473884122849 0.0473884122849
1.19175390502 0.32993222584 -0.0569957016241 -0.0569957016241
0.873145514137 -0.34821877382 0.0753047087293 0.0753047087293
0.60084418388 0.871266970744 -0.125042434478 -0.125042434478
-0.341589498793 0.225630903388 0.839300801651 0.839300801651
