13.2321861774 3.60434637553 0.181878237655 0.207921470355
0.738568066461 0.123445526585 -0.0642135666939 -0.081220662091
1.31761729162 -0.120285744177 0.0352734300717 0.0462562962492
0.549309450739 0.916994371083 -0.0230954583637 -0.0297293417643
0.597133144846 1.00126131721 0.0166935281983 0.0200042663921
0.381725408817 1.00867251272 -0.0128729543072 -0.0135325178809
-0.139084752181 0.992593932902 0.0103955262859 0.00886630947432
-0.807558758094 1.00038030118 -0.00869198190408 -0.00530406383716
0.246727412566 1.01986407408 0.0074686618112 0.00246418344122
-0.854781560936 0.269713038636 -0.00656089001614 -0.000120976971713
-0.22876885002 0.931146322495 0.00587029222136 -0.00186789191914
-0.712771182358 1.06465466379 -0.00533514556114 0.00359693833325
-0.399803469393 0.239386562323 0.00491521542689 -0.00513169147147
-1.4046634791 -0.305970347728 -0.00458350751679 0.00651933372428
-0.652047777845 -1.12135782502 0.00432155569606 -0.00779503700436
-1.31607208563 -0.227467607963 -0.00411662610178 0.00898591432305
-0.710420264872 0.165148735046 0.00396001564237 -0.0101135908444
-1.25769401197 -0.598185914693 -0.00384600915472 0.0111959488523
-0.800676610638 0.253495137358 0.00377125807663 -0.0122483681938
-0.973785682748 0.610312565825 -0.00373445267226 0.0132846585128
-0.0854547070272 0.395395065491 0.0037362258042 -0.0143178108629
-1.46275112385 0.659297443722 -0.00377927298396 0.01536065926
0.377034879556 1.13055600489 0.00386871598206 -0.0164265252897
-0.367142739146 0.907101326991 -0.0040127888938 0.0175299156778
0.331957555361 1.09771076876 0.00422400382499 -0.0186873528327
-0.187614516604 0.781546851207 -0.00452108921377 0.0199184447783
1.47325768142 -0.108072059104 0.00493225005175 -0.0212473519615
0.559427705735 0.656005672311 -0.00550081479135 0.0227049016372
1.4377640499 -0.589864685535 0.00629543862395 -0.0243317716598
0.548249384153 -0.00486790083354 -0.00742957520024 0.0261834893497
1.4938291108 -0.537065522702 0.00910129804006 -0.0283386319951
0.337107418487 -0.517138124773 -0.0116822933089 0.0309129573574
0.748815674327 -0.479401098443 0.015941553776 -0.0340852022365
0.722335977656 -0.0348890290216 -0.0237082556762 0.0381476349365
0.607674316527 -0.627563362108 0.0403994321996 -0.0436144035451
0.345595235766 -0.463387183932 -0.0902907135136 0.0514829855417
0.17781437255 -0.470063487826 0.642906450696 -0.0639789813865
0.519982577208 1.77634906667 0.275480419965 0.0872911553302
0.256776600552 1.01096594457 -0.221044422071 -0.14748433512
-0.300175278552 0.438292916254 0.73702027016 0.695666026473
