6.66367007664 6.91535968479 0.228394319123 0.228394319123
1.01319401316 -0.636754956479 -0.0887608147718 -0.0887608147718
0.994184734188 -0.371997128187 0.0512593452856 0.0512593452856
0.193481521288 -0.617065849092 -0.0336839201125 -0.0336839201125
1.16458135185 -0.399788149195 0.0233866599225 0.0233866599225
0.850575178532 -0.546424701164 -0.0165524236952 -0.0165524236952
1.15428811686 0.597136626009 0.0116338917405 0.0116338917405
0.827883381877 0.406390356761 -0.00788410197502 -0.00788410197502
1.22326802311 0.577479331843 0.00489785545886 0.00489785545886
0.453746715513 0.448438899991 -0.00243598046027 -0.00243598046027
0.561405640145 0.498892246725 0.000347875480408 0.000347875480408
0.437657484872 0.707995983871 0.00146633425725 0.00146633425725
0.549291486273 1.18834883725 -0.00307581770902 -0.00307581770902
0.496343021982 0.84899862284 0.00453032886127 0.00453032886127
0.247911380807 1.12806364703 -0.00586692218603 -0.00586692218603
-0.198310522213 0.890535169526 0.00711413563019 0.00711413563019
0.185006129755 1.09095764119 -0.00829470912487 -0.00829470912487
-0.185526160857 0.93124928009 0.00942742743286 0.00942742743286
0.205367391298 1.03559814317 -0.010528428379 -0.010528428379
-0.343467900963 1.03481373028 0.0116121843579 0.0116121843579
-0.983261795804 0.540304885425 -0.0126922919665 -0.0126922919665
-0.39639314543 0.515053199721 0.0137821651972 0.0137821651972
-0.800633400622 0.209046868991 -0.014895708922 -0.014895708922
-1.16942005627 -0.13358473677 0.0160480456724 0.0160480456724
-0.837003183952 0.809474098684 -0.0172563788722 -0.0172563788722
-1.16164251955 -0.00532064040832 0.0185411027431 0.0185411027431
-0.837640143259 -0.612565781209 -0.0199273215981 -0.0199273215981
-1.16443970109 -0.158445648387 0.0214470371144 0.0214470371144
-0.832089225048 -0.348546918711 -0.0231424380784 -0.0231424380784
-1.17342093281 -0.575789543339 0.0250710596276 0.0250710596276
-0.817000507619 -0.704727387243 -0.0273142361881 -0.0273142361881
-1.20442179386 -1.224948018 0.0299916458781 0.0299916458781
0.027289890576 -0.808337362356 -0.0332878186546 -0.0332878186546
-0.123702561633 -1.16844547604 0.0375039671711 0.0375039671711
0.147566508884 -0.852160085972 -0.0431687657929 -0.0431687657929
-0.160659140815 -1.12396819559 0.0513046593655 0.0513046593655
0.163437661971 -0.919363062749 -0.0641823695324 -0.0641823695324
0.430291980847 -0.402048882565 0.0880672546544 0.0880672546544
0.63860860095 -0.858200154312 -0.14891272833 -0.14891272833
0.305436945862 -0.632927303687 0.653308608648 0.653308608648
