8.01697407485 5.76117692752 0.170990023354 0.106678401451
0.845297581148 -0.402665280487 -0.0918414470484 -0.0386198285181
1.19559035725 0.300739313659 0.0632912582692 0.0178365494932
0.776029932446 -0.209922130836 -0.0473252590729 -0.00767553570551
1.24918654733 0.0909747061608 0.0366879887744 0.00159110820153
0.723789864249 0.617950011152 -0.0288871963885 0.00250208821776
1.3075788754 0.361830464902 0.0228009260154 -0.00547555138759
-0.343098383842 0.807909557911 -0.0178372125913 0.00775818913588
0.577695044168 0.922100278572 0.0136490319039 -0.00958585460569
0.452183688401 0.0483760348196 -0.0100168790162 0.0110991898635
0.197345452409 1.35708051573 0.00679350219332 -0.0123874688029
-0.844701810172 0.733603099956 -0.00387521623098 0.0135102877648
-0.194685468158 1.23382818968 0.00118583772819 -0.0145091551538
0.00593020131913 0.747428596192 0.00133288908201 0.0154140807819
1.0866993152 0.315528939955 -0.00372731922982 -0.0162475222392
0.874121629956 0.747092459789 0.0060359067566 0.0170268583187
1.15062905696 -0.11917151285 -0.00829201520031 -0.0177660060442
0.824659139855 0.0929186137292 0.0105260321227 0.0184765236671
1.22262586799 -0.134938371813 -0.0127671023733 -0.0191683993197
0.0379735688903 0.886995877588 0.015044705063 0.0198506480202
0.94388214848 0.104508303477 -0.0173902636374 -0.0205317974483
-0.0884141031776 1.08476648211 0.0198389839068 0.0212203202937
0.0714983725979 0.852940602926 -0.0224321626961 -0.0219250606741
-0.000631062122478 1.25630140331 0.0252203159919 0.0226557009985
-0.524826254322 0.179994250526 -0.0282676789648 -0.0234233233872
-0.534437117399 0.804187823159 0.0316590143279 0.0242411386667
-0.480425102896 0.121688429992 -0.0355104102059 -0.0251254920612
-1.38301502621 0.144214252416 0.039987262469 0.026097320507
-0.653935904973 0.781727297867 -0.0453359103279 -0.027184357638
-1.33242738904 -0.0193706884413 0.0519430438095 0.0284246127249
-0.671030932848 -0.0937660679693 -0.0604566950923 -0.0298721081928
-1.33188353032 0.178455933271 0.0720600399723 0.0316068269117
-0.659785190532 -0.267497548418 -0.0891869749554 -0.0337530077361
-1.35422181068 0.365442514903 0.117832981637 0.0365153267304
-0.62794372064 -1.53994670595 -0.178168900148 -0.0402573720228
-1.32198513602 1.26813771919 0.412193254737 0.0456940932212
1.34254044695 -3.68354071051 0.661929158641 -0.0544530895758
1.32789957226 -4.06147606724 -0.120440367626 0.0712166405387
1.15140882897 1.31976206552 -0.00374556689473 -0.117232928949
0.00938663714083 -0.781452537979 0.783632855728 0.865343171344
