11.0 24.0 -7.93016446161e-18 -7.93016446161e-18
5.04040029284 8.29878656824 -0.149639726369 -0.149639726369
-1.56386400019 -6.58559787849 0.123074139032 0.123074139032
1.60595752912 0.27482474499 -0.030440064726 -0.030440064726
1.9853155732 1.59013650456 -0.0462160620256 -0.0462160620256
-0.836262021146 -2.60296831495 0.064620134105 0.064620134105
0.707689409401 -0.0626505492184 -0.0318020212627 -0.0318020212627
1.23227456009 -0.556441249178 -0.0141622036231 -0.0141622036231
-0.287543078171 -2.26324584679 0.0371606179064 0.0371606179064
0.633187888243 0.13097193943 -0.0270110128063 -0.0270110128063
1.0 -3.17206578464e-16 -5.55111512313e-17 -5.55111512313e-17
-0.0350793825058 -1.18915529373 0.0195413400938 0.0195413400938
0.530507099229 -0.661718568065 -0.0192731487542 -0.0192731487542
0.946976691206 -1.10392709119 0.00516308114468 0.00516308114468
0.103339194808 -1.16876931189 0.00787855339123 0.00787855339123
0.369742351786 -0.770755888299 -0.0102891084645 -0.0102891084645
1.06540090205 -1.09948120566 0.00429819847009 0.00429819847009
0.176149409599 -1.03408199603 0.00136905800795 0.00136905800795
-0.413851818764 -0.946826047204 -0.00152542847845 -0.00152542847845
0.341736375614 -1.01247482826 -0.000972919190605 -0.000972919190605
3.80647894157e-16 -1.0 9.91270557701e-18 9.91270557701e-18
-0.956072198717 -0.509543892467 0.00557894809806 0.00557894809806
-0.876714543619 0.549158774055 -0.0093741043156 -0.0093741043156
-1.04055541967 -0.234916137322 0.00400131824084 0.00400131824084
-0.48836730239 -1.21750124775 0.00953516846624 0.00953516846624
1.1333334545 -0.0382038721378 -0.0197385880074 -0.0197385880074
0.56659868237 -0.338517515902 0.0138569159998 0.0138569159998
-0.918436772507 -1.08638501675 0.00860038377377 0.00860038377377
-0.997216441156 -0.108086156129 -0.0310465724964 -0.0310465724964
-0.98613390927 -0.0977604081695 0.0309071071421 0.0309071071421
1.90323947079e-16 1.0 -3.17206578464e-17 -3.17206578464e-17
0.624640374228 1.8504004771 -0.0427213416692 -0.0427213416692
-1.07673488338 -0.344274392673 0.0598609927497 0.0598609927497
-0.75901211712 0.277268242042 -0.0235906395479 -0.0235906395479
0.316967188222 0.0387691243193 -0.0559338644264 -0.0559338644264
-1.25567062076 -2.78579234508 0.123967028677 0.123967028677
-0.390997442137 1.87518291382 -0.102526195644 -0.102526195644
0.311672506836 2.10939316881 -0.0889665635302 -0.0889665635302
-1.89481425376 -4.68515002557 0.756318525673 0.756318525673
3.65686529333 8.65218976438 0.858069482936 0.858069482936
