8.92857142857 6.95238095238 -2.1147105231e-17 0.0238095238095
0.686544439467 -0.316427887129 0.0259102688449 0.000583000741789
1.31405367726 -0.742426093289 -0.0354808967536 -0.00851511321389
0.682343785283 -0.0872787845241 0.0412445694425 0.0124814417139
1.32658681598 0.0804605205681 -0.0456545310627 -0.0148849997004
0.653797378838 0.0701586116319 0.0495677313486 0.016514152402
1.39631729748 1.27746130025 -0.053416199588 -0.0177038481231
0.361351845659 0.787024008465 0.0575096241204 0.0186207139904
0.20847909048 1.18254636782 -0.0621613117012 -0.0193570800385
-0.560847635398 0.842785912841 0.0677881435258 0.0199683222892
-1.07356327913 1.1248783491 -0.0750617602848 -0.0204897520254
-0.529004723943 0.94409900608 0.0852413616222 0.020945030949
-0.216113685651 0.579274487725 -0.101103635526 -0.0213506929179
-1.49794845481 -0.3076530618 0.1303515776 0.0217187267508
-0.530877683445 0.269353390048 -0.205529345989 -0.0220581292269
-1.04460441585 -0.301355258081 0.905751376513 0.0223758819255
3.85085877989 1.02807403165 0.230177820929 -0.0226775920543
1.38663675335 0.106925237173 -0.0758606085686 0.0229679311678
0.994409074548 -0.0323151653784 0.0327779102407 -0.0232509501987
-0.00661580079502 0.929202471346 -0.0122233287217 0.0235303192108
1.07142857143 0.047619047619 -1.85037170771e-17 -0.0238095238095
0.825066216174 0.0438834259525 0.00823650056299 0.0240920413768
0.173502533638 0.952345104655 -0.014263633964 -0.0243815164194
0.879887231892 0.0133648582221 0.0189458234188 0.0246819541514
-0.0766852753646 1.14904783208 -0.022755988195 -0.0249979549275
0.0408415229401 0.943101593711 0.0259767558652 0.0253350203546
-0.0610434897485 0.980640530166 -0.0287897995848 -0.0256999774643
0.142003771134 1.13630464948 0.0313200302338 0.0261015956663
-0.502247756767 0.474844676043 -0.0336596426844 -0.0265515234665
-0.61825644553 0.431698212003 0.0358826577078 0.0270657716102
-0.311362362934 0.607970847339 -0.0380551576551 -0.0276671686087
-0.757776930787 0.367078688111 0.0402444163771 0.0283896371375
-0.125690412969 0.656143387297 -0.042529966216 -0.0292861021864
-1.50647375771 0.310145173306 0.0450214882018 0.0304442366887
-0.587922055687 0.770180081881 -0.0478947910443 -0.0320209154583
-1.36636863702 -0.482624256937 0.0514784761702 0.0343277335849
-0.661795571563 0.391491703658 -0.0565087360681 -0.0380848797746
-1.31648348872 -0.34260332094 0.0651279383545 0.0454189056865
-0.712060631831 0.311822916887 -0.0875976663332 -0.0665749720287
-0.382747242173 -0.29248069026 0.994754433623 0.972371702816
