6.10122118658 7.53221625295 0.198827914831 0.228394319123
0.875069183533 -0.638318369743 -0.0614371935532 -0.0887608147718
1.14300399963 -0.207459396436 0.025587432258 0.0512593452856
0.855883652718 -0.299936811496 -0.00929303275174 -0.0336839201125
1.13935133019 -0.51464007302 2.97567125264e-05 0.0233866599225
0.868703876814 0.0169809055322 0.005942682723 -0.0165524236952
1.12010639052 0.147764571282 -0.0101235160165 0.0116338917405
0.89582702294 -0.715035920705 0.0132272810793 -0.00788410197502
1.07802940684 -0.110036686854 -0.0156363982696 0.00489785545886
0.982198434644 -0.111273074462 0.0175734417637 -0.00243598046027
0.407635080958 0.771504096343 -0.0191764996698 0.000347875480408
-0.140752314454 0.956328671418 0.0205356907626 0.00146633425725
-0.272013912889 1.14252910872 -0.021712309943 -0.00307581770902
-1.36837427188 0.718851177604 0.0227495160263 0.00453032886127
-0.440556227201 0.514978182145 -0.0236786109817 -0.00586692218603
-0.578629512468 0.407018891342 0.0245228878789 0.00711413563019
-1.15303236265 0.648779202678 -0.0253000717209 -0.00829470912487
-0.579845204248 0.280371255857 0.0260239096783 0.00942742743286
0.0847991925086 1.29575100416 -0.0267052242617 -0.010528428379
0.980162680651 -0.276532562926 0.02735260936 0.0116121843579
0.508873060651 0.744545050977 -0.0279728701647 -0.0126922919665
0.651953166899 0.187996730848 0.028571255564 0.0137821651972
0.893789013394 1.09433540516 -0.0291514884673 -0.014895708922
-0.200480335647 0.8295818443 0.0297155513339 0.0160480456724
-0.0332451349787 1.20869991815 -0.0302631120259 -0.0172563788722
-0.764248613087 0.781141240845 0.030790344275 0.0185411027431
-0.353680220519 0.722570367156 -0.0312876315046 -0.0199273215981
-1.34932885688 0.188897544583 0.0317350581784 0.0214470371144
-0.727841513061 0.889504290951 -0.032093201539 -0.0231424380784
-1.23040399851 -0.0342530142059 0.0322831146141 0.0250710596276
-0.799556726138 0.291780029378 -0.0321388437987 -0.0273142361881
-1.17488880972 -0.416783064322 0.0312801959302 0.0299916458781
-0.849009996121 0.569466107232 -0.0287050672488 -0.0332878186546
-1.13690143482 -1.02131474598 0.0210425500203 0.0375039671711
-0.403002064503 -0.174593717547 0.0110065593664 -0.0431687657929
0.739115443196 -2.16882321896 0.786163859629 0.0513046593655
2.42198045044 -3.29168914851 -0.141266834388 -0.0641823695324
0.432812445406 0.117965670845 0.136424113552 0.0880672546544
1.48516317651 -0.752295105123 -0.187042679574 -0.14891272833
0.0719314965877 -0.417481701068 0.686144314888 0.653308608648
