6.71883412979 5.43264355985 0.237469813685 0.237469813685
-0.25307168976 0.79249155784 -0.0919325352849 -0.0919325352849
0.272237076406 1.20156603901 0.0533618567077 0.0533618567077
0.716637569228 0.814059663851 -0.0353594914155 -0.0353594914155
1.29649420569 1.15989376542 0.0248339714305 0.0248339714305
0.549702918169 0.185643106823 -0.0178571428571 -0.0178571428571
0.624485021827 0.748047376972 0.0128403768166 0.0128403768166
0.249203685316 0.324417494547 -0.00901815999765 -0.00901815999765
0.0527843896657 1.48963718005 0.00597575816687 0.00597575816687
-0.579553759668 0.0784228532142 -0.00346860390646 -0.00346860390646
-0.286558705659 1.03366238823 0.00134281299199 0.00134281299199
0.159826267676 0.817982081566 0.000503604017914 0.000503604017914
-0.178697311832 1.2569974884 -0.00214124370622 -0.00214124370622
0.418323964146 0.497991606673 0.0036208632263 0.0036208632263
0.470503340271 0.579632364612 -0.00498024754303 -0.00498024754303
0.708796034729 0.394972819192 0.00624848453477 0.00624848453477
1.11255545203 0.628043539186 -0.00744874186314 -0.00744874186314
0.978505808976 -0.16250410949 0.00860014832297 0.00860014832297
0.785684044094 -0.0557949140486 -0.00971912854336 -0.00971912854336
-0.0996446823777 -1.33675215295 0.0108204035538 0.0108204035538
-0.106171673389 -0.572517045154 -0.0119177949309 -0.0119177949309
-0.728807480566 -0.530788650326 0.0130249298579 0.0130249298579
0.190207613185 -1.00588222254 -0.0141559252021 -0.0141559252021
-1.09345597511 -1.02995044448 0.015326124744 0.015326124744
-0.97200498191 -0.990481997775 -0.0165529738181 -0.0165529738181
-0.0491357815228 -0.869401577786 0.0178571428571 0.0178571428571
0.783303260437 -0.274369861479 -0.0192640642416 -0.0192640642416
0.302260991342 -0.690821763531 0.0208061435195 0.0208061435195
0.61330451766 -0.320848288464 -0.0225260833515 -0.0225260833515
0.874022793206 -0.683044944072 0.0244820935313 0.0244820935313
0.313259296431 -0.991573006715 -0.0267564220454 -0.0267564220454
-0.18281429814 -1.06190801929 0.0294700238706 0.0294700238706
-0.413786898288 -0.387731777603 -0.0328092739589 -0.0328092739589
-0.570343347827 -0.541844456438 0.0370781455209 0.0370781455209
-0.873109199018 -0.537938979479 -0.0428095854145 -0.0428095854145
-1.14142869563 -0.237569880589 0.0510327823084 0.0510327823084
-0.865122399447 -0.292143323069 -0.0640284540609 -0.0640284540609
-1.11626845113 -0.513983463938 0.0880667208593 0.0880667208593
-0.935291892222 1.06086943285 -0.148921652446 -0.148921652446
-0.602808013918 -0.409123439074 0.63319103835 0.63319103835
