18.5467851687 22.2214690248 0.106678401451 0.106678401451
-1.29002397543 -1.57410417025 -0.0386198285181 -0.0386198285181
0.559355503299 -0.431556008506 0.0178365494932 0.0178365494932
-0.526505347431 -1.56934580112 -0.00767553570551 -0.00767553570551
0.521800760228 -0.42638516073 0.00159110820153 0.00159110820153
-0.52519303505 -1.58217219844 0.00250208821776 0.00250208821776
0.527366632454 -0.395069743823 -0.00547555138759 -0.00547555138759
-1.48425917119 -0.701640744787 0.00775818913588 0.00775818913588
0.847638469683 -0.46445877556 -0.00958585460569 -0.00958585460569
0.234123425642 -1.5562935414 0.0110991898635 0.0110991898635
0.336061777893 -0.435189136451 -0.0123874688029 -0.0123874688029
-0.42072353142 -1.56830490627 0.0135102877648 0.0135102877648
0.480306449102 -0.436049128336 -0.0145091551538 -0.0145091551538
-1.37216022772 -1.52783350525 0.0154140807819 0.0154140807819
-0.447826938826 0.462172383724 -0.0162475222392 -0.0162475222392
-0.511943822648 -1.54224366049 0.0170268583187 0.0170268583187
-0.901087784384 0.982859657256 -0.0177660060442 -0.0177660060442
-0.678327356461 -1.431504019 0.0184765236671 0.0184765236671
-0.239177348265 0.383267878134 -0.0191683993197 -0.0191683993197
-0.767791759056 -1.42518071186 0.0198506480202 0.0198506480202
-0.305642771269 0.584555260295 -0.0205317974483 -0.0205317974483
-1.61360683317 -0.905729581638 0.0212203202937 0.0212203202937
-0.40754151708 0.177200695224 -0.0219250606741 -0.0219250606741
-1.59003732424 0.226981118606 0.0226557009985 0.0226557009985
-0.398367644481 0.804008863908 -0.0234233233872 -0.0234233233872
-1.6407865279 0.794278789265 0.0242411386667 0.0242411386667
0.442265417773 1.30596906039 -0.0251254920612 -0.0251254920612
-1.49610993043 0.646733974433 0.026097320507 0.026097320507
0.897701233088 1.37896237384 -0.027184357638 -0.027184357638
0.123777699719 0.609100310394 0.0284246127249 0.0284246127249
0.820306882824 1.38758556231 -0.0298721081928 -0.0298721081928
0.72835541858 0.653920433678 0.0316068269117 0.0316068269117
1.3584264822 0.656979415455 -0.0337530077361 -0.0337530077361
0.602851293542 0.310805378901 0.0365153267304 0.0365153267304
1.4201499608 0.571732687212 -0.0402573720228 -0.0402573720228
0.563411435981 -0.544883228226 0.0456940932212 0.0456940932212
1.45090304707 0.53649409925 -0.0544530895758 -0.0544530895758
0.531858187121 -0.532714857753 0.0712166405387 0.0712166405387
1.50731811371 0.52940254134 -0.117232928949 -0.117232928949
-0.231476599974 -0.521646715521 0.865343171344 0.865343171344
