16.4318794935 2.98855141981 0.170671241135 0.170671241135
-0.310350553571 0.761919717101 -0.0664195490452 -0.0664195490452
-0.113004770673 1.13507644092 0.0364116612637 0.0364116612637
-1.46226947153 0.958758460236 -0.0220321765691 -0.0220321765691
-0.664277641733 0.87654029438 0.0135111817645 0.0135111817645
-1.04499639682 0.27970703265 -0.00781603967365 -0.00781603967365
-0.000485154771525 0.655041385625 0.00369747177368 0.00369747177368
-0.970641407109 0.386681495717 -0.000546336481484 -0.000546336481484
-0.0505935674145 0.581597326769 -0.0019701335544 -0.0019701335544
-0.931908497806 0.445226254357 0.00404939333283 0.00404939333283
-0.0840473343565 0.530136573577 -0.00581629175274 -0.00581629175274
-0.899878660925 0.494288730061 0.00735390687096 0.00735390687096
-0.118112949578 0.479449731419 -0.00871994260917 -0.00871994260917
-0.859205303554 0.551664254305 0.00995601446532 0.00995601446532
-0.173913765466 0.40633389545 -0.0110931920473 -0.0110931920473
-0.766277533445 0.663213097181 0.0121554624364 0.0121554624364
0.399034454074 0.95827815514 -0.0131619878464 -0.0131619878464
-1.27274314335 0.182140631727 0.0141286409156 0.0141286409156
0.624524955412 1.14931837214 -0.0150690985855 -0.0150690985855
-0.563930757783 0.949644502876 0.0159956665154 0.0159956665154
0.596139054 0.939259507897 -0.0169199461588 -0.0169199461588
0.558504083762 -0.0390823007138 0.0178534244753 0.0178534244753
1.44115235775 -0.00696639158591 -0.0188080512904 -0.0188080512904
0.564487351809 0.0478987718768 0.0197968669823 0.0197968669823
1.42888169254 -0.098722459088 -0.0208347527783 -0.0208347527783
0.578291837462 0.191450324025 0.0219394003646 0.0219394003646
1.41294617038 -0.64704814252 -0.0231326444712 -0.0231326444712
0.602448225431 -0.329405318679 0.024442387773 0.024442387773
1.33401211917 -0.810182828955 -0.0259055048771 -0.0259055048771
-0.479191208822 -1.0365346703 0.0275724106136 0.0275724106136
0.508424374312 -1.06225159571 -0.0295145698455 -0.0295145698455
-1.1040668309 -0.31139521531 0.0318374689753 0.0318374689753
-0.709202072693 0.170295557368 -0.0347043669559 -0.0347043669559
-1.31716026797 0.861293879056 0.0383830031083 0.0383830031083
-0.679272071132 -0.353130919514 -0.0433461714037 -0.0433461714037
-1.31935449717 0.983816103373 0.0505159445871 0.0505159445871
-0.647760581863 -0.0850667047415 -0.0619657881195 -0.0619657881195
-0.139505044321 1.59369505676 0.0835374926753 0.0835374926753
-0.289111165957 -1.28979119138 -0.140542709141 -0.140542709141
-0.709465518877 -1.3516992333 0.764510213178 0.764510213178
