9.0 9.0 0.0 3.08395284618e-18
1.85677811419 0.809661468099 -0.0665415328311 -0.0512947984164
0.212644532333 -0.667256610651 0.0885500946396 0.0654854967475
1.69531061132 0.55621932658 -0.0920572855682 -0.0671638034914
0.413907655225 -0.468773501759 0.0844684248864 0.0622374651096
1.46514347417 0.40308745399 -0.0700559586697 -0.0533606146381
0.661512222777 -0.368522591874 0.0522445442622 0.0422780161694
1.21251434565 0.449633354184 -0.0340399831172 -0.0303701033022
0.906392761647 0.991356354922 0.0180224238771 0.0187824884574
0.987197699347 1.02591489398 -0.00622437867836 -0.00843528207301
-1.23358113847e-16 1.0 0.0 -6.16790569236e-18
-0.0254371628899 0.962684860633 6.79867331472e-05 0.0061227688875
-0.751545903208 1.0808803769 0.0057982970798 -0.00981047251521
-0.584505578014 0.865544642548 -0.0166051911528 0.0112044720555
0.377384906216 1.2228530552 0.0306818106079 -0.0106736604121
0.0197104711583 0.409787453073 -0.0458151189167 0.00875829969108
1.58437003723 -0.0499852025649 0.0593820861977 -0.0060991304882
0.541968760146 -0.0159146609455 -0.0683773581542 0.00335856666438
1.34600963527 0.0325675137556 0.0690255734172 -0.00114172080001
0.793416653758 -0.0256288759202 -0.0545790614817 -7.49097348613e-05
1.0 1.97372982156e-16 -3.08395284618e-18 -6.16790569236e-18
0.631354477775 0.0480673709543 0.989899593498 0.00143643639137
-5.69752237802 -0.148748643851 0.218408423385 -0.00407087008485
-2.14170129853 0.798845034175 -0.124973462072 0.00751925832543
1.09611895631 1.02308583495 0.0785806740622 -0.01121387611
-0.754301024253 1.04344725163 -0.0433255347428 0.0144601958487
0.551524801153 0.9184784469 0.0150656828221 -0.0165079463602
-0.395373330615 1.09958331011 0.00550820479955 0.0166289190243
0.25748018957 0.903976213933 -0.0164752126129 -0.0141931645695
-0.126959960182 1.06566568048 0.0155363343746 0.00873494383417
0.0 1.0 6.16790569236e-17 -1.23358113847e-17
0.123132152457 0.884602586447 -0.0342513098373 -0.0120340513397
-0.238546177498 1.30818413241 0.0969771664202 0.0271733037616
0.336397037514 0.363161552159 -0.225684638999 -0.0450732516507
-0.385781098245 2.06487688011 0.805398797177 0.0653874300094
0.135888323614 -5.89481941587 0.562576049906 -0.0880998556212
-1.86550256024 -8.21823847574 -0.111943192384 0.114429954317
-0.150632670252 2.76395529519 -0.0323922289151 -0.150368308578
-1.80178091386 -1.73584489376 0.17248107283 0.233492242324
1.04676557031 1.27539030739 1.00800154049 0.983606673679
