21.0 5.0 4.20084387696e-17 4.20084387696e-17
0.744411947022 0.538171627483 -0.0387739529946 -0.0387739529946
-2.70393923805 -1.54193203346 0.0512034122389 0.0512034122389
0.644481776406 1.12681425547 -0.0557108302197 -0.0557108302197
-2.56336475447 -0.0127980234365 0.0562728570465 0.0562728570465
0.461182373656 0.727029583825 -0.0543227039723 -0.0543227039723
-2.33996252502 0.998948671413 0.050565236266 0.050565236266
0.20272557529 1.06535148514 -0.0454420084493 -0.0454420084493
-2.05349212042 0.915623539497 0.0392864535487 0.0392864535487
-0.102109263652 1.08402208605 -0.032384035739 -0.032384035739
-1.7462316728 0.927098760386 0.024997171394 0.024997171394
-0.361654058627 1.05509759781 -0.0173751995037 -0.0173751995037
-0.272957826257 0.966942725679 0.00975735611871 0.00975735611871
-0.952154513331 1.00850322288 -0.00237226171898 -0.00237226171898
0.0422200624456 1.01721968089 -0.00456436229954 -0.00456436229954
-0.166036126546 0.956994338042 0.0108528231536 0.0108528231536
0.28785736185 1.06793991149 -0.0163128852412 -0.0163128852412
-0.398550843099 0.908696054072 0.0207871453423 0.0207871453423
0.500309340884 1.11263472748 -0.024144110531 -0.024144110531
-0.616982640089 0.868116931159 0.0262808009946 0.0262808009946
0.9981184449 1.14984334717 -0.0271247442289 -0.0271247442289
0.647159036018 0.830435991058 0.0266352593538 0.0266352593538
1.39099856114 1.20282290158 -0.0248039550539 -0.0248039550539
0.635661569199 0.670051039916 0.0216543833936 0.0216543833936
1.30053315463 -0.035154162727 -0.0172408038475 -0.0172408038475
0.792080865023 -0.0139351271104 0.0116460144956 0.0116460144956
1.09067391895 0.0126063732812 -0.00497819442303 -0.00497819442303
1.04905090725 0.00915354837207 -0.00263333900444 -0.00263333900444
0.786580783812 -0.050450899853 0.0110436460451 0.0110436460451
1.42828981886 0.13914584604 -0.0200993350737 -0.0200993350737
-0.262627980785 -0.848671412549 0.0296481758853 0.0296481758853
0.518241891259 -1.01067273791 -0.0395528311575 -0.0395528311575
-0.6476552896 -1.03980106709 0.0497124394316 0.0497124394316
0.437190391277 -0.954762058905 -0.0601009854277 -0.0601009854277
-2.2680135387 -0.816182758892 0.0708461268973 0.0708461268973
0.344909931326 0.495399054391 -0.0824207239241 -0.0824207239241
-2.43694786722 -0.648947533721 0.0962176704529 0.0962176704529
0.511672153293 -0.628685485374 -0.116907271432 -0.116907271432
-2.53453124771 -0.188553557948 0.170159050841 0.170159050841
1.74799677703 0.314261936781 0.990779592424 0.990779592424
