15.0 6.0 0.0 0.0
9.59213111578 4.38481617255 -0.208264988505 -0.208264988505
0.0 1.0 0.0 0.0
-3.17868279979 -0.162035620641 0.120710678119 0.120710678119
2.22044604925e-17 1.0 0.0 0.0
1.86201088931 1.68514597495 -0.0815925843564 -0.0815925843564
0.0 1.0 -8.881784197e-17 -8.881784197e-17
-1.27523948287 0.533494599912 0.0585424783056 0.0585424783056
-7.1054273576e-16 1.0 0.0 0.0
0.932845146812 1.3354164258 -0.0427040342732 -0.0427040342732
0.0 1.0 0.0 0.0
-0.703038077744 0.755839789227 0.030640039407 0.030640039407
1.11022302463e-17 1.0 0.0 0.0
0.53725809012 1.17391087515 -0.0207106781187 -0.0207106781187
0.0 1.0 0.0 0.0
-0.419366911944 0.884442671453 0.012003937954 0.012003937954
3.5527136788e-16 1.0 0.0 0.0
0.367613379696 1.06395477511 -0.00393508534123 -0.00393508534123
0.0 1.0 0.0 0.0
-0.66369647752 0.984259658635 -0.00393508534123 -0.00393508534123
-1.0 1.0 0.0 0.0
-0.7370405512 0.96832063534 0.012003937954 0.012003937954
0.0 1.0 0.0 0.0
0.44686653612 1.08073036789 -0.0207106781187 -0.0207106781187
3.5527136788e-16 1.0 0.0 0.0
-0.512963434255 0.86580657 0.030640039407 0.030640039407
0.0 1.0 0.0 0.0
0.66190385358 1.19590423131 -0.0427040342732 -0.0427040342732
0.0 1.0 0.0 0.0
-0.907367980908 0.727937350329 0.0585424783056 0.0585424783056
0.0 1.0 0.0 0.0
1.55615144567 1.37430497588 -0.0815925843564 -0.0815925843564
1.0 1.0 0.0 0.0
-0.619218567945 0.471326400099 0.120710678119 0.120710678119
0.0 1.0 0.0 0.0
1.62310586139 1.8118183791 -0.208264988505 -0.208264988505
1.11022302463e-17 1.0 0.0 0.0
-3.0152680874 -0.676635179331 0.635310236809 0.635310236809
0.0 -8.881784197e-17 1.0 1.0
9.45199605312 3.54124094723 0.635310236809 0.635310236809
