6.1173937184 6.09310755438 0.124357347884 0.124357347884
0.921379790518 -1.0416786801 -0.0465496018039 -0.0465496018039
1.09645058421 0.298314748152 0.0231456066618 0.0231456066618
0.894731324372 -0.22908231571 -0.0117629979388 -0.0117629979388
1.11221881648 0.193846490438 0.00496572276495 0.00496572276495
0.879700040232 -0.163929842995 -0.000400801248046 -0.000400801248046
1.1326433396 0.119540580956 -0.00291140082762 -0.00291140082762
0.84382203792 0.0543395771998 0.00545183133335 0.00545183133335
1.21810360485 1.29298510947 -0.00748450148936 -0.00748450148936
0.325747192816 0.758027183786 0.00916663895575 0.00916663895575
0.0186776607697 1.23036861032 -0.0105979426602 -0.0105979426602
-0.896933493257 0.744975407166 0.0118449118346 0.0118449118346
-0.918409969245 0.32162246159 -0.0129538288559 -0.0129538288559
0.126831377382 0.919460863014 0.0139581330042 0.0139581330042
-0.139699188435 1.08777658825 -0.014882832681 -0.014882832681
0.616339989236 0.958929178369 0.0157472685935 0.0157472685935
1.12062095194 0.350749059805 -0.0165669188244 -0.0165669188244
0.91670902562 0.670887024725 0.0173546290927 0.0173546290927
1.09146774768 1.23810044218 -0.0181214915743 -0.0181214915743
0.717264154365 0.789490977368 0.0188775093762 0.0188775093762
-0.265679610342 1.19557446693 -0.0196321364047 -0.0196321364047
0.843252440038 0.817016102612 0.0203947569906 0.0203947569906
-0.527323252955 1.16271403521 -0.0211751580107 -0.0211751580107
-1.18438473957 -0.00700803765844 0.0219840448252 0.0219840448252
-0.895812409524 1.03705690171 -0.0228336607254 -0.0228336607254
-1.04861991927 -0.381616274789 0.0237385902642 0.0237385902642
-1.03621563099 0.405013285276 -0.0247168663876 -0.0247168663876
-0.319417288637 -1.03283504948 0.0257915733995 0.0257915733995
-0.682945654934 0.0481357231045 -0.0269932704425 -0.0269932704425
-1.15928534787 -0.30953127701 0.0283638121667 0.0283638121667
-0.931026648798 -0.615740733056 -0.0299626444076 -0.0299626444076
-0.738405068195 -0.353523239314 0.0318777083108 0.0318777083108
0.285277085537 -1.14171393391 -0.0342454716833 -0.0342454716833
-0.231413685325 -0.928232055304 0.0372904836761 0.0372904836761
0.249232786477 -1.05874022679 -0.0414109999446 -0.0414109999446
0.716420884251 -0.921493577819 0.0473884122849 0.0473884122849
-0.0168077863602 -1.15395895991 -0.0569957016241 -0.0569957016241
0.323497512613 -0.418645347005 0.0753047087293 0.0753047087293
1.33432286291 -0.551306141669 -0.125042434478 -0.125042434478
0.00516838252664 -0.415166892265 0.839300801651 0.839300801651
