12.0 9.0 -6.16790569236e-18 3.08395284618e-18
1.2658095699 1.89734756044 -0.0472005332635 -0.0512947984164
-1.09434956276 0.236099839726 0.0592180073397 0.0654854967475
0.29441106187 0.976582908376 -0.0605070881751 -0.0671638034914
-1.53358719242 -0.205975241486 0.0566220955802 0.0622374651096
1.10349794831 1.74295594778 -0.0497036008162 -0.0533606146381
-0.888128837887 0.546916627633 0.0408934950585 0.0422780161694
0.815741352236 1.09820640022 -0.0309585715122 -0.0303701033022
0.764299898314 -0.306899678808 0.0204985639975 0.0187824884574
1.13016343028 0.104562718139 -0.0100261963676 -0.00843528207301
1.0 0.0 -2.46716227694e-17 -6.16790569236e-18
0.873459525424 -0.0301228969531 0.00916245380238 0.0061227688875
1.27473650713 -0.0373054364336 -0.0170798851575 -0.00981047251521
0.0558590660113 0.691989872581 0.0234061495055 0.0112044720555
0.120951316514 1.097243798 -0.0278298638355 -0.0106736604121
-0.178777685424 1.01799945038 0.0300729382461 0.00875829969108
0.226352399028 0.892533269969 -0.0298862175334 -0.0060991304882
-0.377956886152 1.16644323855 0.0270398452668 0.00335856666438
-0.952590748245 0.818484956547 -0.0213043412642 -0.00114172080001
0.120436200131 1.13660057383 0.0124146046215 -7.49097348613e-05
3.94745964311e-16 1.0 -2.46716227694e-17 -6.16790569236e-18
-1.01611673227 -0.126742048934 -0.0165598858744 0.00143643639137
-0.129304900282 1.11039455515 0.0384633780578 -0.00407087008485
-0.599611894699 0.549866711764 -0.0683472861447 0.00751925832543
-0.810239311433 1.79986058226 0.113074155067 -0.01121387611
0.620958996202 -0.210915596852 -0.196532973949 0.0144601958487
-0.751699744607 2.68135336663 0.487582036562 -0.0165079463602
1.41109644216 -4.17000685511 0.874826490143 0.0166289190243
3.81575317085 -10.3129842255 -0.169537695434 -0.0141931645695
-0.408388035563 -0.162610592748 0.0550490132871 0.00873494383417
8.63506796931e-17 -1.0 -2.77555756156e-17 -1.23358113847e-17
0.176204637345 -1.23504546499 -0.0362739700143 -0.0120340513397
0.434990313943 -0.757399374542 0.0638451729785 0.0271733037616
1.10888654473 -1.11174028381 -0.0864628057214 -0.0450732516507
-1.21215299209 -1.14307976131 0.1060679469 0.0653874300094
1.73510256832 -0.245619854379 -0.124300560422 -0.0880998556212
-0.447566928528 -0.563077094704 0.143770378464 0.114429954317
1.09304991609 -0.695472388423 -0.171694099176 -0.150368308578
-1.26190783198 -1.52283284984 0.246713884331 0.233492242324
1.33172953066 0.939053933458 0.977707187676 0.983606673679
