15.0 7.0 2.16201325848e-16 2.16201325848e-16
10.1503884444 5.22977142572 -0.217285719563 -0.217285719563
0.807618503236 1.34177305467 -0.0259835809839 -0.0259835809839
-3.39876497537 -0.446478179982 0.131120357848 0.131120357848
-0.824075560826 0.648956675932 0.0352538503838 0.0352538503838
2.00880685769 1.85421044661 -0.0918272163877 -0.0918272163877
0.840104558334 1.35598477278 -0.0401952990971 -0.0401952990971
-1.38430008258 0.41624017347 0.0684382411206 0.0684382411206
-0.856809436808 0.640817579963 0.0433929463529 0.0433929463529
1.01372542429 1.42200629993 -0.0522643316833 -0.0522643316833
0.875492352251 1.36151805393 -0.045728580249 -0.045728580249
-0.756844099973 0.690402045806 0.0398882640476 0.0398882640476
-0.898153549592 0.636620891786 0.0475896345297 0.0475896345297
0.55890088096 1.22318117034 -0.0296651319808 -0.0296651319808
0.928647480026 1.36496745806 -0.0491779843751 -0.0491779843751
-0.393218610519 0.848522492382 0.0206732247631 0.0206732247631
-0.976421129638 0.633595516558 0.0506150097582 0.0506150097582
0.243594413399 1.08813134258 -0.0123169976045 -0.0123169976045
1.07468884833 1.36777484712 -0.051985373439 -0.051985373439
-0.09349311633 0.97100179572 0.00414503370385 0.00414503370385
-1.5045292827 0.630851195647 0.053359330669 0.053359330669
-1.06779566461 0.970891473469 0.00425535595474 0.00425535595474
0.184040562346 1.37059735971 -0.0548078860276 -0.0548078860276
0.1341275142 1.08915941797 -0.0133450729976 -0.0133450729976
-0.691394391962 0.627792223017 0.0564183032986 0.0564183032986
-0.319511791088 0.84545242168 0.0237432954652 0.0237432954652
0.83973421714 1.37410726012 -0.0583177864349 -0.0583177864349
0.565160660062 1.22993925706 -0.0364232186977 -0.0364232186977
-1.07613247161 0.623489464951 0.060721061365 0.060721061365
-1.53478098584 0.677142458731 0.0531478511229 0.0531478511229
-0.168682542234 1.37983633529 -0.0640468616055 -0.0640468616055
0.532864986918 1.44738827025 -0.0776463020008 -0.0776463020008
-0.591702938288 0.614941704395 0.0692688219208 0.0692688219208
-1.06854461506 0.365019960257 0.119658454333 0.119658454333
0.692727782896 1.39513441205 -0.0793449383704 -0.0793449383704
1.73564217741 1.978113266 -0.215730035776 -0.215730035776
-0.738675975417 0.57451369512 0.109696831196 0.109696831196
-3.14267770096 -1.04422805195 0.728870229817 0.728870229817
0.76773350083 0.319885393628 0.995904080056 0.995904080056
9.90093080934 4.4072904087 0.605195297462 0.605195297462
