16.0 8.0 0.0 0.0
11.997945936 6.4976514826 -0.210762002478 -0.210762002478
3.67369358386 2.72319823949 -0.0995788526973 -0.0995788526973
-2.42442890053 -0.150819825553 0.07968779845 0.07968779845
-2.90822191387 -0.386724405499 0.106139600382 0.106139600382
0.0 1.0 -1.11022302463e-16 -1.11022302463e-16
1.88538257947 1.89201775069 -0.0754005899775 -0.0754005899775
0.983051231326 1.45938193706 -0.0397414064725 -0.0397414064725
-0.846453437485 0.612096121314 0.0339589436473 0.0339589436473
-1.19991698516 0.465964920668 0.0468595314466 0.0468595314466
-1.11022302463e-16 1.0 1.38777878078e-17 1.38777878078e-17
0.975906125649 1.38866064063 -0.0332885775378 -0.0332885775378
0.571250172016 1.20377059967 -0.0169357945521 -0.0169357945521
-0.586322390159 0.82886173194 0.0135528392455 0.0135528392455
-1.235179314 0.771228864311 0.0167641048937 0.0167641048937
-1.0 1.0 0.0 0.0
-0.441574820663 1.14223024483 -0.00703530978767 -0.00703530978767
-0.0850123703209 1.06318108896 -0.00144338409126 -0.00144338409126
0.0511031506759 0.960713867372 -0.00144338409126 -0.00144338409126
0.0887773531778 0.974288534923 -0.00703530978767 -0.00703530978767
3.33066907388e-16 1.0 -1.38777878078e-17 -1.38777878078e-17
-0.161222646822 0.950489120242 0.0167641048937 0.0167641048937
-0.130532481325 0.945717644035 0.0135528392455 0.0135528392455
0.164987629679 1.07867349942 -0.0169357945521 -0.0169357945521
0.327846063631 1.16848351258 -0.0332885775378 -0.0332885775378
-1.11022302463e-16 1.0 2.42861286637e-17 2.42861286637e-17
-0.465758429704 0.741133437758 0.0468595314466 0.0468595314466
-0.336322390159 0.808455627538 0.0339589436473 0.0339589436473
0.389614540015 1.22657621159 -0.0397414064725 -0.0397414064725
0.725906125649 1.43077265307 -0.0754005899775 -0.0754005899775
1.11022302463e-16 1.0 2.77555756156e-17 2.77555756156e-17
-0.949916985156 0.406684851733 0.106139600382 0.106139600382
-0.664817805484 0.566367266511 0.07968779845 0.07968779845
0.733051231326 1.51921938328 -0.0995788526973 -0.0995788526973
1.11596169517 2.02737916319 -0.210762002478 -0.210762002478
-1.0 1.0 2.42861286637e-17 2.42861286637e-17
-3.67764279816 -0.782799550988 0.502214745871 0.502214745871
-2.67442890053 -1.00614038076 0.935008353658 0.935008353658
3.85532921586 1.68861103314 0.935008353658 0.935008353658
12.247945936 5.78467473426 0.502214745871 0.502214745871
