16.0 26.0 0.0 0.0
0.87249100147 0.391590006227 -0.0253141048256 -0.0253141048256
-0.896518744425 -2.35766315853 0.0332659354587 0.0332659354587
0.928593927947 0.310192906229 -0.0362587720026 -0.0362587720026
-1.01131274871 -2.24838106083 0.0369108382567 0.0369108382567
1.75835018676 0.173042153469 -0.0361501990165 -0.0361501990165
-0.541324676934 -2.08567923556 0.0344217922128 0.0344217922128
1.2961531807 -0.0117748057652 -0.0319938149118 -0.0319938149118
0.0216848241806 -1.88291955606 0.0290596878669 0.0290596878669
0.246111461828 -0.227779570305 -0.0257777985526 -0.0257777985526
-0.275946778016 -1.65872555521 0.0222883367499 0.0222883367499
0.261720010866 -0.454905967109 -0.0187204813349 -0.0187204813349
-0.232735884176 -1.43396459597 0.0151951088208 0.0151951088208
0.199080297245 -0.672134840607 -0.0118252866554 -0.0118252866554
-0.165922349927 -1.22910040451 0.00871564465372 0.00871564465372
0.136756549187 -0.860424286579 -0.00596120272135 -0.00596120272135
-0.114706657474 -1.06039861975 0.00364598765306 0.00364598765306
0.104270757301 -1.00956636801 -0.00184164613246 -0.00184164613246
-0.121785253285 -0.915921846246 0.000606191786493 0.000606191786493
-0.989409154827 -0.00471303656048 1.70171802408e-05 1.70171802408e-05
-4.67462326158e-16 -1.0 1.31473779232e-17 1.31473779232e-17
-0.916331346135 -0.064379184415 -0.000669476158262 -0.000669476158262
-1.12218710856 0.0633294592741 0.00198791492502 0.00198791492502
-0.826703092252 -0.0811038023299 -0.00393652709454 -0.00393652709454
-1.24192728611 0.772490072185 0.00648210809613 0.00648210809613
-0.660967161158 1.20798043483 -0.00957838123253 -0.00957838123253
-1.50556263951 0.736261816956 0.0131678423169 0.0131678423169
0.206371023757 1.3405185569 -0.0171841694633 -0.0171841694633
-1.02996642252 0.574395444015 0.0215553218912 0.0215553218912
-0.167359250327 1.50809474345 -0.0262075748865 -0.0262075748865
-0.333119913549 0.438752890096 0.0310709939191 0.0310709939191
0.794493908585 1.37284479242 -0.0360874046928 -0.0360874046928
0.681574901379 -1.07623695637 0.0412231944778 0.0412231944778
1.47387576901 1.14274027028 -0.0464924997795 -0.0464924997795
0.42351565984 -1.36143090734 0.0520054167113 0.0520054167113
1.6578097087 0.013817320092 -0.0580856588842 -0.0580856588842
0.273368001091 -2.05578871269 0.0656228342677 0.0656228342677
1.78852397246 1.38486495514 -0.0775032922379 -0.0775032922379
0.140241497775 -1.37691381029 0.109090639409 0.109090639409
0.783536669935 1.38320098581 0.995887062876 0.995887062876
