8.0 12.0 5.55111512313e-18 -7.40148683083e-18
2.81228461152 2.98497801662 -0.161468451094 -0.127173559399
-0.119076423951 -3.9781079198 0.165564932137 0.124401693586
1.4684382403 0.621945749007 -0.0913981007785 -0.0665602650296
1.0 2.96059473233e-16 6.26523152816e-17 3.75770396523e-17
0.770901736173 -1.57567874404 0.0614970266498 0.0434109560969
1.24473099245 0.174200878381 -0.0729757519004 -0.0513288321272
0.867228743185 -0.316190948364 0.0435149051883 0.0307173166183
1.0 4.4408920985e-16 6.99481312133e-18 -5.27377144186e-19
1.06644916702 0.321383831011 -0.0307139641403 -0.022367309341
0.973859799249 -0.467828923988 0.0359244408542 0.0269928011065
0.887531186839 0.42734946773 -0.0205678507299 -0.0161993675469
-4.14483262527e-16 1.0 -7.80181444124e-17 -4.69817879821e-17
-0.179394577422 0.919745325254 0.0118596292115 0.011242421121
0.214260835369 1.12299353925 -0.0110485418584 -0.0127954678345
-0.139512233938 0.917901052888 0.00387873990542 0.00698181903222
0.0 1.0 -1.22808286919e-18 7.07554983084e-18
0.13957187439 1.0644071672 0.00387873990542 -0.00310307912681
-0.215339312708 0.920652648587 -0.0110485418584 0.0017469259761
0.182774709797 1.05026276659 0.0118596292115 0.00061720809044
3.5527136788e-16 1.0 3.51570624465e-17 4.4408920985e-17
-0.928946346693 0.941361990748 -0.0205678507299 -0.00436848318299
-0.643578059588 1.13275211108 0.0359244408542 0.0089316397477
0.303329791304 0.768335799484 -0.0307139641403 -0.00834665479935
1.0 -1.7763568394e-16 -7.75381007549e-18 4.90030742874e-18
1.11076630915 0.647721079248 0.0435149051883 0.0127975885699
0.839096365412 1.00427761912 -0.0729757519004 -0.0216469197733
1.12893616345 -0.469256337888 0.0614970266498 0.0180860705529
1.0 -2.36847578587e-16 -3.26554175576e-17 5.81245412343e-18
0.810814011999 0.51539269052 -0.0913981007785 -0.0248378357489
1.34359435263 -1.13164526055 0.165564932137 0.0411632385512
0.673012247532 -0.522668307351 -0.161468451094 -0.0342948916954
1.0 5.03301104497e-16 -3.56403529978e-18 -4.04699328455e-18
1.32201617049 -0.337543480047 0.949526624265 0.0494160065323
-4.63324096638 0.61032297356 0.549201587434 -0.0868363021565
-7.75176159482 -0.461078173736 -0.0994618918106 0.0795717495672
-1.0 1.0 1.2864184242e-17 7.02056756838e-17
0.539638658507 2.33959932853 -0.0994618918106 -0.179033641378
-3.00430758249 -2.05428433231 0.549201587434 0.636037889591
2.91592113121 3.49536505993 0.949526624265 0.900110617733
