18.0 7.0 0.0 0.0
10.8847243244 5.06283044363 -0.208264988505 -0.208264988505
-1.0 1.0 0.0 0.0
-4.42556667809 -0.400940648553 0.120710678119 0.120710678119
-4.88498130835e-16 1.0 0.0 0.0
2.3786488592 1.82656733119 -0.0815925843564 -0.0815925843564
-2.6645352591e-16 1.0 -8.881784197e-17 -8.881784197e-17
-1.51376676719 0.439898077602 0.0585424783056 0.0585424783056
0.0 1.0 0.0 0.0
0.695125908826 1.39789398945 -0.0427040342732 -0.0427040342732
-1.0 1.0 0.0 0.0
-2.0549518765 0.717070840295 0.030640039407 0.030640039407
-1.0 1.0 0.0 0.0
0.0811039988366 1.19254697661 -0.0207106781187 -0.0207106781187
-1.33226762955e-16 1.0 0.0 0.0
-0.141509661498 0.884442671453 0.012003937954 0.012003937954
3.5527136788e-16 1.0 0.0 0.0
-0.398698162285 1.04531867366 -0.00393508534123 -0.00393508534123
-1.0 1.0 0.0 0.0
-0.752391570581 1.02302860757 -0.00393508534123 -0.00393508534123
4.4408920985e-17 1.0 0.0 0.0
0.244612564463 0.905843071693 0.012003937954 0.012003937954
3.5527136788e-16 1.0 0.0 0.0
-0.399654332918 1.1743268902 -0.0207106781187 -0.0207106781187
-1.0 1.0 0.0 0.0
-1.12769631425 0.724385213762 0.030640039407 0.030640039407
-8.881784197e-17 1.0 0.0 0.0
1.02051821067 1.43480925922 -0.0427040342732 -0.0427040342732
3.99680288865e-16 1.0 0.0 0.0
-1.64140906771 0.0499230792466 0.0585424783056 0.0585424783056
-1.0 0.0 0.0 0.0
0.728246111102 0.797537217381 -0.0815925843564 -0.0815925843564
0.0 1.0 0.0 0.0
-2.00015489783 0.597998804247 0.120710678119 0.120710678119
-1.0 1.0 0.0 0.0
1.53777071205 1.8118183791 -0.208264988505 -0.208264988505
-4.4408920985e-16 1.0 0.0 0.0
-3.61625721369 -0.803307583479 0.635310236809 0.635310236809
2.22044604925e-16 8.881784197e-17 1.0 1.0
11.501305853 4.11800870574 0.635310236809 0.635310236809
