13.0 9.0 8.5401771125e-18 8.5401771125e-18
6.13649109363 3.10218090671 -0.169605100245 -0.169605100245
-1.27233744454 -2.59440267277 0.109066955459 0.109066955459
0.715433393542 -0.266461992619 0.0161585229567 0.0161585229567
2.25508536529 1.09151767036 -0.0787198808962 -0.0787198808962
0.282795452291 -0.561447755324 0.0482204386925 0.0482204386925
0.751824744199 -0.146211620136 0.0176717670585 0.0176717670585
1.63322638161 -0.126567591397 -0.0478893080953 -0.0478893080953
0.706407444324 -1.13235524777 0.0243085225261 0.0243085225261
0.846270924923 0.460024449561 0.0160433970071 0.0160433970071
0.959713736433 1.83963119117 -0.0301326910738 -0.0301326910738
-0.271102646772 0.687147249468 0.011591041095 0.011591041095
-0.287870081372 0.640459714002 0.0125710408205 0.0125710408205
0.45152820391 1.58284428134 -0.0173737661956 -0.0173737661956
-0.163173905506 0.7923337772 0.00434396354404 0.00434396354404
-0.972002494384 -0.0855070036881 0.0075815689727 0.0075815689727
-0.733283273668 0.444924281883 -0.00716123468712 -0.00716123468712
0.0578697074211 1.02129755616 0.000693701453451 0.000693701453451
0.313900784339 1.05023886652 0.00112842410666 0.00112842410666
-0.569741896839 0.955517325282 0.00145014398416 0.00145014398416
-1.0 1.0 2.98906198938e-17 2.98906198938e-17
-0.181977267726 1.06876538334 -0.00692430460087 -0.00692430460087
-0.229243635181 0.918194741039 0.00887718770546 0.00887718770546
-0.987291454922 0.979842563787 0.00224035338217 0.00224035338217
-0.460995086023 1.15193809434 -0.0169973621155 -0.0169973621155
0.0152057608923 0.863007973503 0.0153388270715 0.0153388270715
-0.848230954255 0.928597737189 0.00799351978089 0.00799351978089
-1.35938954708 1.26895289801 -0.0301338481734 -0.0301338481734
-0.738401553219 0.812879330228 0.0210248115328 0.0210248115328
-0.0407507336891 0.831807770698 0.0190042398587 0.0190042398587
-0.33814851397 1.43053124953 -0.0490925266916 -0.0490925266916
-1.09823643648 0.772449725463 0.0263041570101 0.0263041570101
-0.396938010913 0.655174259565 0.0406555123041 0.0406555123041
0.275553707702 1.68481801465 -0.0830613882464 -0.0830613882464
-1.26393088762 0.742762496709 0.032518601529 0.032518601529
-1.0101059838 0.275482998711 0.0975582986948 0.0975582986948
1.19591395635 2.24999715655 -0.186843523462 -0.186843523462
-1.34521889781 0.714661591847 0.0521849873267 0.0521849873267
-2.98875422313 -1.64544179484 0.85801768179 0.85801768179
5.88298119511 4.00195288527 0.809848807281 0.809848807281
