8.0 6.0 4.20084387696e-17 4.20084387696e-17
1.56648844209 0.443202605893 -0.0387739529946 -0.0387739529946
0.458930231574 -0.393186592108 0.0512034122389 0.0512034122389
1.50279558911 0.33511746751 -0.0557108302197 -0.0557108302197
0.545423741644 -0.267911299199 0.0562728570465 0.0562728570465
1.39835584383 0.189357566594 -0.0543227039723 -0.0543227039723
0.664091845477 -0.0929311710646 0.050565236266 0.050565236266
1.26891435636 -0.0459368803794 -0.0454420084493 -0.0454420084493
0.801213465971 0.407012517877 0.0392864535487 0.0392864535487
1.12599621322 0.853623595627 -0.032384035739 -0.032384035739
0.952887619065 -0.0395247227717 0.024997171394 0.024997171394
0.930718116764 1.21419732998 -0.0173751995037 -0.0173751995037
-0.0935117716111 0.925085140964 0.00975735611871 0.00975735611871
0.0120203833516 1.01125523312 -0.00237226171898 -0.00237226171898
0.00713245463822 1.00680489167 -0.00456436229954 -0.00456436229954
0.0502854625616 1.05047425846 0.0108528231536 0.0108528231536
-0.882488764748 0.118012617054 -0.0163128852412 -0.0163128852412
-0.310800889929 0.686229586094 0.0207871453423 0.0207871453423
-0.457285732603 0.552343291676 -0.024144110531 -0.024144110531
-0.834068712799 0.139713022886 0.0262808009946 0.0262808009946
0.432242829653 1.50609381809 -0.0271247442289 -0.0271247442289
-0.059756023821 0.607965078399 0.0266352593538 0.0266352593538
1.56726446341 1.3144066323 -0.0248039550539 -0.0248039550539
0.443795584604 0.754430108447 0.0216543833936 0.0216543833936
0.100982869131 1.17820695083 -0.0172408038475 -0.0172408038475
-0.0763858113085 0.889566034372 0.0116460144956 0.0116460144956
0.0144580108523 1.0429641059 -0.00497819442303 -0.00497819442303
-0.955353145778 1.01975360653 -0.00263333900444 -0.00263333900444
-1.14238267739 0.946383956775 0.0110436460451 0.0110436460451
-0.76902620657 0.362013251992 -0.0200993350737 -0.0200993350737
-1.31776331292 -0.453624691542 0.0296481758853 0.0296481758853
-0.596507261193 1.13157461049 -0.0395528311575 -0.0395528311575
-1.48943038106 0.188350729334 0.0497124394316 0.0497124394316
-0.419263751192 0.110940783874 -0.0601009854277 -0.0601009854277
-1.69862979235 -0.151147350628 0.0708461268973 0.0708461268973
-0.000698005129953 -0.0488955037737 -0.0824207239241 -0.0824207239241
-0.691044992897 -1.32406403928 0.0962176704529 0.0962176704529
-0.615710849589 0.661177723752 -0.116907271432 -0.116907271432
-1.44776578151 -0.571382893988 0.170159050841 0.170159050841
0.662524989755 0.526132412035 0.990779592424 0.990779592424
