19.0 6.0 0.0 0.0
0.039104382296 -0.647498781109 -0.0253141048256 -0.0253141048256
-2.03540101244 -0.486314056469 0.0332659354587 0.0332659354587
0.0389640672556 0.492084396363 -0.0362587720026 -0.0362587720026
-2.08568011704 -0.565483100466 0.0369108382567 0.0369108382567
0.779075909028 1.29588559321 -0.0361501990165 -0.0361501990165
-1.4537072823 -0.0155527928717 0.0344217922128 0.0344217922128
-0.406533558232 0.208269235223 -0.0319938149118 -0.0319938149118
-1.62089431801 -0.298378191362 0.0290596878669 0.0290596878669
-0.0495684103839 0.707034964513 -0.0257777985526 -0.0257777985526
-0.111971561088 1.0085060281 0.0222883367499 0.0222883367499
-0.250257734364 1.02453478967 -0.0187204813349 -0.0187204813349
-1.04289698158 0.981815238933 0.0151951088208 0.0151951088208
0.458314157477 0.994699154811 -0.0118252866554 -0.0118252866554
-0.339645833782 1.04962232574 0.00871564465372 0.00871564465372
0.372599903152 0.81400823176 -0.00596120272135 -0.00596120272135
1.01680787482 -0.126864417718 0.00364598765306 0.00364598765306
0.999421225632 0.0544280785226 -0.00184164613246 -0.00184164613246
1.0092825187 -0.0259778221468 0.000606191786493 0.000606191786493
0.987688829848 0.0109525103736 1.70171802408e-05 1.70171802408e-05
1.0 0.0 1.31473779232e-17 1.31473779232e-17
1.04713172384 -0.0261394003613 -0.000669476158262 -0.000669476158262
0.0352952894123 0.903069129779 0.00198791492502 0.00198791492502
0.0339219525889 1.0878290993 -0.00393652709454 -0.00393652709454
-0.0969916234118 0.895919652003 0.00648210809613 0.00648210809613
0.168938518746 1.13055918134 -0.00957838123253 -0.00957838123253
-0.2531827145 0.835525955395 0.0131678423169 0.0131678423169
0.353070827481 1.20523534914 -0.0171841694633 -0.0171841694633
-0.477199699084 0.746530690886 0.0215553218912 0.0215553218912
0.658518461412 1.31168460185 -0.0262075748865 -0.0262075748865
-1.18065508859 0.612686269881 0.0310709939191 0.0310709939191
-0.021831096384 1.50689805241 -0.0360874046928 -0.0360874046928
-0.791258815902 0.1387726098 0.0412231944778 0.0412231944778
-0.562694920629 0.622355668418 -0.0464924997795 -0.0464924997795
-1.61691820882 0.561799690883 0.0520054167113 0.0520054167113
-0.27199392179 0.197407994672 -0.0580856588842 -0.0580856588842
-1.80808295519 -0.429828632537 0.0656228342677 0.0656228342677
-0.136026241452 -0.704994397489 -0.0775032922379 -0.0775032922379
-1.88374157646 -0.206901209401 0.109090639409 0.109090639409
1.02531381921 0.293713045797 0.995887062876 0.995887062876
