14.0 8.0 6.93889390391e-18 0.0
2.59200182219 1.56069498731 -0.115660997464 -0.102859012948
-4.03012465042 -0.610912403877 0.131314560373 0.113895064445
1.31194106284 1.89868369464 -0.100122251636 -0.0857067666516
-0.782735308971 0.618520387299 0.0491826079142 0.0419933981273
0.0 1.0 -2.77555756156e-17 -1.38777878078e-17
0.531624187163 1.22767360487 -0.0327242303018 -0.0286941013192
-0.724142847975 0.699138435712 0.0433727924132 0.0392619469173
0.622105273869 1.24569343053 -0.0351983285456 -0.0334456179925
-0.343856343998 0.885342207885 0.0173000624304 0.0176607693
4.99600361081e-16 1.0 1.04083408559e-17 -1.38777878078e-17
1.00319945764 0.336419667255 -0.00952182426509 -0.012801984516
0.921735866227 -0.394361154021 0.00966403186519 0.0174194959284
1.04047493508 0.363621926808 -0.00410930831029 -0.0144154849845
1.02314081123 -0.234205495017 -0.000845244693161 0.00718920978687
1.0 0.0 5.55111512313e-17 0.0
0.145035038985 0.99434911591 0.00772817778437 -0.00403012898267
-0.0182877522704 0.851459030437 -0.0183869965277 0.00411084549591
-0.10263852817 1.20365419142 0.0246575976518 -0.00175271055308
0.139863185009 0.851667043032 -0.0194648602608 -0.00036070686957
3.88578058619e-16 1.0 0.0 -3.46944695195e-18
-1.05471530483 1.19195606666 0.0296349840124 0.00328016025086
-0.236917526672 0.644681137874 -0.0584635375295 -0.00775546406325
-0.140166001921 1.41262669154 0.0715811931052 0.0103061766742
0.209072089422 0.69739386116 -0.0549650707394 -0.00803445448003
1.11022302463e-16 1.0 -3.46944695195e-18 -5.20417042793e-18
-1.18370551928 1.47061754337 0.0954762341997 0.011758306767
0.0385835051886 -0.0246708887144 -0.237370689997 -0.0224978420236
-0.537792375936 2.439379176 0.530377764629 0.0264103082049
0.675965699279 -2.48226203229 0.916264907136 -0.0191041533913
2.0 -11.0 -3.46944695195e-17 -6.93889390391e-18
0.0205725706027 -3.52926197255 -0.0765041891867 0.0263548237615
0.989973613419 1.21814812759 0.0631869909787 -0.0507080734663
0.209379892517 -2.62819927175 -0.0244317502206 0.061275016431
0.433450435891 -0.1510870391 -0.00493721813206 -0.0469306162593
1.0 -1.0 -1.38777878078e-17 1.12757025938e-17
-0.399037546606 -1.78699426535 0.0550238261135 0.0837179274327
1.34594243375 0.381642083227 -0.175610901056 -0.214872847973
-2.35318586015 -2.58255021867 0.470521838432 0.503967456424
3.15324368689 2.2311423308 0.953029829827 0.935369060527
