17.809096332 5.9775289752 0.140885425841 0.140885425841
-1.42415064383 0.0828959120128 -0.0538003035115 -0.0538003035115
-0.587426788828 0.954575800724 0.027992846759 0.027992846759
-1.40658736135 -0.454975091153 -0.0155049531587 -0.0155049531587
-0.598445668106 0.415031545622 0.00806738530174 0.00806738530174
-1.39608587775 -0.455793129187 -0.00308071452521 -0.00308071452521
-0.610660693441 0.680874733413 -0.000533353403678 -0.000533353403678
-1.38030270875 0.281837159356 0.0033029534943 0.0033029534943
-0.632868411629 0.756273638643 -0.00551751559194 -0.00551751559194
-1.34539807529 0.187702096426 0.00734918847405 0.00734918847405
-0.699964408664 0.112522257607 -0.00890702442267 -0.00890702442267
-1.11901955338 0.911296058969 0.0102637019769 0.0102637019769
0.388722359782 1.191944877 -0.0114697687103 -0.0114697687103
0.132198334663 0.312418582785 0.0125617224591 0.0125617224591
1.5495745114 0.00154122467038 -0.013566842725 -0.013566842725
0.515194899768 -0.0636713621014 0.014506214049 0.014506214049
1.45092194833 0.0914994727846 -0.0153966995947 -0.0153966995947
0.576486670713 -0.103154831599 0.016252285216 0.016252285216
1.39263607605 0.0841583811825 -0.0170850387073 -0.0170850387073
0.655227545058 0.54936759497 0.0179058342759 0.0179058342759
1.22314928777 0.523788848054 -0.0187249403165 -0.0187249403165
-0.102101171422 0.456157845553 0.0195525406985 0.0195525406985
1.05595191598 0.510465332463 -0.0203992469357 -0.0203992469357
-0.0277873267562 0.963079254244 0.0212766568857 0.0212766568857
1.00312434783 1.12941353354 -0.0221980245161 -0.0221980245161
0.034522604518 0.806537378548 0.0231791274333 0.0231791274333
0.807808732431 1.28765641721 -0.0242394613449 -0.0242394613449
-1.14276368102 0.333556776558 0.025403968069 0.025403968069
0.107521947457 0.656494899668 -0.0267056461297 -0.0267056461297
-1.11653443666 0.322566064568 0.0281896633176 0.0281896633176
-0.66561454445 0.719493252472 -0.0299201277681 -0.0299201277681
-1.3901374797 0.187073684803 0.0319918043258 0.0319918043258
-0.583605233654 1.22814122723 -0.0345516133786 -0.0345516133786
-1.43412152779 0.338140447681 0.0378410226694 0.0378410226694
-0.547399003238 -0.0604248045994 -0.0422876442392 -0.0422876442392
-1.48696495987 0.0462604460733 0.0487287063762 0.0487287063762
-0.355979229355 -0.190488343231 -0.059057919022 -0.059057919022
-0.311553126835 -1.13345534489 0.0786636250583 0.0786636250583
0.353498861954 -0.958845772813 -0.131405960915 -0.131405960915
-0.356831130634 -0.346151707133 0.81377145957 0.81377145957
