17.0 7.0 2.16201325848e-16 2.16201325848e-16
11.7935183192 5.22977142572 -0.217285719563 -0.217285719563
0.977583441655 1.34177305467 -0.0259835809839 -0.0259835809839
-4.50022617098 -0.446478179982 0.131120357848 0.131120357848
-1.96080941957 0.648956675932 0.0352538503838 0.0352538503838
1.6613868614 1.85421044661 -0.0918272163877 -0.0918272163877
0.901216380074 1.35598477278 -0.0401952990971 -0.0401952990971
-1.75250873738 0.41624017347 0.0684382411206 0.0684382411206
-1.79223858897 0.640817579963 0.0433929463529 0.0433929463529
0.147562257216 1.42200629993 -0.0522643316833 -0.0522643316833
0.595142617098 1.36151805393 -0.045728580249 -0.045728580249
-0.609589434094 0.690402045806 0.0398882640476 0.0398882640476
-0.775783673027 0.636620891786 0.0475896345297 0.0475896345297
0.502079924312 1.22318117034 -0.0296651319808 -0.0296651319808
0.855938710133 1.36496745806 -0.0491779843751 -0.0491779843751
-0.369179509224 0.848522492382 0.0206732247631 0.0206732247631
-0.92978018524 0.633595516558 0.0506150097582 0.0506150097582
0.234614695951 1.08813134258 -0.0123169976045 -0.0123169976045
1.04503293812 1.36777484712 -0.051985373439 -0.051985373439
-0.0916848973792 0.97100179572 0.00414503370385 0.00414503370385
-1.48745095833 0.630851195647 0.053359330669 0.053359330669
-1.06686975841 0.970891473469 0.00425535595474 0.00425535595474
0.177151427622 1.37059735971 -0.0548078860276 -0.0548078860276
0.133565566106 1.08915941797 -0.0133450729976 -0.0133450729976
-0.693362542823 0.627792223017 0.0564183032986 0.0564183032986
-0.322042405991 0.84545242168 0.0237432954652 0.0237432954652
0.849879468092 1.37410726012 -0.0583177864349 -0.0583177864349
0.573820551628 1.22993925706 -0.0364232186977 -0.0364232186977
-1.09425457824 0.623489464951 0.060721061365 0.060721061365
-1.55371627909 0.677142458731 0.0531478511229 0.0531478511229
-0.142348874776 1.37983633529 -0.0640468616055 -0.0640468616055
0.568782053959 1.44738827025 -0.0776463020008 -0.0776463020008
-0.62697602087 0.614941704395 0.0692688219208 0.0692688219208
-1.13417399162 0.365019960257 0.119658454333 0.119658454333
0.738357513138 1.39513441205 -0.0793449383704 -0.0793449383704
1.86038386561 1.978113266 -0.215730035776 -0.215730035776
-0.797238769767 0.57451369512 0.109696831196 0.109696831196
-3.42025435978 -1.04422805195 0.728870229817 0.728870229817
0.844151641998 0.319885393628 0.995904080056 0.995904080056
11.0287419749 4.4072904087 0.605195297462 0.605195297462
