7.0 19.0 0.0 0.0
1.34298133359 0.943576995248 -0.0253141048256 -0.0253141048256
0.650753379314 0.0118230945399 0.0332659354587 0.0332659354587
1.34725538863 1.11263209012 -0.0362587720026 -0.0362587720026
0.659970202917 -1.00780327757 0.0369108382567 0.0369108382567
1.32906520671 0.937949899536 -0.0361501990165 -0.0361501990165
0.684410731544 -0.86954674312 0.0344217922128 0.0344217922128
1.30098150882 0.796718064132 -0.0319938149118 -0.0319938149118
0.712853826564 -0.716801389615 0.0290596878669 0.0290596878669
1.27729317601 0.624643373464 -0.0257777985526 -0.0257777985526
0.72154405674 -0.498333507486 0.0222883367499 0.0222883367499
1.313634155 0.129949645895 -0.0187204813349 -0.0187204813349
0.442927885962 -1.65569191759 0.0151951088208 0.0151951088208
0.0477494656753 -0.457594150525 -0.0118252866554 -0.0118252866554
-0.256818155999 -1.4981850485 0.00871564465372 0.00871564465372
-1.1296065738 -0.420022831316 -0.00596120272135 -0.00596120272135
-0.935871295974 -0.29875037118 0.00364598765306 0.00364598765306
-1.04257537821 -0.886356405572 -0.00184164613246 -0.00184164613246
-0.969789451764 0.0316557079944 0.000606191786493 0.000606191786493
-1.01772208246 0.0100587163176 1.70171802408e-05 1.70171802408e-05
-1.0 -9.34924652316e-17 1.31473779232e-17 1.31473779232e-17
-0.970036433168 -0.98735941515 -0.000669476158262 -0.000669476158262
-1.09844567089 -0.105779295641 0.00198791492502 0.00198791492502
-0.0473732830801 -0.688347770203 -0.00393652709454 -0.00393652709454
-0.0900353141551 -1.35482441468 0.00648210809613 0.00648210809613
0.8030412696 0.0964542937663 -0.00957838123253 -0.00957838123253
1.04174733824 -0.822250125694 0.0131678423169 0.0131678423169
1.02110590807 -1.03829006319 -0.0171841694633 -0.0171841694633
0.932785954239 -0.506787061094 0.0215553218912 0.0215553218912
1.10784764619 -0.134514684044 -0.0262075748865 -0.0262075748865
0.854054940066 -1.23391588703 0.0310709939191 0.0310709939191
1.18231525016 0.873237161158 -0.0360874046928 -0.0360874046928
0.782958266433 -0.847200079425 0.0412231944778 0.0412231944778
1.24994984615 0.869539871852 -0.0464924997795 -0.0464924997795
0.71916564193 -0.904462813184 0.0520054167113 0.0520054167113
1.30966423835 0.940728850006 -0.0580856588842 -0.0580856588842
0.663015840771 -0.973027015613 0.0656228342677 0.0656228342677
1.36537675076 0.998072629941 -0.0775032922379 -0.0775032922379
0.590034981951 -1.01327774984 0.109090639409 0.109090639409
0.31431576491 1.01576583383 0.995887062876 0.995887062876
