7.0 12.0 1.86230958969e-16 1.86230958969e-16
2.80561305014 3.46575612909 -0.117095666001 -0.117095666001
-0.551378901971 -3.3145843633 0.124673597788 0.124673597788
2.04913641603 0.787215030977 -0.0831905697179 -0.0831905697179
0.625152433808 -0.43060284505 0.0246954827946 0.0246954827946
-0.273261728501 -1.34206423331 0.0260332268769 0.0260332268769
1.2691062575 0.404862970597 -0.05304908531 -0.05304908531
0.185931856083 -0.942582691424 0.0517536905637 0.0517536905637
0.259025765386 -0.66170475168 -0.0284433661724 -0.0284433661724
1.00190325018 0.0185798950025 -0.00350038904346 -0.00350038904346
0.869134669987 -0.912316273105 0.0294315297035 0.0294315297035
1.26158846263 -0.617793922739 -0.0391125095844 -0.0391125095844
0.735992087125 0.373069752855 0.0301936517265 0.0301936517265
1.09478260054 1.03418510837 -0.00835676352864 -0.00835676352864
1.25124220839 1.02193983841 -0.0157072202943 -0.0157072202943
-0.0857843292232 1.05046668412 0.0311138641579 0.0311138641579
0.635350715386 0.651021929448 -0.0313873510294 -0.0313873510294
0.8126362893 -0.0283083923005 0.017007892689 0.017007892689
-0.0163698448133 0.927398185834 0.00505412189747 0.00505412189747
0.881681602438 1.21299395032 -0.0245356027672 -0.0245356027672
0.496035136026 0.846344796416 0.0324244237486 0.0324244237486
0.117262230854 0.924479416295 -0.0249314969372 -0.0249314969372
1.02204151227 -0.0469100995083 0.00521959159441 0.00521959159441
0.258156016158 0.631452907548 0.0178591228835 0.0178591228835
-0.25761923614 1.49112994153 -0.0335323702709 -0.0335323702709
0.167396300753 0.581825422722 0.0338502434734 0.0338502434734
-0.0593142489564 1.19206790742 -0.0174238634655 -0.0174238634655
-0.0230632447075 1.09518949857 -0.00946749559345 -0.00946749559345
0.0644685765921 0.677649817371 0.0350111207589 0.0350111207589
-0.0740595443837 1.38677431504 -0.0465526594556 -0.0465526594556
0.0667343867022 0.744333792654 0.0360949181722 0.0360949181722
-0.0156401210779 1.02027165461 -0.00444658577425 -0.00444658577425
-0.832719450155 0.441593669538 -0.0377012559539 -0.0377012559539
-0.769871915248 -0.237794373536 0.0723474118799 0.0723474118799
0.509002599801 1.94851711339 -0.0795037033267 -0.0795037033267
-0.265324538336 0.564136007467 0.0429748034991 0.0429748034991
-1.076430524 0.582338405554 0.0471950504899 0.0471950504899
-0.566622846398 2.51699204999 -0.205449889999 -0.205449889999
-1.68687349778 -1.80711753031 0.571916017471 0.571916017471
1.76012083793 3.00725780125 0.918860662701 0.918860662701
