7.40166715713 14.3445868207 0.039690470533 0.0878094067108
-0.332478256227 0.955419939364 0.0318275119455 -0.0299737243302
0.381649244205 1.02372776598 -0.0695086212422 0.0120390973011
-0.448223508039 1.03122224912 0.112386329387 -0.00322348195754
0.559174483723 0.864394324638 -0.198828111704 -0.00207029023193
-0.829304863182 1.09425354881 0.755982367603 0.00563791865112
3.485128881 -5.50260296548 0.341918319967 -0.0082327891933
1.48345788676 -1.92711892902 -0.117298361768 0.0102266236483
0.965357896243 1.04601168653 0.0585169609281 -0.011824197472
0.884089454753 -0.829412791133 -0.0301040009914 0.0131477865421
1.22615282732 0.777305038916 0.0126290621068 -0.0142750899139
0.480818358555 -0.996894087284 -0.000334101816009 0.0152580228411
-0.00363834252183 -0.515443371348 -0.00911231328074 -0.0161327714552
0.402364387073 -1.59107239121 0.0168467074125 0.0169255156343
1.41168683632 0.27397823786 -0.0234999417917 -0.0176558596291
-0.160765615697 -1.23855987964 0.0294605966991 0.0183389840367
0.217565739529 -0.574823710047 -0.034992103233 -0.0189870538115
-1.25376507728 -0.47609684241 0.0402919151718 0.0196101795032
0.545797610634 -0.747743896104 -0.0455257734834 -0.0202171052344
-0.796072671956 -1.08227407586 0.0508515966503 0.0208157301381
-0.694062365916 0.711374484364 -0.0564410733036 -0.0214135333118
-1.38923341232 -1.28501504559 0.0625057438591 0.0220179527486
-0.554981298606 0.844256366195 -0.069337012491 -0.0226367598356
-1.5074154213 -0.0202970284455 0.0773787380396 0.0232784701722
-0.381211154927 1.13703729765 -0.087377326549 -0.0239528384101
-0.721477798547 0.753528711543 0.10073600439 0.0246715016407
-0.260390340444 1.30818743756 -0.120503029591 -0.0254488679072
-0.505592577224 0.627238017266 0.154896057 0.0263034048467
0.740303397576 1.48893284385 -0.236676495495 -0.0272595910423
-1.18386469231 -0.114962667523 0.79121109275 0.0283509973236
5.23440353281 1.68699527277 0.307981584676 -0.0296253730734
1.04431507533 1.14146313138 -0.0836252617225 0.0311534737046
-0.203379637973 1.04718790521 0.0241619983209 -0.0330453170173
-0.162736807453 0.889844396181 0.00596127127027 0.0354823822929
-0.772478945031 1.14234234075 -0.0264591515506 -0.0387875907689
0.0293761954603 0.837771889931 0.043734455227 0.04359740178
0.0905700091062 1.1770907547 -0.0616284253805 -0.0513657886783
-0.158193206998 0.806614190463 0.0856016867413 0.0663005423375
0.208109921151 1.23117905885 -0.135846902579 -0.107755572169
-0.250500678497 -0.00629269610945 0.929194203961 0.891807092478
