6.99336481325 7.26664466599 0.191639191525 0.156307312843
0.714815464621 -0.612627934538 -0.0924256054056 -0.0604105981461
1.27155403396 0.523713967971 0.0621470590241 0.0324056816837
0.739759038116 -0.437084802952 -0.0469891776648 -0.0189212972355
1.25156081694 -0.353376224019 0.0376813233551 0.0109108254706
0.754959722741 -0.492142284423 -0.0312722754229 -0.00554861910269
1.24055436124 0.433348141259 0.0265180576706 0.00166667900169
0.761427992349 -0.432729027518 -0.0227991162077 0.00130576214797
1.2407937152 1.05576405005 0.01977028075 -0.00368099376193
0.747341228667 -0.0661282819161 -0.0172229396245 0.00564453632532
1.29747381209 0.0586649977983 0.015022862172 -0.00731380062431
0.350333189849 0.318039313867 -0.0130791836826 0.00876697431048
0.0561753258339 1.23870470715 0.0113276812069 -0.0100583998287
-0.868066143203 0.893585455328 -0.00972116872792 0.0112272912889
-1.09714944767 0.858884319998 0.00822367860646 -0.0123029415953
-0.58053688267 0.235771345034 -0.00680676344387 0.0133079785363
-0.390872829778 0.714422291438 0.00544703278454 -0.0142604887728
-1.21117824478 -0.271156716297 -0.00412442670307 0.0151754632604
-0.0745777721169 0.948969978814 0.00282092971652 -0.0160658279455
-0.834056634195 0.17702466432 -0.00151953557944 0.0169432213619
-0.21742915423 0.734261165922 0.000203329206488 -0.0178186246452
-0.740523483688 0.353094945493 0.0011454237723 0.0187029193609
-0.314811805706 0.526228150969 -0.00254628845313 -0.0196074345917
-0.507290818869 0.780757837211 0.00402190423078 0.0205445426997
0.753018602299 0.828716409018 -0.0055996456144 -0.0215283724717
0.803904148566 -0.284093435569 0.0073139914886 0.0225757317582
1.24040865856 0.134862773769 -0.00921009751425 -0.0237073766361
0.73666280905 0.0867926969437 0.0113494675493 0.0249498460653
1.31213136461 0.777937707509 -0.0138194531816 -0.0263382316246
0.297085793465 0.278397258961 0.0167501671577 0.0279205376272
0.0483285659722 1.22062182929 -0.0203469239784 -0.0297648541249
-0.857371487886 0.975330730108 0.0249587204429 0.0319717574586
-0.132143664616 0.686890439979 -0.0312429050966 -0.0346970396354
-1.20169425473 0.473044664927 0.0406436822282 0.0381964654162
-0.87182920151 0.326736891199 -0.0572789900247 -0.0429223091236
-1.03284319419 1.04061008162 0.101662663859 0.0497583130966
-0.252733173647 -1.29656056827 0.766439842045 -0.0606974235981
-1.96869896802 -5.51305146719 0.000851203127692 0.081381681132
-0.680788799297 1.4519973372 -0.0853955289771 -0.136516669727
-0.613792190459 -0.946990525428 0.748114594608 0.788824312958
