14.0 8.0 5.35969736026e-17 5.35969736026e-17
5.52862397928 1.86858800335 -0.141135780989 -0.141135780989
-2.06678573395 -2.55198268466 0.129841883884 0.129841883884
2.13775288124 0.828867705275 -0.0534304078756 -0.0534304078756
1.53853352002 0.379362772155 -0.0259875743926 -0.0259875743926
-0.407461000068 -0.995182068962 0.0663251854744 0.0663251854744
2.29473431053 1.03755458902 -0.0561007594754 -0.0561007594754
0.623062897543 0.880666777217 0.0131614568064 0.0131614568064
-1.33443299511 0.676624307376 0.0301699355757 0.0301699355757
0.216966756502 1.55435809735 -0.0472297991906 -0.0472297991906
-0.530447591917 0.598760969959 0.0312837744598 0.0312837744598
-1.02435932391 0.952846652878 0.00327474825967 0.00327474825967
-0.609876365531 1.55766013319 -0.0321460307856 -0.0321460307856
-1.58613050718 0.0159613080558 0.0370852084768 0.0370852084768
-0.630690482542 0.262355640168 -0.0167455062139 -0.0167455062139
0.158591704902 1.09128242872 -0.0137481176416 -0.0137481176416
-1.02230436383 0.130120772627 0.033502217209 0.033502217209
-0.541071922071 0.322488946758 -0.0296411902139 -0.0296411902139
-0.0155453033058 1.01153704005 0.00540070788472 0.00540070788472
-0.205358522681 0.937095610872 0.0224047016561 0.0224047016561
0.714027665808 1.22365486033 -0.0346860899662 -0.0346860899662
0.940026767733 0.705990139596 0.0227915511371 0.0227915511371
0.965893432934 -0.00512767463796 0.00559002709689 0.00559002709689
1.28183445643 0.655273322194 -0.0312305600455 -0.0312305600455
0.422576103995 1.15189756719 0.0359566970367 0.0359566970367
0.011876042909 0.964938402279 -0.0150452122249 -0.0150452122249
0.0557946361998 0.963632009087 -0.0187102602867 -0.0187102602867
-0.130868901113 1.12136885152 0.0423813444708 0.0423813444708
-0.00259382417197 0.726050709145 -0.0376620004492 -0.0376620004492
-1.04704097056 -0.00805942264457 0.00394540578568 0.00394540578568
-1.39220302729 0.650718395515 0.0389187602131 0.0389187602131
-0.421425553311 0.989236415641 -0.0610131988939 -0.0610131988939
-1.37465980779 -0.284750272937 0.040792314088 0.040792314088
-1.16854855214 0.767056167477 0.0188410959769 0.0188410959769
-0.250562565044 1.86919852995 -0.0865488573501 -0.0865488573501
-1.93452823869 -0.160789520434 0.11355473607 0.11355473607
-0.608461627656 0.252677359595 -0.0521374444278 -0.0521374444278
-0.124089326 0.619462263887 -0.141928876754 -0.141928876754
-3.25644425721 -1.7878760576 0.698923378313 0.698923378313
4.58869905533 2.75061888449 0.880292882129 0.880292882129
