8.47601238034 5.51206997269 0.267079151744 0.267079151744
-0.475504313112 1.09281444534 -0.101301933709 -0.101301933709
0.63749271871 0.741309945865 0.0595721531703 0.0595721531703
0.163511950354 0.472488180654 -0.0403942127617 -0.0403942127617
0.397953247003 0.936457772478 0.0292678884858 0.0292678884858
0.404646307852 0.332603420551 -0.0219276669492 -0.0219276669492
-0.11921722742 1.0677522494 0.0166666666667 0.0166666666667
-0.806527196999 0.17550714615 -0.0126679130261 -0.0126679130261
-0.176593338193 1.3792636312 0.00949087181034 0.00949087181034
-0.87392894204 0.701027134059 -0.00687667264161 -0.00687667264161
0.05601471968 1.25390151331 0.00466287960054 0.00466287960054
-0.262958438346 0.796608081616 -0.00274207774332 -0.00274207774332
0.477702803611 1.04088169507 0.00104005788533 0.00104005788533
0.306314358222 0.113958400515 0.000496442849726 0.000496442849726
0.905388502639 0.86204317363 -0.00190701080049 -0.00190701080049
0.899289130811 0.121768528993 0.00322207200394 0.00322207200394
1.19578707795 0.296703720644 -0.00446581987385 -0.00446581987385
0.395622952439 -0.72867481225 0.00565819464627 0.00565819464627
0.666894876384 -0.195668949394 -0.00681628437024 -0.00681628437024
-0.0451243971632 -1.2045932931 0.00795537211166 0.00795537211166
0.0457410195365 -0.751627183749 -0.00908977447025 -0.00908977447025
-0.00898079516844 -1.30855277119 0.0102335734564 0.0102335734564
-0.165178747338 -0.503470565573 -0.0114013230358 -0.0114013230358
-0.6272592524 -0.712275836227 0.0126088068597 0.0126088068597
0.0526709948018 -0.709192634997 -0.0138739334323 -0.0138739334323
-0.822367848181 -0.520650580993 0.0152178821383 0.0152178821383
-0.283328195806 -0.38082835989 -0.0166666666667 -0.0166666666667
-0.301681775181 -1.01176077174 0.0182533794948 0.0182533794948
0.898703958907 -0.329887873003 -0.0200215590721 -0.0200215590721
0.156983920936 -0.650106609074 0.0220304570344 0.0220304570344
1.49019548672 -0.344282203591 -0.0243636441934 -0.0243636441934
0.179401055722 -0.674617536808 0.0271437713289 0.0271437713289
0.846460452392 -0.273502888278 -0.0305593696177 -0.0305593696177
-0.194639019009 -1.12486688354 0.0349170062543 0.0349170062543
0.0895925476993 -0.746064419082 -0.0407520817339 -0.0407520817339
-1.31025700821 -0.0413411852754 0.0490930049501 0.0490930049501
-0.714438596355 -0.601166212054 -0.0622008467928 -0.0622008467928
-1.26613815401 -0.0742184100938 0.0862109156586 0.0862109156586
-0.77785468127 0.745307615322 -0.145661355304 -0.145661355304
-0.843735869852 -0.0884499809311 0.55953626471 0.55953626471
