17.0 5.0 -5.69345140833e-18 -5.69345140833e-18
-0.53869686533 1.09584936606 -0.0126987193734 -0.0126987193734
-1.4949102956 0.915669288093 0.0170394541689 0.0170394541689
0.44771134564 1.07194099616 -0.0192511077136 -0.0192511077136
-1.39284043621 0.941135393885 0.0206049999974 0.0206049999974
0.319435156938 1.04466024541 -0.021528612988 -0.021528612988
-1.21560615768 0.971531269394 0.0222061391504 0.0222061391504
0.0417697588521 1.00869835576 -0.0227300593561 -0.0227300593561
-0.109015250836 1.0180435803 0.0231519577695 0.0231519577695
0.0812566084262 0.939128344714 -0.0235029277516 -0.0235029277516
0.0281169156793 1.15687723857 0.023802875328 0.023802875328
-0.781350408137 0.133458576713 -0.0240651832856 -0.0240651832856
-0.342663029813 0.629108022861 0.0242992296542 0.0242992296542
-0.561233166904 1.15288688729 -0.0245118320896 -0.0245118320896
-0.518015514202 0.916608723534 0.0247081193806 0.0247081193806
-0.441615219503 1.03925768964 -0.0248920813543 -0.0248920813543
-0.200169413413 1.0009443667 0.0250669307312 0.0250669307312
1.08152364258 0.94974496413 -0.0252353516641 -0.0252353516641
-0.229573536474 1.13929796552 0.0253996788933 0.0253996788933
1.79051864146 0.443477521787 -0.0255620347504 -0.0255620347504
0.340196605138 -0.0723601001461 0.0257244420801 0.0257244420801
1.58332019624 -0.0431539021196 -0.0258889263018 -0.0258889263018
0.47738216607 0.17203337789 0.026057617748 0.026057617748
1.45882828824 -0.563095919813 -0.0262328654719 -0.0262328654719
0.638608010789 -0.640059190629 0.0264173759163 0.0264173759163
1.04858066645 -0.213222735429 -0.026614394861 -0.026614394861
-0.27744799981 -0.921697312279 0.0268279605161 0.0268279605161
1.47539393704 0.0759702098107 -0.0270632728502 -0.0270632728502
-0.811102361314 -1.38009261056 0.0273272560562 0.0273272560562
0.709226481097 -0.753931809751 -0.0276294519257 -0.0276294519257
-0.67544108798 -1.16848315323 0.0279835040757 0.0279835040757
0.681095623594 -0.906466498821 -0.0284097532263 -0.0284097532263
-0.782367657218 -0.942875611488 0.0289400600007 0.0289400600007
-0.403241428729 0.0902545113862 -0.0296274663537 -0.0296274663537
-0.470373683123 -1.18529561513 0.0305675057107 0.0305675057107
-0.6699741645 0.29875016964 -0.0319516796148 -0.0319516796148
-1.38779098065 -0.216832811764 0.0342288041485 0.0342288041485
-0.597375019259 0.178591271118 -0.0387566747277 -0.0387566747277
-1.39749911386 -0.154065642035 0.0524666014946 0.0524666014946
0.454313105299 0.136688935802 0.99897290848 0.99897290848
