8.5425960156 4.77668472192 0.283372421996 0.283372421996
0.134514310792 0.516211532019 -0.105527917918 -0.105527917918
0.885920217738 0.495673826927 0.0623842877344 0.0623842877344
-0.0113601806836 0.570446325205 -0.0427669641651 -0.0427669641651
0.589617990251 1.16328709709 0.0314456948404 0.0314456948404
0.167045755111 0.884276794591 -0.0240008153442 -0.0240008153442
0.101036855124 1.08053636368 0.0186764686214 0.0186764686214
-0.946202201784 0.329213613441 -0.0146360637768 -0.0146360637768
-0.899883068623 0.58928639902 0.011429921825 0.011429921825
-1.16098778111 0.666483909369 -0.00879442352765 -0.00879442352765
-0.734677324055 0.754172290688 0.00656445919794 0.00656445919794
-0.537574364476 0.227020665208 -0.00463101084157 -0.00463101084157
-0.407203148028 0.89930888913 0.0029188588441 0.0029188588441
-0.630365368799 0.891644460827 -0.00137407716367 -0.00137407716367
-0.243577183106 1.19028300424 -4.33702469516e-05 -4.33702469516e-05
0.939614012488 0.322567280172 0.00136422237089 0.00136422237089
1.09044766207 -0.004538328089 -0.00261289458297 -0.00261289458297
0.899413006265 -0.041355410997 0.00380948629831 0.00380948629831
1.11023538563 0.0629301726452 -0.00497119971104 -0.00497119971104
0.301345071168 -0.656807393606 0.0061133982249 0.0061133982249
0.993607281786 -0.045148139953 -0.0072504518885 -0.0072504518885
0.392568207633 -0.570935399911 0.0083964731024 0.0083964731024
0.465491068196 -0.568701634639 -0.0095660244962 -0.0095660244962
0.115606474954 -0.853495976156 0.0107748756084 0.0107748756084
0.651022844253 -0.373490236734 -0.012040894277 -0.012040894277
-0.371992154475 -1.36648281222 0.0133851852353 0.0133851852353
-0.284886621412 -0.0618262311099 -0.0148336406099 -0.0148336406099
-0.384175793687 -1.29788649024 0.016419162549 0.016419162549
0.550550191316 -0.514461575543 -0.0181849931504 -0.0181849931504
0.711913531017 -0.230468058574 0.0201899164464 0.0201899164464
0.60503528322 -0.448083825663 -0.0225167455654 -0.0225167455654
0.796097521028 -0.154936750635 0.0252868556944 0.0252868556944
0.153401105711 -0.890020115474 -0.0286865188195 -0.0286865188195
-0.166032172043 -1.13309686622 0.0330180279022 0.0330180279022
0.177631859734 -0.820275959705 -0.0388079619188 -0.0388079619188
-1.0449603757 -0.532697416392 0.0470642322766 0.0470642322766
-0.876833734571 -0.417127094471 -0.0599914112203 -0.0599914112203
-1.12654811641 -0.616861570729 0.0835207417882 0.0835207417882
-0.910174551946 0.166966375173 -0.140960357766 -0.140960357766
-0.748388621281 -0.17877262476 0.510983681355 0.510983681355
