17.0 4.0 6.72862439167e-18 6.72862439167e-18
2.3153928236 1.51256789024 -0.0915924040904 -0.0915924040904
-3.0228702291 0.639094256425 0.108168727803 0.108168727803
1.66044213618 1.22222753406 -0.0930047642914 -0.0930047642914
-2.18287823681 0.887190142117 0.0615938384848 0.0615938384848
0.556684212027 1.03703312636 -0.02473802562 -0.02473802562
-0.74237312804 1.01226399998 -0.00883371268776 -0.00883371268776
-1.92605348802 0.945438625332 0.0327359575025 0.0327359575025
0.701965468056 1.13071713388 -0.043532895711 -0.043532895711
-1.1481653675 0.581448860288 0.040993638597 0.040993638597
-0.4996508049 -0.0170161018943 -0.027787485742 -0.027787485742
-0.0402908102188 1.12276164547 0.00864068647186 0.00864068647186
-0.0402304392164 1.1661414241 0.0108730445906 0.0108730445906
-0.55620323038 -0.0449839418441 -0.0256471788823 -0.0256471788823
-0.975836617257 0.640185949543 0.0321783640477 0.0321783640477
0.561891721068 0.997900741382 -0.0292826634529 -0.0292826634529
-0.27164211049 1.08281724461 0.0182473481505 0.0182473481505
0.0212974469818 0.974082753795 -0.00240118236081 -0.00240118236081
-0.701264695476 0.0228801949599 -0.0137836690885 -0.0137836690885
-0.888625094141 0.642443784525 0.0258411668186 0.0258411668186
0.790969591468 1.13799780691 -0.0304408689144 -0.0304408689144
-0.640958327162 0.968318507735 0.0262325057699 0.0262325057699
0.389626405925 0.985111549663 -0.0142069965659 -0.0142069965659
1.0266447504 0.991566293569 -0.00251385840185 -0.00251385840185
0.740355597099 1.13754670042 0.0194158903943 0.0194158903943
1.43447874967 0.249647603463 -0.0316944674954 -0.0316944674954
0.526209754567 0.070324685165 0.0354696980658 0.0354696980658
1.36227259482 -0.304211359757 -0.0288352382472 -0.0288352382472
0.860826082301 -0.968769374046 0.0124941783925 0.0124941783925
0.918886693192 -0.0322290213443 0.0101752137761 0.0101752137761
0.570727350891 -0.73311766156 -0.033654482335 -0.033654482335
-0.18541360871 -0.645903161485 0.0513138542459 0.0513138542459
1.67305154386 0.0393493779983 -0.0567073208219 -0.0567073208219
-0.839232989302 -1.32715458468 0.0448211313347 0.0448211313347
0.201113710729 -0.945836148204 -0.0129083110059 -0.0129083110059
0.512073762345 -0.925464721085 -0.0395607975914 -0.0395607975914
-0.702787007088 -0.5329298334 0.112864080394 0.112864080394
3.07203814601 0.12081950337 -0.215846696917 -0.215846696917
-3.40622132743 -1.66304225575 0.43661117861 0.43661117861
3.69193078823 1.00459901151 0.950423728894 0.950423728894
