9.0 10.0 0.0 6.72862439167e-18
2.37301904633 1.96263581172 -0.114947873495 -0.0915924040904
-0.00237160244238 -1.62829651857 0.144978099748 0.108168727803
1.65447427223 1.17619539912 -0.131508969675 -0.0930047642914
0.636897109492 -0.683849479921 0.0911020636634 0.0615938384848
1.13698322992 0.237344962653 -0.0380380397936 -0.02473802562
1.05973160213 0.0612328771668 -0.0140565055742 -0.00883371268776
0.115337349823 0.475298869996 0.0537219768359 0.0327359575025
-0.0402326650401 1.53951271957 -0.0734871100617 -0.043532895711
0.0192488998215 0.549368894298 0.0710437963344 0.040993638597
-0.0111172850937 1.27841274895 -0.0493675808813 -0.027787485742
0.00334719976254 0.921387827731 0.0157205825253 0.00864068647186
0.00295882547123 0.912918058087 0.0202439894224 0.0108730445906
0.00440774082356 1.1647894788 -0.0488473683347 -0.0256471788823
-0.053145958562 0.889987190502 0.0626874760819 0.0321783640477
0.264358209627 0.808891860586 -0.0583613939843 -0.0292826634529
1.16903007538 -0.0876070450636 0.0372241496883 0.0182473481505
0.982893815707 1.03551013201 -0.00501778127037 -0.00240118236081
0.909186890248 0.370123486384 -0.0295409164796 -0.0137836690885
1.16938905379 -0.536629818452 0.0568910941932 0.0258411668186
0.794241086296 0.586129178449 -0.0689917384494 -0.0304408689144
1.18661585201 -0.520405293145 0.0613794718337 0.0262325057699
0.892190413849 0.350840387416 -0.0344480028665 -0.0142069965659
0.979444234088 1.02926666408 -0.00634844041828 -0.00251385840185
1.1725242941 0.00979077554036 0.0514190835165 0.0194158903943
0.691797178433 0.17324057779 -0.0888696448013 -0.0316944674954
1.37880478399 -0.262040696146 0.106775603002 0.0354696980658
0.665750987486 0.251611683973 -0.0951958317826 -0.0288352382472
1.13920454193 -0.145211681646 0.0468472482301 0.0124941783925
0.273931926225 -0.990707601023 0.0462202494578 0.0101752137761
-1.03252019774 -0.991897030619 -0.214143426049 -0.033654482335
2.28106896027 -0.591006867551 0.779783080181 0.0513138542459
-5.63152927955 0.0923800743795 0.700302348603 -0.0567073208219
-11.4681656998 -1.33792334821 -0.124317695425 0.0448211313347
-0.391322601664 0.159695595382 0.0115366339132 -0.0129083110059
-0.044933190235 0.385056189573 0.00334221677895 -0.0395607975914
-2.66245919197 -0.92347724602 0.0418042531375 0.112864080394
0.96035967314 1.42745078163 -0.143501981292 -0.215846696917
-2.87552538627 -1.83167369687 0.381235543477 0.43661117861
2.20521671507 2.0755934914 0.978973764253 0.950423728894
