12.0 9.0 3.86164530304e-17 3.86164530304e-17
6.94803559417 5.01802574381 -0.198041504799 -0.198041504799
-0.388158929765 -1.22416576299 0.0681897207511 0.0681897207511
-0.552456808702 -1.47035413788 0.0909083468511 0.0909083468511
2.2449660015 1.3871417375 -0.0807422950613 -0.0807422950613
1.47546767916 1.35748346389 -0.0329525226768 -0.0329525226768
-0.0372021562351 -0.112221360559 0.0751950976339 0.0751950976339
1.07206002008 0.0289521137834 -0.00538280992735 -0.00538280992735
1.78591707186 0.328848590677 -0.0597140388673 -0.0597140388673
0.60107845705 -0.106582564105 0.0304138202519 0.0304138202519
0.48649882826 0.454656654583 0.0385838050668 0.0385838050668
1.6128502725 1.51049257108 -0.04404041323 -0.04404041323
1.23682576391 1.16260109107 -0.0152413378411 -0.0152413378411
-0.022470914345 0.517844312162 0.0473270126792 0.0473270126792
0.0542839935402 1.07116970332 -0.00720096475253 -0.00720096475253
0.430779575836 1.40132258806 -0.0415230239364 -0.0415230239364
-0.374602468538 0.753482601845 0.0259641371684 0.0259641371684
-1.06551363263 0.734605264997 0.0283758940409 0.0283758940409
-0.632294318753 1.35761796929 -0.038747546624 -0.038747546624
-0.0434085809584 1.09270196355 -0.0101669245718 -0.0101669245718
0.124606911901 0.604389284502 0.0438870270074 0.0438870270074
-0.050013950134 1.09262403083 -0.0103892872952 -0.0103892872952
-0.687151340076 1.35691527146 -0.040472114299 -0.040472114299
-0.9951264415 0.735593336528 0.0303124974515 0.0303124974515
-0.261796139907 0.755115862611 0.0283916209906 0.0283916209906
0.0407399801475 1.39670290182 -0.0465364565471 -0.0465364565471
-0.920163409825 1.06975347295 -0.00828552482854 -0.00828552482854
-1.0264514462 0.534627553565 0.0560327501681 0.0560327501681
0.183665627604 1.15236727352 -0.0186230705804 -0.0186230705804
-0.0812166480523 1.44848668935 -0.0557555273777 -0.0557555273777
-1.52816269648 0.598717774333 0.0508803733576 0.0508803733576
-0.689264795204 0.675842102534 0.0420802615734 0.0420802615734
1.18936421187 1.65532405924 -0.0875788012277 -0.0875788012277
0.106145668664 1.06123637137 -0.00849564907544 -0.00849564907544
-1.76335795575 0.104226400498 0.130749638601 0.130749638601
-0.549881199639 1.41781878357 -0.0656820350471 -0.0656820350471
0.20285754195 2.12250935592 -0.19913567768 -0.19913567768
-2.42594355025 -0.485104896689 0.334401099194 0.334401099194
-1.61174871099 -0.989754327609 0.963465168577 0.963465168577
6.5189385461 4.64637745993 0.728679689665 0.728679689665
