7.77065329553 5.90264704461 0.163168430796 0.156307312843
0.671687749654 0.796112700231 -0.0672250051893 -0.0604105981461
1.35451088592 -0.170107285052 0.0405333601438 0.0324056816837
0.629542408549 0.14378409852 -0.0296303035403 -0.0189212972355
1.38478463739 -0.164758446715 0.0256497553775 0.0109108254706
0.599338970995 0.235125564881 -0.026266122232 -0.00554861910269
1.42040420735 -0.564955497234 0.0313704378281 0.00166667900169
0.553027161499 -0.453067413169 -0.0427161196068 0.00130576214797
1.48533454431 0.0400283419816 0.0659519718908 -0.00368099376193
0.456572805684 -0.74729420535 -0.121723829754 0.00564453632532
1.57451866315 -0.213311068816 0.366985083838 -0.00731380062431
-2.21070518089 1.01701794474 0.66173483463 0.00876697431048
-0.929373116516 1.59507429589 -0.209900126279 -0.0100583998287
0.0575010157545 0.760200282812 0.137500335981 0.0112272912889
-0.896637003105 1.13811219657 -0.10843659839 -0.0123029415953
-1.23352318075 0.921220644297 0.0930320289832 0.0133079785363
-0.250566319252 1.02931271976 -0.0836584283218 -0.0142604887728
-0.0810369101305 1.02442227472 0.0774756037676 0.0151754632604
1.08791660999 -0.0422403260637 -0.0731900318303 -0.0160658279455
0.823247338648 0.380149281554 0.0701328670454 0.0169432213619
1.25343045242 0.576169912342 -0.0679278493513 -0.0178186246452
0.149928836261 0.46241798132 0.0663516706323 0.0187029193609
0.0536941738464 1.23753488802 -0.0652686696633 -0.0196074345917
-0.0537794671985 0.852399728155 0.0645981527074 0.0205445426997
-0.222261245305 1.08558272368 -0.0642977707086 -0.0215283724717
-1.32331059883 0.996001084319 0.064355955225 0.0225757317582
-0.72350661289 0.234784520032 -0.064790698088 -0.0237073766361
-1.26223588647 0.0466024439971 0.0656545286611 0.0249498460653
-0.744305038953 0.894835525389 -0.0670482020397 -0.0263382316246
-1.25100660556 -0.28487792778 0.069150446142 0.0279205376272
-0.75437078544 0.211145902743 -0.0722832965153 -0.0297648541249
-1.23737351185 -0.182922729031 0.0770702298816 0.0319717574586
-0.777313411839 0.17269587046 -0.0848889350461 -0.0346970396354
-1.19280896647 -0.177987803404 0.0995765012454 0.0381964654162
-0.885596774647 0.211625916054 -0.138231537726 -0.0429223091236
-0.21881280315 -0.360804913329 0.871699877861 0.0497583130966
4.61687633886 -4.1580956275 0.0125437721394 -0.0606974235981
0.346749666627 -0.783722069139 0.054472613682 0.081381681132
1.59008772235 -1.15165143379 -0.122614469134 -0.136516669727
-0.202712636967 -0.2643091815 0.780069126794 0.788824312958
