18.0 6.0 -5.04646829375e-18 -5.04646829375e-18
9.45642510242 4.09727083082 -0.199509670662 -0.199509670662
-2.5357105925 0.494465206848 0.0454270541676 0.0454270541676
-3.29332643663 -0.00193539669163 0.101866833945 0.101866833945
1.42923171335 1.5097869194 -0.0543406757796 -0.0543406757796
0.668082544761 1.50635991697 -0.0541711305928 -0.0541711305928
-2.3348554566 0.496371373839 0.0521648946647 0.0521648946647
-0.876887503849 0.741665414413 0.0248721553135 0.0248721553135
1.52770211869 1.52788910758 -0.0444824554681 -0.0444824554681
0.228677603731 1.09494595554 -0.00625086433443 -0.00625086433443
-1.60404465433 0.103162837346 0.0340268465131 0.0340268465131
-0.869500544816 0.038987894229 -0.00449832992346 -0.00449832992346
0.12833180398 0.676535730279 -0.0228100444693 -0.0228100444693
-0.113341442384 1.0524053565 0.00889500038633 0.00889500038633
-0.146560381166 1.04227686441 0.0125317436801 0.0125317436801
-0.0181980855055 0.978201293417 -0.00820355658307 -0.00820355658307
-0.721088768533 0.984807653999 -0.00462364733503 -0.00462364733503
-1.10798953216 1.02571629283 0.00377006196405 0.00377006196405
-0.206444672994 1.01123411614 0.00020059328777 0.00020059328777
0.531825303624 0.953903846926 0.00288891863302 0.00288891863302
7.266914343e-16 1.0 5.04646829375e-18 5.04646829375e-18
-0.849932898116 1.07202743586 -0.0101025391185 -0.0101025391185
-0.951603616919 0.972709118396 0.00434314962812 0.00434314962812
-0.356934612224 0.906295909459 0.0161021399944 0.0161021399944
0.0563868080808 1.07265259661 -0.0131361159719 -0.0131361159719
-0.551106294532 1.10172565095 -0.0190702656551 -0.0190702656551
-1.29314140077 0.865466078571 0.0259233780138 0.0259233780138
-0.443957628097 0.913107702437 0.0171212215487 0.0171212215487
0.868914091287 1.20910676227 -0.0420125010951 -0.0420125010951
0.148391261564 1.03952832141 -0.00808871340077 -0.00808871340077
-1.03018176391 0.708756135422 0.0607201640529 0.0607201640529
0.17955120413 1.05281682972 -0.0112400493002 -0.0112400493002
1.23933460581 1.37572050888 -0.0819296609255 -0.0819296609255
-0.683679492819 0.787171446212 0.0478742735268 0.0478742735268
-1.43668179385 0.540337240927 0.107909187897 0.107909187897
1.52025860079 1.50320923567 -0.125928046059 -0.125928046059
1.58915919149 1.55423509543 -0.15438578406 -0.15438578406
-3.21896652335 -0.257556662806 0.435078796212 0.435078796212
-1.66965632202 -0.418240619074 0.98356478229 0.98356478229
10.5597002825 3.1214254534 0.697684673196 0.697684673196
