11.1845177754 4.17654647081 0.183193762911 0.124357347884
-1.09818119999 1.11778213721 -0.0962664493482 -0.0465496018039
0.383710970083 0.934582910388 0.0665214920884 0.0231456066618
-0.328943471629 1.03034030082 -0.050424135417 -0.0117629979388
0.303434850756 0.996207834815 0.0399436440354 0.00496572276495
-0.29200947219 0.982172926002 -0.0323887068245 -0.000400801248046
-0.636370027114 1.03645756993 0.0265726499939 -0.00291140082762
-0.0947414933768 0.946628523428 -0.0218803685922 0.00545183133335
-0.252353176385 1.06961364678 0.0179567451281 -0.00748450148936
-0.819783882268 0.91364990775 -0.0145801465344 0.00916663895575
0.424087386237 1.10545915234 0.0116036757748 -0.0105979426602
-0.289743461362 0.868651287361 -0.00892505304432 0.0118449118346
1.13256178664 1.18006009045 0.00646994384913 -0.0129538288559
-0.132154444345 0.610407944318 -0.00418213426397 0.0139581330042
1.48313269809 -0.00548987856427 0.00201741761107 -0.014882832681
0.604870118976 -0.0573816217157 6.04102480563e-05 0.0157472685935
1.34103217672 0.0833116927517 -0.00208232040071 -0.0165669188244
0.721967250692 -0.0903753384545 0.00407609187237 0.0173546290927
1.1107987606 0.0119148313055 -0.00606794038649 -0.0181214915743
-0.293856387394 -1.3673499293 0.00808395331003 0.0188775093762
-0.190624402443 -0.231863113102 -0.0101515057218 -0.0196321364047
-0.865660925989 -0.681596953385 0.0123008276598 0.0203947569906
0.563574643093 -1.03183675505 -0.0145669243498 -0.0211751580107
0.395143076652 -1.02327549162 0.0169921302579 0.0219840448252
0.358070778809 -0.983991352488 -0.0196297328311 -0.0228336607254
-0.0768931085655 -0.773855590657 0.0225493952001 0.0237385902642
1.5773629276 0.309026034811 -0.0258456737006 -0.0247168663876
0.480858051613 -0.284533158768 0.0296520694543 0.0257915733995
1.49682914183 0.313684479368 -0.0341655035122 -0.0269932704425
-0.498028444707 0.626123212788 0.0396917683743 0.0283638121667
0.583202338642 1.45329810015 -0.0467368998594 -0.0299626444076
-0.962098246447 0.135990507834 0.05621070716 0.0318777083108
-0.0823545965729 0.867900008878 -0.0699480322053 -0.0342454716833
-0.910954504287 0.0660878285916 0.0923451973386 0.0372904836761
-0.0773660642254 1.07265426599 -0.137534219645 -0.0414109999446
-0.967115165512 -0.442476242028 0.293794486439 0.0473884122849
0.202075514839 1.31386624509 0.720389010985 -0.0569957016241
0.163791826507 1.87891594105 -0.094108196982 0.0753047087293
1.46586011096 -0.488363307095 -0.0248131286461 -0.125042434478
-0.0863731142139 0.233395306747 0.765999352148 0.839300801651
