8.0 23.0 -5.69345140833e-18 -5.69345140833e-18
1.18161554236 0.572837918368 -0.0126987193734 -0.0126987193734
0.825049994635 0.389864803295 0.0170394541689 0.0170394541689
1.16571170603 0.697084598713 -0.0192511077136 -0.0192511077136
0.844599533365 -0.682145350812 0.0206049999974 0.0206049999974
1.14547019694 0.691442734499 -0.021528612988 -0.021528612988
0.859614662127 -0.716467473431 0.0222061391504 0.0222061391504
1.16476746404 0.782026827944 -0.0227300593561 -0.0227300593561
0.140709266356 -1.53371364962 0.0231519577695 0.0231519577695
-0.108407962596 -0.347602650952 -0.0235029277516 -0.0235029277516
0.211620404671 -1.7109677589 0.023802875328 0.023802875328
-0.964862626308 -0.221519577505 -0.0240651832856 -0.0240651832856
-0.159199593813 -1.90595291207 0.0242992296542 0.0242992296542
-0.7415539726 0.597955930851 -0.0245118320896 -0.0245118320896
-0.35027755019 -1.44275011779 0.0247081193806 0.0247081193806
-0.559411492485 0.31164127912 -0.0248920813543 -0.0248920813543
-0.532192454513 -1.17962728635 0.0250669307312 0.0250669307312
-0.372992732647 0.0290900757892 -0.0252353516641 -0.0252353516641
-0.727051452997 -0.819335223609 0.0253996788933 0.0253996788933
-0.164571134216 -0.772702604234 -0.0255620347504 -0.0255620347504
-0.958304950785 -1.3356541257 0.0257244420801 0.0257244420801
0.111013883441 -0.608291844014 -0.0258889263018 -0.0258889263018
-1.34688939431 -1.42985076871 0.026057617748 0.026057617748
1.08516478644 -0.535810408226 -0.0262328654719 -0.0262328654719
0.600458475965 -1.51584065968 0.0264173759163 0.0264173759163
1.39796897744 -0.261996829791 -0.026614394861 -0.026614394861
0.621090221897 -0.197124504336 0.0268279605161 0.0268279605161
1.35970060132 0.0453070360722 -0.0270632728502 -0.0270632728502
0.65755273355 -1.34037524432 0.0273272560562 0.0273272560562
1.32715520229 0.693249649263 -0.0276294519257 -0.0276294519257
0.686495227689 -0.619048952683 0.0279835040757 0.0279835040757
1.30117786273 0.595551013862 -0.0284097532263 -0.0284097532263
0.71008044251 -0.586480252535 0.0289400600007 0.0289400600007
1.27954804534 0.583243122492 -0.0296274663537 -0.0296274663537
0.730034738708 -0.582832516991 0.0305675057107 0.0305675057107
1.26119936111 0.583938838013 -0.0319516796148 -0.0319516796148
0.746443121649 -0.585880290801 0.0342288041485 0.0342288041485
1.24826711854 0.588201719818 -0.0387566747277 -0.0387566747277
0.747858881185 -0.590433099578 0.0524666014946 0.0524666014946
0.190731480515 0.591737785302 0.99897290848 0.99897290848
