19.3423317558 5.23639801668 0.166652764598 0.156307312843
-1.74863108421 -0.347827837222 -0.0681889894961 -0.0604105981461
0.115489110949 0.700174225332 0.0379118515105 0.0324056816837
-1.0541020736 0.377160956023 -0.0223781877892 -0.0189212972355
-0.68694337237 -0.134793994743 0.0124880422589 0.0109108254706
-1.22206538912 0.24411529218 -0.00537484768572 -0.00554861910269
0.26926391785 0.78086592239 -0.000161871479945 0.00166667900169
-1.79420511724 -0.275148982853 0.00471959554304 0.00130576214797
0.43105890256 0.859887986698 -0.00863345531688 -0.00368099376193
-1.53736062004 0.176192810748 0.0121093505462 0.00564453632532
-0.132164590919 1.03673883612 -0.0152837330044 -0.00731380062431
-0.900918247706 0.974121779641 0.0182534689763 0.00876697431048
-0.0965006558346 1.01584564295 -0.021092153956 -0.0100583998287
-0.144191192832 0.995181220831 0.0238598285295 0.0112272912889
1.12060496398 0.992271119686 -0.02660935997 -0.0123029415953
-0.439120005869 1.02267801849 0.0293911960467 0.0133079785363
0.409699909516 0.95818659989 -0.0322575259227 -0.0142604887728
-0.398385589832 1.06749064589 0.0352666423674 0.0151754632604
-0.545237325147 -0.0481090787789 -0.0384883381812 -0.0160658279455
-1.39196471713 0.308196083312 0.0420114973995 0.0169432213619
-0.675888580268 1.08535102281 -0.0459558304578 -0.0178186246452
-0.720072354003 0.977667114601 0.050491425564 0.0187029193609
0.478039559188 1.00853261092 -0.0558736651818 -0.0196074345917
-0.28954072763 0.8848655636 0.0625104280928 0.0205445426997
1.58353610759 -0.245277232096 -0.0711035396616 -0.0215283724717
0.466522427467 0.285959752479 0.0829828366631 0.0225757317582
1.52552368849 -1.04635926096 -0.101030553209 -0.0237073766361
0.402100956959 -0.734193280864 0.132925840739 0.0249498460653
0.370369262973 -1.47262547265 -0.20840998189 -0.0263382316246
-0.368704422833 0.199966410692 0.663666529369 0.0279205376272
0.32470125823 -3.76286434691 0.361178215777 -0.0297648541249
0.588078986142 -0.894291212008 -0.111423261541 0.0319717574586
1.10277809829 0.0842587923108 0.0502923804312 -0.0346970396354
-0.0372736259315 -0.861692454009 -0.020442459916 0.0381964654162
0.988960189769 -0.267475077677 0.000567780573708 -0.0429223091236
0.0753200389794 -0.615867098495 0.0162070162639 0.0497583130966
0.743805403985 -0.605608023713 -0.0342428359207 -0.0606974235981
-0.663768830528 -1.27450997173 0.0603062395172 0.081381681132
0.6321868527 -0.821235745217 -0.119705872069 -0.136516669727
-0.613128786715 -0.517288578851 0.775516593107 0.788824312958
