11.0 8.0 0.0 0.0
2.63871356527 2.22635760773 -0.131553114267 -0.102859012948
-2.21356941966 0.246171299674 0.153157011362 0.113895064445
1.57771572389 1.39194349619 -0.119152384644 -0.0857067666516
-0.875907310431 0.852982439753 0.0596541674273 0.0419933981273
-1.0 1.0 -1.38777878078e-17 -1.38777878078e-17
0.202915551155 1.0787746335 -0.0414960858351 -0.0286941013192
-0.463762298597 0.881534377136 0.0566814428457 0.0392619469173
0.68276724738 1.14243179081 -0.047861102977 -0.0334456179925
0.944546162552 0.828620420803 0.0248499790869 0.0176607693
1.0 -4.4408920985e-16 0.0 -1.38777878078e-17
1.06964659201 -0.0950774512799 -0.0168321134986 -0.012801984516
0.91179930545 0.188432838548 0.0215303414244 0.0174194959284
1.05781538369 -0.44764298176 -0.0161681955376 -0.0144154849845
0.985869987338 -0.986695838449 0.0068285029173 0.00718920978687
1.0 -4.4408920985e-16 0.0 0.0
0.955505715279 0.197041867049 -0.000749968731806 -0.00403012898267
1.16042130275 -0.339124948103 -0.00364461856734 0.00411084549591
0.562758017673 0.569791246928 0.0085534661211 -0.00175271055308
-0.0478048184445 0.990403552422 -0.0083951613496 -0.00036070686957
6.10622663544e-16 1.0 -1.38777878078e-17 -3.46944695195e-18
-0.0873070094258 1.08510821083 0.0150384670179 0.00328016025086
0.268714063914 0.831723544938 -0.0302533060869 -0.00775546406325
-0.609068555723 1.19724089599 0.036716484879 0.0103061766742
-0.826765741183 0.859024900257 -0.0271386078713 -0.00803445448003
-1.11022302463e-16 1.0 -1.38777878078e-17 -5.20417042793e-18
-0.849569410253 1.18860294278 0.0381131305285 0.011758306767
-0.599697632957 0.642970607015 -0.0732059154899 -0.0224978420236
0.328931848598 1.42366025026 0.0876853246359 0.0264103082049
-0.260554837402 0.682990315378 -0.0660347696506 -0.0191041533913
-1.0 1.0 -6.93889390391e-18 -6.93889390391e-18
0.487158185079 1.51190979427 0.110072751194 0.0263548237615
1.1723350167 -0.138201762339 -0.26558092144 -0.0507080734663
-1.01553825279 2.65544568032 0.565242472855 0.061275016431
0.833388465873 -2.82815217009 0.888438444268 -0.0469306162593
2.0 -13.0 0.0 1.12757025938e-17
0.758790061711 -4.20398884785 -0.0191410855154 0.0837179274327
1.50174818017 2.0727652861 -0.100977783529 -0.214872847973
-2.02296339954 -3.54659913577 0.418260689773 0.503967456424
2.52096830993 2.58955513696 0.977362458655 0.935369060527
