14.96858046 4.66503443437 0.0677191564491 0.0677191564491
-1.47482616342 -0.0561457905871 -0.0205767714385 -0.0205767714385
-0.547341005752 1.25316458717 0.00572843925721 0.00572843925721
-1.29538932345 0.765696148511 0.00161068756522 0.00161068756522
0.815859326136 1.24211252509 -0.00603075951334 -0.00603075951334
-1.22745144019 0.731755533202 0.00901506873318 0.00901506873318
0.136829523529 1.34165229486 -0.0111884543258 -0.0111884543258
-1.10900015242 0.0309229434954 0.01286002633 0.01286002633
0.0901735583082 0.8621610392 -0.014200387383 -0.014200387383
-0.316422354986 0.971859490149 0.0153115519148 0.0153115519148
0.41672332052 1.05790449966 -0.0162584164421 -0.0162584164421
-0.522817278184 0.961527634146 0.017084382077 0.017084382077
0.777267742573 0.883043175291 -0.0178197244317 -0.0178197244317
0.0608823553211 -0.00096704007965 0.0184863629584 0.0184863629584
-0.56377356612 1.38529279581 -0.0191007227477 -0.0191007227477
-0.0355190189821 0.675254681775 0.0196755312526 0.0196755312526
0.101432507727 1.31309094422 -0.0202209948535 -0.0202209948535
0.416320132586 0.677872322263 0.0207456028068 0.0207456028068
1.42462807954 1.36139533439 -0.0212567032451 -0.0212567032451
0.579804783486 -0.190411825516 0.0217609403109 0.0217609403109
1.44051044911 0.289511020176 -0.0222646109946 -0.0222646109946
0.521858305843 -0.348214159834 0.0227739839563 0.0227739839563
1.55238657072 0.438662316144 -0.0232956152925 -0.0232956152925
0.178071855379 -0.734859951626 0.0238366956316 0.0238366956316
0.707483298183 -0.310159179826 -0.0244054689377 -0.0244054689377
0.724180652164 -0.675348891353 0.0250117777799 0.0250117777799
1.44286437787 -0.340281166445 -0.0256678171606 -0.0256678171606
-0.120548464996 -0.610861120667 0.026389228818 0.026389228818
1.07068407919 -1.10113348375 -0.0271967596963 -0.0271967596963
-0.0689079475539 -0.972003226281 0.0281188830227 0.0281188830227
0.174185770389 -1.01244995421 -0.0291961290124 -0.0291961290124
-1.28572776663 -0.910817016541 0.0304886092009 0.0304886092009
-0.692599673606 -0.0274919250407 -0.0320898912846 -0.0320898912846
-1.32405132922 -1.12937043853 0.0341545265232 0.0341545265232
-0.663089869646 0.839203383377 -0.0369580053644 -0.0369580053644
-1.34659691345 0.388238324018 0.0410446328003 0.0410446328003
-0.647382227733 0.0194404166085 -0.047662439055 -0.047662439055
-1.35183811233 -0.0873183319066 0.060446073622 0.060446073622
-0.67238131527 0.113252655995 -0.0963555810701 -0.0963555810701
-0.51688140643 -0.123851361372 0.91857400033 0.91857400033
