10.0 9.0 -7.40148683083e-18 -7.40148683083e-18
3.90735969458 2.65998621721 -0.127173559399 -0.127173559399
-1.12899992438 -1.79390050354 0.124401693586 0.124401693586
2.02064537872 0.772491541991 -0.0665602650296 -0.0665602650296
1.0 1.18423789293e-16 3.75770396523e-17 3.75770396523e-17
0.388004641172 -0.242620412955 0.0434109560969 0.0434109560969
1.71189197022 -0.258235303053 -0.0513288321272 -0.0513288321272
0.576776405886 -0.937992262157 0.0307173166183 0.0307173166183
1.0 1.0 -5.27377144186e-19 -5.27377144186e-19
1.31485253436 0.644598634517 -0.022367309341 -0.022367309341
0.602079574766 -0.567219223411 0.0269928011065 0.0269928011065
1.26721045625 0.267310717122 -0.0161993675469 -0.0161993675469
1.0 -5.92118946467e-17 -4.69817879821e-17 -4.69817879821e-17
0.103340970479 0.555240582877 0.011242421121 0.011242421121
-0.0151064470367 1.39405960948 -0.0127954678345 -0.0127954678345
0.000454806265377 0.794998483782 0.00698181903222 0.00698181903222
8.881784197e-16 1.0 7.07554983084e-18 7.07554983084e-18
0.015475083243 1.11422601914 -0.00310307912681 -0.00310307912681
-0.288534516251 0.888636763994 0.0017469259761 0.0017469259761
-1.33540435484 1.04596028936 0.00061720809044 0.00061720809044
-1.0 1.0 4.4408920985e-17 4.4408920985e-17
0.10089106911 1.0170447553 -0.00436848318299 -0.00436848318299
-0.688595360002 0.929844536629 0.0089316397477 0.0089316397477
-0.90685456062 1.08482650242 -0.00834665479935 -0.00834665479935
-1.0 1.0 4.90030742874e-18 4.90030742874e-18
-1.36361875606 0.823589180043 0.0127975885699 0.0127975885699
-0.0022527295149 1.35876093473 -0.0216469197733 -0.0216469197733
-0.445267748739 0.567338944411 0.0180860705529 0.0180860705529
-1.0 -1.18423789293e-16 5.81245412343e-18 5.81245412343e-18
0.119997823626 0.898143910534 -0.0248378357489 -0.0248378357489
-0.879664394357 0.877016233353 0.0411632385512 0.0411632385512
-0.5719736628 1.18170218042 -0.0342948916954 -0.0342948916954
-7.69754630407e-16 1.0 -4.04699328455e-18 -4.04699328455e-18
-1.23011800527 0.659908129668 0.0494160065323 0.0494160065323
0.395057864569 1.61372202822 -0.0868363021565 -0.0868363021565
0.665362298677 0.44459032654 0.0795717495672 0.0795717495672
2.96059473233e-16 1.0 7.02056756838e-17 7.02056756838e-17
0.643814944753 2.02458352205 -0.179033641378 -0.179033641378
-1.70587603801 -1.44268507641 0.636037889591 0.636037889591
2.7290509812 2.62407273773 0.900110617733 0.900110617733
