5.23726027609 11.6289654483 0.207921470355 0.207921470355
0.109450260204 0.792115019438 -0.081220662091 -0.081220662091
-0.653213713197 1.26038938988 0.0462562962492 0.0462562962492
-0.232972427611 0.694650458725 -0.0297293417643 -0.0297293417643
0.0312560137665 1.38428286014 0.0200042663921 0.0200042663921
0.51170883999 0.0834898298252 -0.0135325178809 -0.0135325178809
0.447225112732 1.0370149897 0.00886630947432 0.00886630947432
0.832982946224 0.587988883337 -0.00530406383716 -0.00530406383716
1.12110139362 0.0206171313492 0.00246418344122 0.00246418344122
0.904535284403 -0.0788166646682 -0.000120976971713 -0.000120976971713
1.07652046049 0.0886025993137 -0.00186789191914 -0.00186789191914
0.939691390981 -0.0672827134704 0.00359693833325 0.00359693833325
1.04488395567 -0.0298724467468 -0.00513169147147 -0.00513169147147
0.97120441613 -0.77553745353 0.00651933372428 0.00651933372428
1.01038057792 -0.298241400988 -0.00779503700436 -0.00779503700436
1.01315002726 -0.611011678314 0.00898591432305 0.00898591432305
0.951645777477 -0.692019324013 -0.0101135908444 -0.0101135908444
1.11973221716 -0.807058478458 0.0111959488523 0.0111959488523
0.129729245728 -0.26135807368 -0.0122483681938 -0.0122483681938
0.249947710899 -1.5395042853 0.0132846585128 0.0132846585128
0.676947056822 -0.485657688665 -0.0143178108629 -0.0143178108629
-0.823875309926 -1.55231657712 0.01536065926 0.01536065926
-0.317573465485 -0.231059788362 -0.0164265252897 -0.0164265252897
-0.613578965901 -0.876792046444 0.0175299156778 0.0175299156778
-0.443791899361 -0.0223709617355 -0.0186873528327 -0.0186873528327
-0.468314927945 -1.25815460279 0.0199184447783 0.0199184447783
-0.954512073757 -0.241110167417 -0.0212473519615 -0.0212473519615
-0.462190715678 -0.865074108375 0.0227049016372 0.0227049016372
-0.518635740038 0.230281156949 -0.0243317716598 -0.0243317716598
-0.434475822575 0.619192188857 0.0261834893497 0.0261834893497
-1.1670637594 -0.154822908601 -0.0283386319951 -0.0283386319951
-0.706765338372 0.255765941017 0.0309129573574 0.0309129573574
-0.368180809153 0.648066964328 -0.0340852022365 -0.0340852022365
-1.1131899246 0.424374935615 0.0381476349365 0.0381476349365
-1.01367189982 0.360835138574 -0.0436144035451 -0.0436144035451
-0.622329714391 0.0793212958955 0.0514829855417 0.0514829855417
-0.413573337498 0.886409868319 -0.0639789813865 -0.0639789813865
-0.548343687374 0.122858824935 0.0872911553302 0.0872911553302
-0.516765995709 0.886281831811 -0.14748433512 -0.14748433512
0.0514024132695 0.0773113293145 0.695666026473 0.695666026473
