9.0 12.0 1.26882631386e-17 -9.51619735393e-18
1.18799670058 2.68868641939 -0.0793860921709 -0.065274066465
-1.78564297183 -0.649062659793 0.107261894546 0.0826840358104
0.239303633592 2.48087049147 -0.113121168374 -0.0825748769302
-0.367504564007 -0.187554452908 0.104408099026 0.0726962057638
0.508974420886 1.66626519617 -0.0852095774276 -0.0568941875269
1.04330136115 -0.798168374782 0.0590676364155 0.0379733699956
0.988748374361 0.361695357539 -0.029507008855 -0.0183199571557
1.0 1.72560378685e-15 -6.97878725381e-18 1.23777592385e-17
1.02143232533 -0.29051419107 0.0262431748725 0.015292134507
0.945231001354 0.494841705616 -0.0465263686672 -0.026318230073
1.09407384213 -0.601794212624 0.0588978549424 0.0323661409913
0.869561891162 0.609083804703 -0.0623207066791 -0.0332826241756
1.15374856018 -0.524972974158 0.0567595546422 0.0294589944742
0.846923381882 0.368839066032 -0.0431720140448 -0.0217678317245
1.11417925581 -0.17298437014 0.0234041855189 0.011455450694
1.0 -1.11656715619e-15 -8.37967709224e-19 1.00731185443e-17
-0.0622029015834 -0.751859203307 -0.0240567408858 -0.011051161029
0.953752490458 -0.664221109825 0.045641611448 0.0202489172187
0.263916937122 0.185740436872 -0.0617993266735 -0.0263982196614
0.459791360305 -1.99302902508 0.070031108152 0.028686913652
0.82129079965 -0.131314931342 -0.0685268661559 -0.0267748595667
-0.0530273907596 -1.67005258975 0.0563105896683 0.0208345562848
1.1831220033 -0.619751451438 -0.0332663160215 -0.011539283596
1.0 -1.0 -1.85783594082e-16 2.61514459426e-18
0.0134630685674 -1.4903133077 0.042558477206 0.0123426410647
0.69083728948 0.682570220388 -0.0941074616645 -0.0238602497832
0.847666159366 -1.70508808274 0.157664201468 0.0328981842676
-0.841675742176 0.330689211263 -0.250788954131 -0.0379398634276
1.14216656525 -2.69942095164 0.50853124349 0.0377563634522
-1.97479973935 3.31692611625 0.868867742462 -0.031524137368
-6.90029929704 9.64221990074 -0.0895668109718 0.0188946858527
8.12048840869e-16 1.0 -9.41186117201e-18 3.10503900083e-19
0.541826572814 0.605354186469 0.0182156637389 -0.0246276413149
-0.699334764996 1.37905733375 -0.0069032002746 0.0542664384286
0.248170311587 0.330423190737 -0.0230333424371 -0.0884819795301
-1.71352391564 -0.146684362705 0.0681048525701 0.128398834498
1.10240033788 2.15078278267 -0.132868364775 -0.181615595985
-2.37388968704 -0.501806311735 0.26698231403 0.300332236328
1.49002233021 1.44740428552 0.990924401726 0.974515804886
