16.0 5.0 5.28677630774e-18 5.28677630774e-18
9.76296726845 3.6301298999 -0.209900426338 -0.209900426338
-0.774943272157 0.784848767405 0.0246750421186 0.0246750421186
-3.25760158361 0.0833844774846 0.123225090117 0.123225090117
0.790316885088 1.22337282011 -0.0328966296333 -0.0328966296333
1.9324385123 1.54509284653 -0.0852426441716 -0.0852426441716
-0.813770065149 0.772360413659 0.0371633958653 0.0371633958653
-1.35894341273 0.626099401989 0.0630717052242 0.0630717052242
0.862739646117 1.2303591451 -0.0398829546279 -0.0398829546279
1.07464537707 1.27094552975 -0.0479265647773 -0.0479265647773
-1.05191260844 0.767674636767 0.0418491727567 0.0418491727567
-1.55673438679 0.800878936106 0.0364390285674 0.0364390285674
-0.117555318845 1.23388001606 -0.0434038255873 -0.0434038255873
0.247616020901 1.14373929131 -0.0270153316643 -0.0270153316643
-0.512788027143 0.764801499867 0.0447223096567 0.0447223096567
-0.228765381472 0.902327106439 0.0187750721565 0.0187750721565
0.563504523758 1.23638479398 -0.045908603505 -0.045908603505
0.133045135369 1.05688698807 -0.0111577006274 -0.0111577006274
-0.518576538904 0.762489715624 0.0470340938995 0.0470340938995
-0.0335978173812 0.981263598559 0.00374560014091 0.00374560014091
0.113275927246 1.23863311111 -0.0481569206341 -0.0481569206341
-1.0589820499 0.981173668357 0.0038355303434 0.0038355303434
-1.34660151222 0.760189141437 0.0493346680866 0.0493346680866
0.258311706966 1.05772481184 -0.0119955243999 -0.0119955243999
0.991661756634 1.24111298558 -0.0506367951042 -0.0506367951042
-0.396774968996 0.899826640758 0.0212755378375 0.0212755378375
-0.948394829279 0.757360846084 0.0521629634395 0.0521629634395
0.587110423634 1.14923768408 -0.0325137244376 -0.0325137244376
0.99456979585 1.24455523516 -0.0540790446853 -0.0540790446853
-0.938917762687 0.790111027838 0.0472069368354 0.0472069368354
-1.68016722231 0.752820194013 0.0567036155104 0.0567036155104
0.0264524768806 1.2914864173 -0.0684674523291 -0.0684674523291
0.536147260038 1.25123866231 -0.0607624718289 -0.0607624718289
-1.04627294851 0.584952275905 0.104218831308 0.104218831308
-0.686015241266 0.741136972669 0.0683868368544 0.0683868368544
1.71643232092 1.64261736673 -0.182767164373 -0.182767164373
0.727084263528 1.2803021127 -0.0898259222274 -0.0898259222274
-3.07662132395 -0.332341724437 0.538951292039 0.538951292039
-0.747623041602 -0.186378212503 0.995902022027 0.995902022027
9.59514477447 2.75160661263 0.66862286093 0.66862286093
