23.0 7.0 -8.22387425648e-18 -8.22387425648e-18
8.91955916151 3.07964240518 -0.163062453609 -0.163062453609
-6.42839156942 -1.57138082223 0.122204863904 0.122204863904
-0.655168130458 1.14423596324 -0.00842893207645 -0.00842893207645
2.43981052335 2.26683811285 -0.0717968643016 -0.0717968643016
-2.72849270056 -0.532011922644 0.0702116321291 0.0702116321291
-0.652130803244 0.172181230232 -0.0104514497929 -0.0104514497929
1.24758679067 1.49687279187 -0.0455751013551 -0.0455751013551
-1.89893401889 -0.0598524089646 0.0519738118648 0.0519738118648
-0.64872444573 0.164447157605 -0.0117901518191 -0.0117901518191
0.767493737673 1.24742640217 -0.0333868141792 -0.0333868141792
-1.51557628701 0.149166602324 0.0433554894708 0.0433554894708
-0.649553482924 0.152113778457 -0.0131283304518 -0.0131283304518
0.503034230513 1.10819485451 -0.0265044064867 -0.0265044064867
-1.28437383316 0.289032455916 0.0390120073249 0.0390120073249
-0.657713696493 0.128561361236 -0.0147324168314 -0.0147324168314
0.328516162282 1.01055285816 -0.0222027671105 -0.0222027671105
-1.10866470763 0.417036887611 0.0371870238939 0.0371870238939
-0.683325734433 0.0818880382543 -0.0168284157582 -0.0168284157582
0.187458709754 0.920925395142 -0.0193656435709 -0.0193656435709
-0.909308445035 0.596620562423 0.0372891730855 0.0372891730855
-0.774657699063 -0.0382143893806 -0.0197252370728 -0.0197252370728
-0.0104162767725 0.76013015242 -0.0174632395482 -0.0174632395482
-0.109117180863 1.39807636141 0.0393343028027 0.0393343028027
0.00849441372597 0.706241294054 -0.023955760235 -0.023955760235
-0.800337492608 0.000144897438303 -0.0162315243349 -0.0162315243349
-1.0193526709 0.503375155252 0.0439529861637 0.0439529861637
0.38060224118 1.03273501808 -0.030594156102 -0.030594156102
-0.685251056727 0.149528828302 -0.0155649852515 -0.0155649852515
-1.48071549121 0.0127712641942 0.052971603002 0.052971603002
0.817200754811 1.56105264776 -0.042224510549 -0.042224510549
-0.588862815077 1.20183976669 -0.0155288275536 -0.0155288275536
-2.72899064077 -0.323608409916 0.071902540729 0.071902540729
0.637305890593 0.63745559865 -0.0670583714959 -0.0670583714959
0.300000421518 1.08291435622 -0.0166739049491 -0.0166739049491
-2.67400577199 -0.224016170612 0.12541328574 0.12541328574
1.24207211044 0.723787606861 -0.152473587121 -0.152473587121
0.248559749957 1.06129435765 -0.0244230338902 -0.0244230338902
-4.54615218412 -0.793286282671 0.810555986917 0.810555986917
9.02533705191 2.39639735537 0.8352876599 0.8352876599
