13.0 10.0 -1.69798815531e-16 0.0
2.20961251878 2.38600497712 -0.0994143564026 -0.0773510129099
-2.64066480293 -0.151048847099 0.128326314802 0.0933900615642
0.848913550364 1.90590673676 -0.124206843499 -0.0853615328236
-0.828754022818 0.33913776343 0.0997700476873 0.0649691986795
0.642508466852 1.42543919484 -0.0639930274541 -0.0394553283386
0.912201590514 0.797763507645 0.02473068679 0.0143802258003
0.954788436103 -0.0180103425342 0.0112945022445 0.00615161852257
1.14609223631 0.117993787291 -0.0389602548255 -0.0196823665576
0.821040925289 -0.187487880506 0.055119608672 0.0254895289727
1.14823898559 0.199899625622 -0.0587042676518 -0.0244232188356
0.931125194104 -0.146191284498 0.0505281090671 0.018490381429
0.940371824433 0.00761302304082 -0.0328516221961 -0.010267146141
-0.0631158960155 -1.0826201322 0.00882110126716 0.00226456617359
-0.118075589628 -1.13906616184 0.018082135815 0.00361792790843
0.90595337343 -0.68177543695 -0.0444519367929 -0.00644016670282
0.572886972168 -1.45781146325 0.0671102331146 0.00630683663085
-0.393746387116 -0.46703417371 -0.0828597600557 -0.00418916393371
0.471941738974 -1.51207534504 0.0874422561773 0.00154118202894
0.956982309406 -0.644553279722 -0.0717790796475 0.000185079310501
1.0 -1.0 5.87765130684e-17 1.63268091857e-18
0.541004142263 -1.09929713936 0.953017316154 -0.00230499342272
-3.32416531766 6.85051098119 0.390386540369 0.00606257038076
-2.8975952214 5.04186769218 -0.235680289906 -0.0098859819914
0.0214860886508 -0.529971992872 0.163566666024 0.0120433499686
-0.145946537834 1.7120962322 -0.102022817829 -0.0109624218013
0.0400677666731 0.768879325801 0.0408460564893 0.0057443539056
0.0063348723914 0.902176828767 0.0201440902261 0.00344126131754
0.0577538265362 1.36341661518 -0.0774617046991 -0.015184560309
-0.674116216129 -0.0413259220982 0.125733779483 0.0269427625693
-0.792887879801 0.535495959787 -0.158591256025 -0.0354192421948
0.376347992536 1.14194844305 0.168961587166 0.0371413823859
-0.243084535708 0.886491182501 -0.147276776437 -0.0291091680116
0.0910488967885 1.05167892883 0.0650700455409 0.00934807165666
0.374812862886 0.49215571861 1.01218016286 0.0228321592718
-4.94788995129 -5.77472546184 0.221501771144 -0.0671606763483
-3.44903541535 -4.87648362272 -0.051719576803 0.124063273345
3.97757667088 1.38916061109 -0.0852068998558 -0.201444152009
-1.81859809354 -2.86937064552 0.297830240859 0.367369856683
2.32976109589 2.01027082036 0.994128982831 0.963336072061
