8.0 15.0 6.93889390391e-18 0.0
2.68986095232 3.63785210276 -0.110893467428 -0.102859012948
-0.363641877183 -2.9911186104 0.124201241119 0.113895064445
1.89489844128 1.99624089577 -0.0934622307149 -0.0857067666516
0.595481336871 -0.914141725218 0.0452735583781 0.0419933981273
1.0 -6.66133814775e-16 0.0 -1.38777878078e-17
1.24983380334 0.572626459865 -0.0290548081887 -0.0286941013192
0.670945854701 -0.754976919369 0.0375092363642 0.0392619469173
1.2714016668 0.619976852626 -0.0293347724966 -0.0334456179925
0.859297961393 -0.316725536706 0.0136306403173 0.0176607693
1.0 1.11022302463e-16 -2.77555756156e-17 -1.38777878078e-17
1.1346370398 0.252459382268 -0.00561277472909 -0.012801984516
0.405976148185 -0.75876262449 0.00300401094398 0.0174194959284
-0.266885684718 -1.09505130848 0.00300401094398 -0.0144154849845
0.275764550922 -0.912865515668 -0.00561277472909 0.00718920978687
1.0 -1.0 5.55111512313e-17 0.0
0.0987614377485 -1.25228294673 0.0136306403173 -0.00403012898267
0.548697066925 -0.00906760286225 -0.0293347724966 0.00411084549591
0.881605962269 -0.566930584306 0.0375092363642 -0.00175271055308
-0.195755599988 -0.889938408838 -0.0290548081887 -0.00036070686957
0.0 -1.0 -1.38777878078e-17 -3.46944695195e-18
-0.00644363120198 -1.4140495076 0.0452735583781 0.00328016025086
0.552588750881 0.332764605834 -0.0934622307149 -0.00775546406325
0.922608859271 -1.00797875448 0.124201241119 0.0103061766742
-0.183946022733 -0.527361113732 -0.110893467428 -0.00803445448003
1.0 -1.0 2.60208521397e-17 -5.20417042793e-18
0.928087486576 -1.73293218067 0.947127367294 0.011758306767
-3.69499678258 7.72265845607 0.481469614401 -0.0224978420236
-4.28119542548 7.6229127068 -0.188462539769 0.0264103082049
-0.105103948599 -0.214232143764 0.0646137740414 -0.0191041533913
5.55111512313e-17 1.0 -3.46944695195e-17 -6.93889390391e-18
-0.393889100165 1.28856663304 -0.0205757924978 0.0263548237615
0.711040138035 0.863215024669 0.0105669429648 -0.0507080734663
-1.02162104187 0.863710229126 0.0105669429648 0.061275016431
-0.585004086266 1.24838399942 -0.0205757924978 -0.0469306162593
0.0 1.0 -1.38777878078e-17 1.12757025938e-17
-0.383686739297 0.328203343336 0.0646137740414 0.0837179274327
0.910492104789 2.68426526858 -0.188462539769 -0.214872847973
-1.42306713067 -1.93168769134 0.481469614401 0.503967456424
1.80325750865 3.25626721449 0.947127367294 0.935369060527
