15.0 23.0 0.0 0.0
2.43297701143 3.04864547189 -0.0773510129099 -0.0773510129099
-1.39959356079 -4.5947754841 0.0933900615642 0.0933900615642
2.36953423682 1.91078239427 -0.0853615328236 -0.0853615328236
-1.46284605751 -3.08671872437 0.0649691986795 0.0649691986795
0.781368255498 0.23018698308 -0.0394553283386 -0.0394553283386
-0.218075427423 -1.44418628377 0.0143802258003 0.0143802258003
0.853429836866 -1.19198848129 0.00615161852257 0.00615161852257
0.716456482755 -0.361103003535 -0.0196823665576 -0.0196823665576
-0.892424734782 -1.91945282176 0.0254895289727 0.0254895289727
1.25136208311 0.310435629806 -0.0244232188356 -0.0244232188356
0.35630624175 -0.696106161732 0.018490381429 0.018490381429
0.0947475434036 -0.876635369896 -0.010267146141 -0.010267146141
-0.031427211825 -1.03681923187 0.00226456617359 0.00226456617359
-0.0568637806214 -1.06255954814 0.00361792790843 0.00361792790843
0.106703807868 -0.892067612572 -0.00644016670282 -0.00644016670282
-0.104116032212 -1.09034755135 0.00630683663085 0.00630683663085
0.0576070745502 -0.969647665968 -0.00418916393371 -0.00418916393371
0.013060992316 -0.964714786121 0.00154118202894 0.00154118202894
-0.0886175748001 -1.06392749825 0.000185079310501 0.000185079310501
-1.0 -1.0 1.63268091857e-18 1.63268091857e-18
-1.05676083601 -0.0396216385795 -0.00230499342272 -0.00230499342272
-0.947942951573 -0.151845974589 0.00606257038076 0.00606257038076
-1.02824818663 0.682374046718 -0.0098859819914 -0.0098859819914
-0.98855921668 0.946311363409 0.0120433499686 0.0120433499686
-1.02031856441 1.13665708525 -0.0109624218013 -0.0109624218013
-0.94987864843 0.909156093216 0.0057443539056 0.0057443539056
-0.038335704314 0.939475185925 0.00344126131754 0.00344126131754
-0.647978047879 1.28318162463 -0.015184560309 -0.015184560309
-0.904129307086 0.479031252141 0.0269427625693 0.0269427625693
0.811506031032 1.70192589039 -0.0354192421948 -0.0354192421948
-0.761036029383 0.249043558484 0.0371413823859 0.0371413823859
0.632901111794 1.60377181402 -0.0291091680116 -0.0291091680116
0.893670871857 0.792000717125 0.00934807165666 0.00934807165666
0.713181870421 -0.332072342764 0.0228321592718 0.0228321592718
1.82882366369 1.07661908638 -0.0671606763483 -0.0671606763483
-0.43303183809 -1.92237106943 0.124063273345 0.124063273345
3.03056290853 2.75384334177 -0.201444152009 -0.201444152009
-1.61256584774 -3.45568757152 0.367369856683 0.367369856683
2.52207894626 3.92273669487 0.963336072061 0.963336072061
