10.0 17.0 6.72862439167e-18 6.72862439167e-18
1.99432728516 2.59333806328 -0.0915924040904 -0.0915924040904
-1.68437207611 -4.05833097351 0.108168727803 0.108168727803
1.2449408882 1.28262739409 -0.0930047642914 -0.0930047642914
-0.749905068242 -2.39250241624 0.0615938384848 0.0615938384848
0.279684147215 -0.470971126257 -0.02473802562 -0.02473802562
0.0928908330809 -0.81873404911 -0.00883371268776 -0.00883371268776
-0.312848043254 -1.65061876988 0.0327359575025 0.0327359575025
0.339539294648 -0.153790886412 -0.043532895711 -0.043532895711
-0.0323897874356 -1.79796980273 0.040993638597 0.040993638597
1.41794975843 -0.382105119953 -0.027787485742 -0.027787485742
0.886195878857 -0.0333019185855 0.00864068647186 0.00864068647186
0.865067232711 0.816885824284 0.0108730445906 0.0108730445906
1.30848990673 0.741480636054 -0.0256471788823 -0.0256471788823
0.618451190639 -0.716423904571 0.0321783640477 0.0321783640477
1.3476413683 0.585010268185 -0.0292826634529 -0.0292826634529
0.778374527679 -0.336540080211 0.0182473481505 0.0182473481505
1.03113386059 0.0402015176338 -0.00240118236081 -0.00240118236081
1.21522033158 0.184585097875 -0.0137836690885 -0.0137836690885
0.0624778491062 0.203851715867 0.0258411668186 0.0258411668186
0.133920913318 1.7128160339 -0.0304408689144 -0.0304408689144
-0.154558896378 0.439931480148 0.0262325057699 0.0262325057699
0.0897794783632 1.28861544624 -0.0142069965659 -0.0142069965659
0.0158368955871 1.04938462755 -0.00251385840185 -0.00251385840185
-0.115456478614 0.628325547724 0.0194158903943 0.0194158903943
0.163279586833 1.59359659203 -0.0316944674954 -0.0316944674954
-0.120033170698 0.348669517697 0.0354696980658 0.0354696980658
-0.071273936373 1.51968094513 -0.0288352382472 -0.0288352382472
-1.09704333851 0.778965902643 0.0124941783925 0.0124941783925
-0.172095493188 0.823402709021 0.0101752137761 0.0101752137761
0.429115643375 1.57225591662 -0.033654482335 -0.033654482335
-0.572043877962 0.147094899663 0.0513138542459 0.0513138542459
0.579001626945 1.91806503255 -0.0567073208219 -0.0567073208219
-0.426304894169 0.297136085434 0.0448211313347 0.0448211313347
0.114677448849 1.19432775915 -0.0129083110059 -0.0129083110059
0.325302648383 1.56307349663 -0.0395607975914 -0.0395607975914
-0.836258798209 -0.475061030974 0.112864080394 0.112864080394
1.34337714808 3.42216532942 -0.215846696917 -0.215846696917
-1.76788904621 -2.35244786013 0.43661117861 0.43661117861
2.04185776875 3.40846161488 0.950423728894 0.950423728894
