13.0 5.0 -9.51619735393e-18 -9.51619735393e-18
1.81067396712 1.54957320174 -0.065274066465 -0.065274066465
-1.69444192938 0.515177776529 0.0826840358104 0.0826840358104
1.51142078367 1.39939880673 -0.0825748769302 -0.0825748769302
-1.27805712169 0.69774828023 0.0726962057638 0.0726962057638
1.02419668519 1.20235472308 -0.0568941875269 -0.0568941875269
-0.828594120922 0.890141458035 0.0379733699956 0.0379733699956
-0.738449191862 1.03666716624 -0.0183199571557 -0.0183199571557
4.31400946711e-16 1.0 1.23777592385e-17 1.23777592385e-17
-0.053483262645 1.04646278609 0.015292134507 0.015292134507
-0.595099855881 0.202425616167 -0.026318230073 -0.026318230073
-0.862323707765 0.408177661409 0.0323661409913 0.0323661409913
0.624958183654 1.33061767862 -0.0332826241756 -0.0332826241756
-0.494325865278 0.778636095395 0.0294589944742 0.0294589944742
0.344498567945 1.13387577192 -0.0217678317245 -0.0217678317245
-0.173192102923 0.942316563148 0.011455450694 0.011455450694
9.13554945977e-16 1.0 1.00731185443e-17 1.00731185443e-17
0.12663525022 1.02134643428 -0.011051161029 -0.011051161029
0.388233851706 1.04264892668 0.0202489172187 0.0202489172187
1.70734295397 0.379879209507 -0.0263982196614 -0.0263982196614
-0.121998319304 0.228531800061 0.028686913652 0.028686913652
0.6475500803 1.13019326914 -0.0267748595667 -0.0267748595667
0.852857774352 -0.455010668604 0.0208345562848 0.0208345562848
1.12139243491 0.228293534236 -0.011539283596 -0.011539283596
1.0 -2.03012210217e-16 2.61514459426e-18 2.61514459426e-18
0.839968037098 -1.13704294533 0.0123426410647 0.0123426410647
1.33012901074 0.0700747365074 -0.0238602497832 -0.0238602497832
0.508259053359 -0.861885446678 0.0328981842676 0.0328981842676
1.64515745266 -0.436381352898 -0.0379398634276 -0.0379398634276
0.0868605773798 -0.225271319081 0.0377563634522 0.0377563634522
0.490184383809 -1.14537674472 -0.031524137368 -0.031524137368
0.827880178859 -0.96978305957 0.0188946858527 0.0188946858527
1.19269673503e-15 -1.0 3.10503900083e-19 3.10503900083e-19
0.13190883917 -0.999443884748 -0.0246276413149 -0.0246276413149
-0.303610747036 -0.996842173445 0.0542664384286 0.0542664384286
0.0697238383331 -1.08344930197 -0.0884819795301 -0.0884819795301
-2.14007215758 -0.250813775317 0.128398834498 0.128398834498
0.328178421971 1.42023502793 -0.181615595985 -0.181615595985
-2.42843068736 -0.826817329767 0.300332236328 0.300332236328
1.86549731464 0.733341478451 0.974515804886 0.974515804886
