15.0781272559 4.8568378123 0.0463875480774 0.0463875480774
-1.08399774459 0.838023865274 -0.0103989467788 -0.0103989467788
0.022863394388 1.16627255975 -0.00111723372709 -0.00111723372709
-0.980615131999 0.833404899311 0.00684194917684 0.00684194917684
-0.051605991673 1.16595651807 -0.0103001946599 -0.0103001946599
-0.922224959353 0.834803861948 0.0126395740335 0.0126395740335
-0.100021530891 1.16461569111 -0.0143455484586 -0.0143455484586
-0.880435207628 0.835641327283 0.0156589352274 0.0156589352274
-0.137000452503 1.16453303475 -0.0167129040466 -0.0167129040466
-0.847887805153 0.834729157771 0.0175872028437 0.0175872028437
-0.162370303948 1.16678547764 -0.0183326223359 -0.0183326223359
-0.848032112941 0.830525314496 0.0189831627012 0.0189831627012
0.652997344555 1.17418237075 -0.0195625613459 -0.0195625613459
-0.587686343338 0.816940008404 0.0200880169573 0.0200880169573
0.586227563476 1.20359686064 -0.0205724263475 -0.0205724263475
0.556458207751 0.713242212998 0.0210257900952 0.0210257900952
1.44004106365 0.0835108209971 -0.0214561338237 -0.0214561338237
0.572017913162 -0.124772324056 0.021870138302 0.021870138302
1.41598434434 0.142593033745 -0.0222735913815 -0.0222735913815
0.594622038056 -0.157192791495 0.0226717314462 0.0226717314462
1.39659184087 0.175440896092 -0.0230695282615 -0.0230695282615
0.60982866085 -0.206834961143 0.023471934424 0.023471934424
1.3874600503 0.285619169898 -0.0238841349603 -0.0238841349603
0.607413948916 -0.957755094501 0.0243118222717 0.0243118222717
1.42510542312 -0.12969443083 -0.0247615284766 -0.0247615284766
-0.21816981752 -0.821220289703 0.0252410587255 0.0252410587255
0.307880139323 -1.06394232952 -0.0257600909297 -0.0257600909297
-0.373392908437 -0.958210127492 0.0263310471927 0.0263310471927
-0.619543072018 -1.05716570732 -0.0269704156766 -0.0269704156766
-0.316514604086 -0.829905459575 0.0277008415873 0.0277008415873
-0.93238552958 0.0827482712039 -0.0285545854569 -0.0285545854569
-1.10184582195 -0.00199687855516 0.0295795386052 0.0295795386052
-0.911907648811 -0.0994841211392 -0.030850331031 -0.030850331031
-1.04247415262 0.531894537808 0.0324904075322 0.0324904075322
-1.06773072585 0.590994379944 -0.0347202189329 -0.0347202189329
-0.319790187572 0.28905757161 0.0379764489439 0.0379764489439
-0.655019835769 1.38166526819 -0.0432642620011 -0.0432642620011
0.305175070922 0.690006236511 0.0535306571714 0.0535306571714
0.560204929698 1.30124482863 -0.0827405176714 -0.0827405176714
-0.335091487106 -0.14204030901 0.945492529128 0.945492529128
