7.2569293033 5.27839934869 0.245833145095 0.245833145095
0.899945933622 -0.356214488917 -0.0947455468692 -0.0947455468692
1.14245924359 0.414708553898 0.0552259738017 0.0552259738017
0.838897490541 -0.720501888486 -0.0368545286122 -0.0368545286122
1.16981522398 -0.140603677154 0.0261348737634 0.0261348737634
0.82861056671 -0.239690806123 -0.0190381481304 -0.0190381481304
1.16260434597 0.772685307605 0.0139394906291 0.0139394906291
0.877329081194 0.690992850501 -0.0100573056201 -0.0100573056201
0.799379999376 0.560389565316 0.00696866760932 0.00696866760932
0.20893964054 0.314911499694 -0.0044244082462 -0.0044244082462
0.804957656962 0.988939102984 0.00226786147141 0.00226786147141
0.146897079966 0.915371955761 -0.000395255485397 -0.000395255485397
0.163432620736 1.13381928683 -0.00126520376413 -0.00126520376413
-0.24017493886 0.827259268249 0.00276511106945 0.00276511106945
0.32402166591 1.21216235851 -0.00414285865431 -0.00414285865431
-0.684197452395 0.737855674407 0.00542798947056 0.00542798947056
-0.213164425068 1.3475934194 -0.00664402338207 -0.00664402338207
-1.10450382541 0.349474450837 0.00781037088693 0.00781037088693
-0.309220918156 0.827318500966 -0.00894368994093 -0.00894368994093
-0.874558716982 0.619873479112 0.0100589023247 0.0100589023247
-0.998606119646 0.632060866516 -0.0111700096904 -0.0111700096904
-1.0342046873 0.115404637847 0.0122908082015 0.0122908082015
-0.958281584802 0.43995713482 -0.0134355809901 -0.0134355809901
-1.02985108466 0.374929121213 0.0146198434597 0.0146198434597
-1.02253018478 -0.0379551519313 -0.0158612265242 -0.0158612265242
-0.484256439305 -0.493102308573 0.0171806101899 0.0171806101899
-0.670145700974 -0.486866268851 -0.018603673053 -0.018603673053
-1.20164388671 -0.532588775293 0.0201631204213 0.0201631204213
-0.237348926958 -0.457343822126 -0.0219020318993 -0.0219020318993
-0.703488047313 -0.527964061495 0.0238791056921 0.0238791056921
0.142289298692 -0.986133158992 -0.0261772408813 -0.0261772408813
0.153351029019 -1.04617750196 0.028918284583 0.028918284583
0.684739529505 -0.967715614356 -0.0322898664798 -0.0322898664798
-0.161498271243 -0.894943470707 0.0365977632658 0.0365977632658
0.964069599155 -0.207800093621 -0.0423775305172 -0.0423775305172
0.0836665543367 -1.40309196756 0.0506619303805 0.0506619303805
0.915423087864 -0.36307940346 -0.0637348139745 -0.0637348139745
0.0344536130658 -0.671608833879 0.0878531107986 0.0878531107986
1.22762708446 -0.315935382729 -0.148548755717 -0.148548755717
0.220642579615 -0.687245847303 0.613769121283 0.613769121283
