8.0 10.0 3.08395284618e-18 3.08395284618e-18
1.82538289485 1.13112826745 -0.0512947984164 -0.0512947984164
0.149917819187 -1.12932257337 0.0654854967475 0.0654854967475
1.91147073341 1.15343422836 -0.0671638034914 -0.0671638034914
-0.400995920161 -1.59669537978 0.0622374651096 0.0622374651096
0.923729365707 0.0686830197913 -0.0533606146381 -0.0533606146381
0.751970741457 -0.34319760357 0.0422780161694 0.0422780161694
1.246156985 0.298003322501 -0.0303701033022 -0.0303701033022
0.814399915438 -0.205404069389 0.0187824884574 0.0187824884574
1.10014394531 0.102498393184 -0.00843528207301 -0.00843528207301
1.0 4.93432455389e-17 -6.16790569236e-18 -6.16790569236e-18
0.88913582051 -0.10430847807 0.0061227688875 0.0061227688875
1.23235438678 0.245395721096 -0.00981047251521 -0.00981047251521
0.628730447943 -0.946931156807 0.0112044720555 0.0112044720555
1.55981566448 -0.475404109062 -0.0106736604121 -0.0106736604121
-0.0691259826782 0.54399820003 0.00875829969108 0.00875829969108
0.795140926703 1.16807227313 -0.0060991304882 -0.0060991304882
0.317449127528 0.882360951341 0.00335856666438 0.00335856666438
-0.90346409109 1.08484768032 -0.00114172080001 -0.00114172080001
-0.0322423952029 0.950606857524 -7.49097348613e-05 -7.49097348613e-05
-1.0 1.0 -6.16790569236e-18 -6.16790569236e-18
-0.0365757246416 1.10139032222 0.00143643639137 0.00143643639137
-0.855052910409 0.0416667780124 -0.00407087008485 -0.00407087008485
-0.315405782909 0.669695828211 0.00751925832543 0.00751925832543
-0.469268542251 1.12284560887 -0.01121387611 -0.01121387611
-0.770823114476 1.00973339377 0.0144601958487 0.0144601958487
0.0233064751528 0.666411011865 -0.0165079463602 -0.0165079463602
-1.35451401937 0.00564308841293 0.0166289190243 0.0166289190243
-0.858590482893 1.24727766958 -0.0141931645695 -0.0141931645695
-0.996228882233 0.914700274182 0.00873494383417 0.00873494383417
1.48029736617e-16 1.0 -1.23358113847e-17 -1.23358113847e-17
-0.847166547304 0.153460185789 -0.0120340513397 -0.0120340513397
-0.430195992231 0.484539968719 0.0271733037616 0.0271733037616
-0.150177384561 1.58425862559 -0.0450732516507 -0.0450732516507
-1.78081320342 0.296843840994 0.0653874300094 0.0653874300094
-0.175218963622 1.82916069446 -0.0880998556212 -0.0880998556212
-1.90084221663 0.0486081090718 0.114429954317 0.114429954317
0.0814637461869 2.06845470042 -0.150368308578 -0.150368308578
-0.727682570106 -0.212040482044 0.233492242324 0.233492242324
0.823815730538 1.02847372607 0.983606673679 0.983606673679
