4.61111812238 8.11083478522 0.11624069272 0.106678401451
0.843503849374 -0.243982808033 -0.052478521062 -0.0386198285181
1.16186409178 0.210613832034 0.0356551741137 0.0178365494932
0.833853280333 -0.171276913948 -0.0292820178286 -0.00767553570551
1.17078164217 0.0946544377684 0.0269490013929 0.00159110820153
0.823915015109 0.575699009204 -0.0267001932237 0.00250208821776
1.18228827289 0.441528796244 0.0278074510471 -0.00547555138759
0.8102971925 -0.307089672358 -0.0300240745356 0.00775818913588
1.19880250149 0.262466235625 0.0333752574822 -0.00958585460569
0.789655999423 -0.235832345572 -0.0381368293452 0.0110991898635
1.22559999798 0.214997862624 0.0449603334259 -0.0123874688029
0.75314223382 -0.1958316478 -0.0552849924791 0.0135102877648
1.27855773639 0.177169569834 0.0726915932109 -0.0145091551538
0.670332876382 -0.171023378917 -0.108853016628 0.0154140807819
1.401595795 -0.870146631756 0.235148606798 -0.0162475222392
-1.2778530326 0.494350518961 0.790341329217 0.0170268583187
-2.03060527946 1.98635411322 -0.128885451567 -0.0177660060442
0.537311989747 0.589356432042 0.0625396209143 0.0184765236671
-0.920713552625 1.30831030106 -0.0361360753063 -0.0191683993197
-0.225895356663 0.744629689378 0.0209622910832 0.0198506480202
0.130860490223 1.21053015702 -0.0101804547107 -0.0205317974483
-0.155513851459 0.853383023423 0.00112821721553 0.0212203202937
0.362250161295 0.911029321926 0.0077970321492 -0.0219250606741
1.07251821449 -0.306904305626 -0.0183482613449 0.0226557009985
0.965724151305 0.183297405209 0.0342721794461 -0.0234233233872
1.06727438427 0.49136344514 -0.071559868773 0.0242411386667
0.0730577710103 0.563544238309 0.866416135533 -0.0251254920612
-3.62140537176 2.35761217774 0.0684673383886 0.026097320507
0.288627026068 1.23540101936 -0.0181575604766 -0.027184357638
-0.219533359706 0.76079395902 -0.00670447419141 0.0284246127249
0.201887729583 1.22803292262 0.034393557619 -0.0298721081928
-0.201738973653 0.799883584206 -0.0945620886808 0.0316068269117
0.221299556744 0.606425050826 0.801028186451 -0.0337530077361
-1.06308221967 -5.43492296844 0.199373183038 0.0365153267304
0.1901093978 -1.12355826158 -0.104863192585 -0.0402573720228
-0.384998144279 -0.762605253368 0.0798291118204 0.0456940932212
-0.986608123127 0.0827193619523 -0.0728891648713 -0.0544530895758
-1.0590567875 0.441229433963 0.079596670132 0.0712166405387
-0.956198813566 0.636486682757 -0.118306693451 -0.117232928949
-0.328244004806 -0.358218831466 0.860640837428 0.865343171344
