14.0 7.0 4.20084387696e-17 4.20084387696e-17
2.09004682024 0.62368759819 -0.0387739529946 -0.0387739529946
-0.0970680363632 -0.689871009444 0.0512034122389 0.0512034122389
2.08307789878 0.80700345327 -0.0557108302197 -0.0557108302197
-0.0470380407314 -1.50727444616 0.0562728570465 0.0562728570465
1.98347296129 0.190826997532 -0.0543227039723 -0.0543227039723
0.13116200193 -0.498393608067 0.050565236266 0.050565236266
1.47876535236 0.867904536302 -0.0454420084493 -0.0454420084493
-1.02473389105 0.748571434386 0.0392864535487 0.0392864535487
0.895876160976 1.29715773231 -0.032384035739 -0.032384035739
-0.890866993839 0.710876862124 0.024997171394 0.024997171394
-0.496454991655 1.25885413178 -0.0173751995037 -0.0173751995037
-0.234524304415 0.779718305281 0.00975735611871 0.00975735611871
-0.953816693721 0.0345399090012 -0.00237226171898 -0.00237226171898
0.0677065335979 1.04094654058 -0.00456436229954 -0.00456436229954
-1.10646973199 -0.0421507902436 0.0108528231536 0.0108528231536
0.0632549111434 0.979888573067 -0.0163128852412 -0.0163128852412
-0.903172443197 0.138785934881 0.0207871453423 0.0207871453423
-0.825378947283 0.691935449588 -0.024144110531 -0.024144110531
-1.36605321126 0.526065339694 0.0262808009946 0.0262808009946
-0.177298500891 0.189889487915 -0.0271247442289 -0.0271247442289
-0.290058501267 1.35329551132 0.0266352593538 0.0266352593538
0.623496451556 0.755894812307 -0.0248039550539 -0.0248039550539
0.64203206088 1.21124875884 0.0216543833936 0.0216543833936
0.166642738096 0.732982035346 -0.0172408038475 -0.0172408038475
0.969581648405 0.0383282577035 0.0116460144956 0.0116460144956
-0.0383520892865 1.04369532742 -0.00497819442303 -0.00497819442303
-0.00811684958727 1.00973140085 -0.00263333900444 -0.00263333900444
0.0449760186735 1.00592141032 0.0110436460451 0.0110436460451
-0.846995574652 0.203393598919 -0.0200993350737 -0.0200993350737
-0.442215396939 0.451241856679 0.0296481758853 0.0296481758853
-0.135442683151 1.57132042472 -0.0395528311575 -0.0395528311575
-1.83908093639 -0.148176394566 0.0497124394316 0.0497124394316
0.321078156792 0.868572532958 -0.0601009854277 -0.0601009854277
-1.0140248256 0.414012019892 0.0708461268973 0.0708461268973
-0.434704009929 0.128743044983 -0.0824207239241 -0.0824207239241
-1.73072647356 -0.280717713654 0.0962176704529 0.0962176704529
-0.169943581092 0.374927967201 -0.116907271432 -0.116907271432
-1.87106535379 -0.448167970039 0.170159050841 0.170159050841
1.11216207663 0.51073663276 0.990779592424 0.990779592424
