11.3292602694 7.15385664669 0.110965298073 0.140885425841
0.435308965674 -0.131980113842 -0.0256106401939 -0.0538003035115
0.531725899375 -0.711672260043 0.00128720062931 0.027992846759
0.949921691582 -0.390463377185 0.00989901491025 -0.0155049531587
1.13004874258 -0.526928723564 -0.0161720760431 0.00806738530174
0.824355770441 0.269282718301 0.0200984129081 -0.00308071452521
1.23835073574 -0.217216754042 -0.0227313779197 -0.000533353403678
0.457409291093 0.449454107808 0.0245796103801 0.0033029534943
0.0177985022139 1.13223874838 -0.0259167625276 -0.00551751559194
-0.0819575545809 0.874354742841 0.0269017291726 0.00734918847405
-0.711530946474 1.17530195485 -0.0276319647392 -0.00890702442267
-0.261501959066 0.61775723554 0.0281695362528 0.0102637019769
-1.13608297311 0.340680148953 -0.0285548074176 -0.0114697687103
-0.396727208074 1.18311386305 0.0288140076752 0.0125617224591
-0.555555790402 0.223128786578 -0.0289635423197 -0.013566842725
-0.400619484889 0.745713472113 0.029012428098 0.014506214049
-0.854719437519 0.0319401828448 -0.0289635423197 -0.0153966995947
-0.836954084679 0.259830580384 0.0288140076752 0.016252285216
0.365671242355 1.27369520287 -0.0285548074176 -0.0170850387073
-0.310081228359 0.792352057678 0.0281695362528 0.0179058342759
0.264943938158 1.11760032246 -0.0276319647392 -0.0187249403165
-1.44086256473 -0.0810626249243 0.0269017291726 0.0195525406985
-0.212909689601 1.41397102954 -0.0259167625276 -0.0203992469357
-0.756108437455 0.617559082154 0.0245796103801 0.0212766568857
-0.242471512396 1.39406582852 -0.0227313779197 -0.0221980245161
0.913383668196 -0.292514321129 0.0200984129081 0.0231791274333
1.07638421539 0.360007279852 -0.0161720760431 -0.0242394613449
0.95626833101 -0.364908905994 0.00989901491025 0.025403968069
0.600248209834 -0.0241141648315 0.00128720062931 -0.0267056461297
-0.340202086176 -1.81021403171 -0.0256106401939 0.0281896633176
0.3673267389 0.0532410759977 0.110965298073 -0.0299201277681
-0.692069382407 -1.79427870841 0.845763263896 0.0319918043258
-1.74028253524 -2.25094176932 -0.165957574294 -0.0345516133786
-0.344019025806 -0.324727744496 0.116504647728 0.0378410226694
0.123991118383 -1.02926927225 -0.101345563261 -0.0422876442392
-0.0871199537488 -1.22248186928 0.0974574127524 0.0487287063762
0.0257269737078 -0.543093985943 -0.101345563261 -0.059057919022
0.312954647574 -1.87543743968 0.116504647728 0.0786636250583
0.77043080184 2.468446213 -0.165957574294 -0.131405960915
-0.45640056542 1.31038145292 0.845763263896 0.81377145957
