15.4843536748 5.86805276575 0.135966874179 0.170671241135
-1.4179439335 0.699464382865 -0.0345820800699 -0.0664195490452
-0.603951769829 -0.0970009090775 0.00689709141816 0.0364116612637
-1.36957673687 0.0716103173869 0.00554023404444 -0.0220321765691
-0.689284629573 -0.118167391724 -0.0123943231126 0.0135111817645
-1.05199498923 0.379968109934 0.0166263480993 -0.00781603967365
0.0262005388821 0.578817285529 -0.0194351726975 0.00369747177368
-1.00767341862 0.471570340485 0.0213930638832 -0.000546336481484
0.775853917162 1.2331111579 -0.0228048863327 -0.0019701335544
-0.792742724687 0.90490478579 0.0238462603151 0.00404939333283
1.21272298709 0.627048691916 -0.0246243430431 -0.00581629175274
-0.221377630615 0.400815607976 0.0252073313462 0.00735390687096
1.37507797246 0.444917764297 -0.025639888768 -0.00871994260917
0.29321653467 -0.135592447843 0.0259516809807 0.00995601446532
0.398167314712 1.53244719522 -0.0261622906328 -0.0110931920473
-1.06610560418 -0.0625810108054 0.026284103352 0.0121554624364
0.0649728460991 1.00550863707 -0.0263239756927 -0.0131619878464
-1.14011312798 -0.0515861033749 0.026284103352 0.0141286409156
0.61103984984 1.5070580357 -0.0261622906328 -0.0150690985855
-1.19587484799 -0.086014057616 0.0259516809807 0.0159956665154
-0.553723513295 1.14067050224 -0.025639888768 -0.0169199461588
-0.334161130806 0.749050398211 0.0252073313462 0.0178534244753
0.318296071188 1.31942795088 -0.0246243430431 -0.0188080512904
0.268869752177 0.0800145068584 0.0238462603151 0.0197968669823
1.55318612003 0.835826372729 -0.0228048863327 -0.0208347527783
0.457648149639 -1.03933962028 0.0213930638832 0.0219394003646
1.58563824863 0.495549190754 -0.0194351726975 -0.0231326444712
-0.194203456205 -1.07344454592 0.0166263480993 0.024442387773
1.19542194743 -0.721415372828 -0.0123943231126 -0.0259055048771
-0.438993292207 -1.34172778816 0.00554023404444 0.0275724106136
0.463706771362 -0.595134248797 0.00689709141816 -0.0295145698455
-0.487484154888 -1.50628981453 -0.0345820800699 0.0318374689753
-0.278366558096 0.557501066549 0.135966874179 -0.0347043669559
-0.596387797521 -1.39814521483 0.802893216286 0.0383830031083
1.03024569483 -1.56586402031 -0.183888880545 -0.0433461714037
-0.0213597359313 -0.342977597268 0.134053437262 0.0505159445871
1.07250822298 -1.24600550199 -0.123931576239 -0.0619657881195
-0.327646373773 -0.868901592201 0.134053437262 0.0835374926753
0.346788675302 -1.10792198082 -0.183888880545 -0.140542709141
-0.344949863477 -0.34522584767 0.802893216286 0.764510213178
