5.42802464874 4.72709913374 0.308348709566 0.309031122182
-0.344615393631 1.06947301758 -0.107257324606 -0.109088311057
0.394609134777 0.893088874492 0.0619440121652 0.0648610032705
0.276413262094 0.435642738367 -0.0412927720251 -0.045250651031
0.769694978399 0.515819767281 0.0291028232098 0.0340714180042
0.185798373849 0.531965421011 -0.0208116679699 -0.026774161317
0.942674092151 0.335774606986 0.0146294515974 0.0215815253837
0.416464427904 0.309549383186 -0.00970590039316 -0.0176555194011
0.912359055323 0.35586845911 0.00558117226523 0.014548984119
0.417470917647 0.322999818719 -0.00198079726712 -0.0120011919144
0.928269780506 0.314184167742 -0.00127341488471 0.00984953216377
0.366936151886 0.448595420701 0.00430687474725 -0.00798700580757
1.24783647501 0.587229595581 -0.00721579175733 0.0063400020148
0.239367921843 0.375850175932 0.0100815310065 -0.00485588535874
0.604144846804 0.770024353956 -0.012980850095 0.00349567297377
-0.415329673713 0.936891153891 0.0159949823316 -0.00222950608078
-0.62663618693 0.407173749445 -0.0192199952339 0.00103372700418
-1.33720513126 0.369337654927 0.0227814988106 0.000111088349192
-0.65172375939 -0.432994095263 -0.0268591368426 -0.00122151604012
-1.3991190772 -0.259953288253 0.0317325164982 0.00231231334723
-0.202585809594 -0.419907025689 -0.0378772328742 -0.00339723642713
-1.14724018445 -0.196598106465 0.0461920092834 0.0044897471028
0.0515992120756 -0.694811591748 -0.0586310707425 -0.0056036878357
-0.763849092874 -1.11350245529 0.0804479186767 0.00675399791127
0.607572621266 -0.973299084179 -0.132392741694 -0.0079575516897
0.0236995329972 -0.693165283493 0.470739451028 0.009234223773
1.53603782626 -1.23235261064 0.23031861821 -0.0106083335855
0.704029342682 -0.601007267455 -0.0783232335753 0.0121107092023
0.479168776335 -0.422084347572 0.0395786473912 -0.0137817700127
0.563366022135 -0.532072189164 -0.020752618834 0.0156763279857
0.829987225727 -0.726994902029 0.00876508054455 -0.0178713957725
-0.24036367847 -1.17929688186 0.000291058819978 0.0204795076184
-0.277527773185 -0.382493058095 -0.00809986949544 -0.0236727517338
-0.693835489712 -0.611578090347 0.015661138324 0.0277291714513
-0.343695255863 -0.373014636895 -0.0238448953849 -0.0331303439284
-1.23529386224 -0.0324717501883 0.0337937087621 0.0407908902224
-0.819739695388 0.56571430218 -0.0476282966278 -0.0526886527386
-1.07324234282 0.10665580589 0.0706660210872 0.0740465977069
-0.246251735816 0.637448503916 -0.122734630569 -0.12462730847
-0.473467666977 0.368252813512 0.404685579928 0.405235500106
