10.8491516196 6.43895861696 0.106678401451 0.106678401451
0.681694141333 -0.502884441001 -0.0386198285181 -0.0386198285181
1.32596082052 -0.523359508211 0.0178365494932 0.0178365494932
0.669914233703 -0.165945234429 -0.00767553570551 -0.00767553570551
1.33311062339 0.760141265327 0.00159110820153 0.00159110820153
0.665575755756 0.29500244268 0.00250208821776 0.00250208821776
1.32564411938 -0.0456007057936 -0.00547555138759 -0.00547555138759
-0.251694850003 0.948630302979 0.00775818913588 0.00775818913588
1.46803782466 1.0636064098 -0.00958585460569 -0.00958585460569
0.298898291054 0.91823848629 0.0110991898635 0.0110991898635
0.216172758325 1.09777853565 -0.0123874688029 -0.0123874688029
-0.269635565804 0.887301192182 0.0135102877648 0.0135102877648
0.282605494704 1.12804481121 -0.0145091551538 -0.0145091551538
-0.271124303402 0.85421597973 0.0154140807819 0.0154140807819
0.173038377612 1.16938446414 -0.0162475222392 -0.0162475222392
-1.24106079394 0.792646844499 0.0170268583187 0.0170268583187
0.670387998474 1.29165836769 -0.0177660060442 -0.0177660060442
-1.10228603145 0.22270923829 0.0184765236671 0.0184765236671
0.0274097099835 0.690610710987 -0.0191683993197 -0.0191683993197
-1.0217450716 1.03028987981 0.0198506480202 0.0198506480202
-0.805184945564 1.05896389143 -0.0205317974483 -0.0205317974483
-1.24592884925 0.796639071096 0.0212203202937 0.0212203202937
-0.727715335712 -0.0434360655832 -0.0219250606741 -0.0219250606741
-1.29066988255 -0.00543774735225 0.0226557009985 0.0226557009985
-0.691180064379 0.0181824434582 -0.0234233233872 -0.0234233233872
-1.34288123136 -0.000171374589764 0.0242411386667 0.0242411386667
0.123975683952 -0.784053487755 -0.0251254920612 -0.0251254920612
-1.12419484045 -1.13588694612 0.026097320507 0.026097320507
0.318289212925 -0.876904341791 -0.027184357638 -0.027184357638
-0.313518442256 -1.12119005337 0.0284246127249 0.0284246127249
0.316558372055 -0.877347602456 -0.0298721081928 -0.0298721081928
-0.321359040454 -1.12552868152 0.0316068269117 0.0316068269117
0.327670358262 -0.870859738622 -0.0337530077361 -0.0337530077361
-0.33684288728 -1.13319708174 0.0365153267304 0.0365153267304
0.35333142377 -0.862492020261 -0.0402573720228 -0.0402573720228
-0.396209391883 -1.14177429591 0.0456940932212 0.0456940932212
0.66908493418 -0.854852326924 -0.0544530895758 -0.0544530895758
0.912391403274 -1.14443705001 0.0712166405387 0.0712166405387
0.579322748341 -0.878378835488 -0.117232928949 -0.117232928949
-0.400211769231 -0.412743676137 0.865343171344 0.865343171344
