6.59821452144 13.488152595 0.140885425841 0.140885425841
0.100154206473 0.969443781106 -0.0538003035115 -0.0538003035115
-0.428399029689 0.712910724843 0.027992846759 0.027992846759
-0.653829475038 0.212528034735 -0.0155049531587 -0.0155049531587
0.323746828572 1.43290360767 0.00806738530174 0.00806738530174
-0.293437911254 0.661502470053 -0.00308071452521 -0.00308071452521
0.427168420999 1.15899866745 -0.000533353403678 -0.000533353403678
0.913752985705 -0.485207326316 0.0033029534943 0.0033029534943
1.128671247 0.46761156667 -0.00551751559194 -0.00551751559194
0.856386655834 -1.10520285801 0.00734918847405 0.00734918847405
1.15267654888 0.0993313924609 -0.00890702442267 -0.00890702442267
0.839443485339 -0.0941682327769 0.0102637019769 0.0102637019769
1.16929922234 -0.263778559623 -0.0114697687103 -0.0114697687103
0.819207810503 -0.745050639729 0.0125617224591 0.0125617224591
1.19822782418 -0.300899533478 -0.013566842725 -0.013566842725
0.770572061073 -1.38542353006 0.014506214049 0.014506214049
1.30245454019 0.277683593774 -0.0153966995947 -0.0153966995947
0.336370535172 -1.56460906858 0.016252285216 0.016252285216
0.635542690875 -0.507256162289 -0.0170850387073 -0.0170850387073
0.366403266701 -1.45932837378 0.0179058342759 0.0179058342759
0.639596781062 -0.562258389634 -0.0187249403165 -0.0187249403165
0.344739800862 -1.42093793449 0.0195525406985 0.0195525406985
0.704143076074 -0.59450310211 -0.0203992469357 -0.0203992469357
-0.159532755004 -1.38815048649 0.0212766568857 0.0212766568857
-0.570272218155 -0.638261735271 -0.0221980245161 -0.0221980245161
-0.420380942812 -1.28608715026 0.0231791274333 0.0231791274333
-0.785524356492 0.350303618907 -0.0242394613449 -0.0242394613449
-1.1992400743 -0.0507205475809 0.025403968069 0.025403968069
-0.807113911857 1.61388247982 -0.0267056461297 -0.0267056461297
-1.19121464146 -0.208276785379 0.0281896633176 0.0281896633176
-0.807154518056 1.14144106887 -0.0299201277681 -0.0299201277681
-1.19759849118 -0.167899866683 0.0319918043258 0.0319918043258
-0.793758137003 1.49604691407 -0.0345516133786 -0.0345516133786
-1.22102174295 0.581596225961 0.0378410226694 0.0378410226694
-0.752109093323 0.760589322082 -0.0422876442392 -0.0422876442392
-0.473419873674 0.176674876931 0.0487287063762 0.0487287063762
-0.469958895572 0.848610410352 -0.059057919022 -0.059057919022
-0.547287886556 0.13616608651 0.0786636250583 0.0786636250583
-0.475493881105 0.878533860111 -0.131405960915 -0.131405960915
0.119975326204 0.0964423185334 0.81377145957 0.81377145957
