18.7698964071 5.81051022679 0.140885425841 0.140885425841
-1.51355481127 0.0496302545224 -0.0538003035115 -0.0538003035115
-0.514911233068 -0.123728119604 0.027992846759 0.027992846759
-1.46979410587 0.644783185151 -0.0155049531587 -0.0155049531587
-0.540695078819 0.378327350701 0.00806738530174 0.00806738530174
-1.4508920727 -0.147447519461 -0.00308071452521 -0.00308071452521
-0.556712245161 0.031552869916 -0.000533353403678 -0.000533353403678
-1.43566348601 0.338120600721 0.0033029534943 0.0033029534943
-0.572789910469 0.719406996762 -0.00551751559194 -0.00551751559194
-1.41675405984 -0.374379054903 0.00734918847405 0.00734918847405
-0.598047245897 1.19093365309 -0.00890702442267 -0.00890702442267
-1.37649544808 0.783087224932 0.0102637019769 0.0102637019769
-0.685956504124 1.21649324793 -0.0114697687103 -0.0114697687103
-0.837036717654 0.781447001392 0.0125617224591 0.0125617224591
0.525873919069 1.22995525832 -0.013566842725 -0.013566842725
0.414065054762 -0.119280149675 0.014506214049 0.014506214049
1.50936308725 0.177759313486 -0.0153966995947 -0.0153966995947
0.51591384967 -0.196987043551 0.016252285216 0.016252285216
1.46969394658 0.213288989286 -0.0170850387073 -0.0170850387073
0.540684607529 -0.234357544142 0.0179058342759 0.0179058342759
1.45058413315 0.269000934884 -0.0187249403165 -0.0187249403165
0.557763172968 -0.344978159657 0.0195525406985 0.0195525406985
1.43318043055 0.705685077304 -0.0203992469357 -0.0203992469357
0.578185570748 0.345002221392 0.0212766568857 0.0212766568857
1.40446786702 0.0260594663364 -0.0221980245161 -0.0221980245161
0.631978123324 0.698808894962 0.0231791274333 0.0231791274333
1.20623773812 0.329534947011 -0.0242394613449 -0.0242394613449
-0.530838530397 0.972991398654 0.025403968069 0.025403968069
0.475491693066 1.10181409556 -0.0267056461297 -0.0267056461297
-0.443636602944 0.84535367655 0.0281896633176 0.0281896633176
-0.455766627642 1.22955518524 -0.0299201277681 -0.0299201277681
-1.48121633233 0.535051301276 0.0319918043258 0.0319918043258
-0.538304601504 0.493058064638 -0.0345516133786 -0.0345516133786
-1.44961646336 0.517948938492 0.0378410226694 0.0378410226694
-0.560664002105 -0.146612024738 -0.0422876442392 -0.0422876442392
-1.42848443872 0.067918774174 0.0487287063762 0.0487287063762
-0.585460902814 -0.0345391212675 -0.059057919022 -0.059057919022
-1.39179489313 0.0181754079892 0.0786636250583 0.0786636250583
-0.663793033779 -0.011432084618 -0.131405960915 -0.131405960915
-0.65116691984 0.0124862641541 0.81377145957 0.81377145957
