15.0 6.0 -7.01193489237e-17 0.0
0.763377998234 1.3592096514 -0.0158225174591 -0.0253141048256
-1.58363418637 0.602071576063 0.0179378674366 0.0332659354587
-0.510030330419 1.40486596949 -0.0174674827329 -0.0362587720026
-0.631839431172 0.611262408956 0.0163447860204 0.0369108382567
-0.233833709068 1.35312329568 -0.0150786268333 -0.0361501990165
-0.962968702824 0.70173727686 0.0138245264219 0.0344217922128
0.6659679105 1.21871546939 -0.0126289519836 -0.0319938149118
-0.109688366173 0.913688883237 0.0115007470632 0.0290596878669
1.81449783592 0.591923480543 -0.0104352815526 -0.0257777985526
0.252581169822 -0.189767391784 0.00942333119821 0.0222883367499
1.76210620571 -0.013373309546 -0.00845444902227 -0.0187204813349
-0.029278242376 0.418703787209 0.00751819512687 0.0151951088208
0.719225394941 0.776069809114 -0.00660449017488 -0.0118252866554
0.509944319349 0.0928404818418 0.00570359573696 0.00871564465372
0.305401566968 1.01148999739 -0.00480592602591 -0.00596120272135
0.842849908136 -0.103550958402 0.00390177021979 0.00364598765306
0.044111963505 1.21929553099 -0.0029809474629 -0.00184164613246
1.03216740007 0.90582677267 0.00203238636733 0.000606191786493
-0.0677453841017 1.03441267355 -0.00104359937057 1.70171802408e-05
-2.10358046771e-16 1.0 -1.16865581539e-17 1.31473779232e-17
0.0560254760292 0.974792741524 0.0011160196702 -0.000669476158262
-0.960154807364 1.07455011959 -0.00232638283889 0.00198791492502
-1.00145810697 0.0793926698513 0.00365920709671 -0.00393652709454
-1.01354359038 0.704256154424 -0.00515162893566 0.00648210809613
-0.983452579339 0.669472891631 0.0068542031424 -0.00957838123253
-0.999383124509 -1.27318573188 -0.0088380266526 0.0131678423169
-1.07743853026 0.0628997362916 0.0112067951028 -0.0171841694633
-0.385682958506 -0.832964253901 -0.0141182949306 0.0215553218912
-0.314815081535 -0.785884427518 0.0178251992649 -0.0262075748865
-1.00026002452 -1.3734591262 -0.0227588138364 0.0310709939191
0.586664513865 -0.49860023506 0.0297192833639 -0.0360874046928
-0.504732674399 -1.62805047866 -0.0403709136503 0.0412231944778
0.463376543715 -0.228379107406 0.0588146385599 -0.0464924997795
-0.415571241915 -1.96644946657 -0.0984771101832 0.0520054167113
0.313280935836 0.355813100636 0.24163508263 -0.0580856588842
0.0679222562573 -1.79516963781 1.00102686342 0.0656228342677
4.80157653586 -6.50201378828 -0.202785019371 -0.0775032922379
-0.161359282069 0.34818590014 0.155458680967 0.109090639409
0.840529261663 0.127300166107 0.979908442105 0.995887062876
