15.4569662331 5.04741052552 0.150574244998 0.124357347884
-1.2604221199 0.298729449585 -0.0688041578006 -0.0465496018039
-0.751904584688 0.651875684138 0.0420586252386 0.0231456066618
-1.22536351565 0.386419423832 -0.0277869996211 -0.0117629979388
-0.829845375127 0.573407363332 0.0184377081139 0.00496572276495
-0.379752692577 0.488567661114 -0.0115753276419 -0.000400801248046
0.202735095346 1.32294856713 0.00615927465463 -0.00291140082762
0.0677849199021 0.739968748891 -0.00166199967505 0.00545183133335
0.904698712643 1.22663769999 -0.00221736482003 -0.00748450148936
0.119917444048 0.79424431394 0.0056662485101 0.00916663895575
0.865090344946 1.19174864968 -0.00881006926739 -0.0105979426602
-0.596365460574 0.817730032174 0.0117381700523 0.0118449118346
0.519094776233 1.17634485281 -0.0145180740286 -0.0129538288559
-0.476929783784 0.826163921881 0.0172039527216 0.0139581330042
0.442195958146 1.17549418368 -0.01984207763 -0.014882832681
-0.385591097542 0.816230226744 0.0224746802397 0.0157472685935
-0.292639307632 1.20641413171 -0.0251430346895 -0.0165669188244
-0.754521504402 0.717141551 0.0278903051762 0.0173546290927
-0.254781199737 0.371512795519 -0.0307646112411 -0.0181214915743
-0.675074824209 0.663158826298 0.0338228081582 0.0188775093762
-0.766532582255 -0.0790751023677 -0.0371356705012 -0.0196321364047
-1.27334266122 0.00972351232115 0.0407955883955 0.0203947569906
-0.74856789527 0.0171728955153 -0.0449287479911 -0.0211751580107
-1.13699596273 -0.954655769612 0.0497155685148 0.0219840448252
0.0299207109407 -1.00343613847 -0.0554271464922 -0.0228336607254
-0.801190714619 -1.00664635952 0.0624949554996 0.0237385902642
1.77109388045 -0.986627365524 -0.0716561057375 -0.0247168663876
0.347006267217 -1.03528812902 0.0842917086264 0.0257915733995
1.62691976388 -0.2034702852 -0.103345074618 -0.0269932704425
0.354656783185 -0.866232709288 0.136448496197 0.0283638121667
1.73010509392 -0.999535126236 -0.211633491901 -0.0299626444076
-0.164117692337 0.590437112876 0.585589476672 0.0318777083108
1.59129106014 -2.09161810143 0.49497948131 -0.0342454716833
1.1235298055 -1.10680328751 -0.140386152519 0.0372904836761
1.15885123268 0.456966797411 0.0643181120377 -0.0414109999446
0.760831563738 -1.39539264508 -0.0270591900907 0.0473884122849
1.27925144125 -0.41627867382 -0.00021410541124 -0.0569957016241
0.690710854318 -0.440156667933 0.0299901192164 0.0753047087293
1.35767796622 -1.19548880229 -0.0878568191453 -0.125042434478
-0.0519228484326 -0.126169295696 0.808244356064 0.839300801651
