16.0001835188 3.6847105971 0.106678401451 0.106678401451
-1.38313052554 0.888975757733 -0.0386198285181 -0.0386198285181
-0.718976073523 1.09171691153 0.0178365494932 0.0178365494932
-0.864407712882 0.980573918034 -0.00767553570551 -0.00767553570551
-0.0867562749595 0.499021474165 0.00159110820153 0.00159110820153
-0.921697230843 0.414004164287 0.00250208821776 0.00250208821776
-0.0919628986683 1.3617682017 -0.00547555138759 -0.00547555138759
-1.81863909305 0.689922827505 0.00775818913588 0.00775818913588
-0.00765783306621 1.28988831999 -0.00958585460569 -0.00958585460569
-0.980481297354 0.718283653797 0.0110991898635 0.0110991898635
-0.0172544160204 1.28027414685 -0.0123874688029 -0.0123874688029
-0.991794440348 0.715854148093 0.0135102877648 0.0135102877648
0.00427834463348 1.29404475347 -0.0145091551538 -0.0145091551538
-0.240386777646 0.686124739284 0.0154140807819 0.0154140807819
0.385415857053 1.35900494959 -0.0162475222392 -0.0162475222392
0.801620414881 0.447843102419 0.0170268583187 0.0170268583187
1.22372998198 0.207696508402 -0.0177660060442 -0.0177660060442
0.822122405118 -0.333351217355 0.0184765236671 0.0184765236671
0.57933417932 0.96748399075 -0.0191683993197 -0.0191683993197
0.358613346251 0.0777190268989 0.0198506480202 0.0198506480202
1.49590904193 0.0407981369641 -0.0205317974483 -0.0205317974483
0.533621337161 -1.09981959512 0.0212203202937 0.0212203202937
1.46362880876 0.463641887105 -0.0219250606741 -0.0219250606741
0.519535480842 -0.847973823773 0.0226557009985 0.0226557009985
1.54164685554 -0.19909100203 -0.0234233233872 -0.0234233233872
-0.200959605294 -0.810068629127 0.0242411386667 0.0242411386667
1.17262230766 -0.144288291533 -0.0251254920612 -0.0251254920612
-0.280312922541 -0.993427400616 0.026097320507 0.026097320507
0.376728553967 -0.909373857277 -0.027184357638 -0.027184357638
-0.639593158181 -1.1822009375 0.0284246127249 0.0284246127249
-0.838469713495 -0.413239523553 -0.0298721081928 -0.0298721081928
-1.21266321176 -0.0144019543017 0.0316068269117 0.0316068269117
-0.782252964004 0.753822174319 -0.0337530077361 -0.0337530077361
-1.19755138101 0.291366419986 0.0365153267304 0.0365153267304
-0.863499522851 0.696864196217 -0.0402573720228 -0.0402573720228
-0.889307162611 0.29972980499 0.0456940932212 0.0456940932212
-0.0856229879714 0.721251452406 -0.0544530895758 -0.0544530895758
-0.964273495541 0.208544542918 0.0712166405387 0.0712166405387
0.546662288276 1.42873051155 -0.117232928949 -0.117232928949
-0.443654196953 -0.0906849554459 0.865343171344 0.865343171344
