11.0 7.0 6.72862439167e-18 6.72862439167e-18
3.05432854861 1.47729616967 -0.0915924040904 -0.0915924040904
-0.769505293929 -1.34222609901 0.108168727803 0.108168727803
2.34444721879 1.08872556588 -0.0930047642914 -0.0930047642914
0.151757827188 -0.749912702526 0.0615938384848 0.0615938384848
1.34497491206 0.36477637959 -0.02473802562 -0.02473802562
1.13983912743 1.06245583236 -0.00883371268776 -0.00883371268776
-0.213813450995 0.672769570328 0.0327359575025 0.0327359575025
0.485131877161 1.56070137727 -0.043532895711 -0.043532895711
-0.79908760876 0.115043253791 0.040993638597 0.040993638597
-0.735584806282 0.350753306296 -0.027787485742 -0.027787485742
0.0256036507371 0.984177219096 0.00864068647186 0.00864068647186
0.0144492111284 0.930167233408 0.0108730445906 0.0108730445906
-0.0899451315701 1.27646161621 -0.0256471788823 -0.0256471788823
0.571444243929 0.171441548936 0.0321783640477 0.0321783640477
0.872425800572 0.345439789544 -0.0292826634529 -0.0292826634529
-0.125647932472 1.07072001798 0.0182473481505 0.0182473481505
1.04998688505 0.999222024805 -0.00240118236081 -0.00240118236081
1.25749414855 1.01654468137 -0.0137836690885 -0.0137836690885
0.0343277390537 0.94794424081 0.0258411668186 0.0258411668186
0.130596620176 1.07471574279 -0.0304408689144 -0.0304408689144
-0.126578634743 0.931499260502 0.0262325057699 0.0262325057699
0.0602919230137 1.03467816564 -0.0142069965659 -0.0142069965659
0.00697320839774 1.00421627483 -0.00251385840185 -0.00251385840185
0.0135160267078 1.01609812796 0.0194158903943 0.0194158903943
-0.572285209642 0.467521317223 -0.0316944674954 -0.0316944674954
-0.886403442697 -0.0165617963302 0.0354696980658 0.0354696980658
0.199819749175 1.49793147012 -0.0288352382472 -0.0288352382472
-1.21714549584 0.765825779799 0.0124941783925 0.0124941783925
-1.13701864443 -0.0866176728152 0.0101752137761 0.0101752137761
-0.60702505905 1.04373035721 -0.033654482335 -0.033654482335
-1.54115985441 0.2867759823 0.0513138542459 0.0513138542459
-0.451317324551 0.0760381361721 -0.0567073208219 -0.0567073208219
-1.3981392285 -0.144795644327 0.0448211313347 0.0448211313347
-0.896619638687 0.054363595226 -0.0129083110059 -0.0129083110059
-0.735080419663 0.203818760531 -0.0395607975914 -0.0395607975914
-1.14368662513 -1.09937712641 0.112864080394 0.112864080394
1.53753654666 -0.504319913412 -0.215846696917 -0.215846696917
-1.93097932603 -1.6868228448 0.43661117861 0.43661117861
2.20328998421 1.40544766866 0.950423728894 0.950423728894
