6.40180396979 4.14545380086 0.22632707001 0.267079151744
0.854987602633 -0.576390977182 -0.0663849274544 -0.101301933709
1.16235497574 1.1594661974 0.0290127835526 0.0595721531703
0.821990777617 -0.474909186989 -0.0132504414328 -0.0403942127617
1.19838310468 1.26386351512 0.00490424429238 0.0292678884858
0.769415449731 0.271256996211 0.000102790085239 -0.0219276669492
0.633244747793 0.742869925765 -0.00335489240543 0.0166666666667
0.273464925728 0.267024775825 0.00558546646867 -0.0126679130261
0.917962749559 0.691514052179 -0.00717579485632 0.00949087181034
0.886657967208 0.682577964323 0.00834120949673 -0.00687667264161
0.553850968837 1.30859849673 -0.00921105383179 0.00466287960054
0.343556618255 0.682982823101 0.00986672911636 -0.00274207774332
0.117667934107 1.36091568815 -0.0103612651505 0.00104005788533
-0.579007168064 0.2501599996 0.0107300163061 0.000496442849726
-0.984701888038 0.812471858998 -0.0109967852707 -0.00190701080049
-1.12316041447 -0.220821303386 0.0111774441156 0.00322207200394
-0.0136372540128 1.05003389319 -0.0112821042441 -0.00446581987385
-0.513041831802 0.467623231098 0.0113163892925 0.00565819464627
-0.390387887492 0.547106571147 -0.0112821042441 -0.00681628437024
-1.0182779371 0.48643559519 0.0111774441156 0.00795537211166
-0.937120343163 -0.324876987801 -0.0109967852707 -0.00908977447025
-1.11536840389 -0.141816252415 0.0107300163061 0.0102335734564
-0.718511069905 -0.0673877911239 -0.0103612651505 -0.0114013230358
-0.441259676123 -0.722416812483 0.00986672911636 0.0126088068597
-1.19519743812 0.185930832677 -0.00921105383179 -0.0138739334323
-0.462932981934 -1.34137197553 0.00834120949673 0.0152178821383
0.0539291366893 -0.703131290511 -0.00717579485632 -0.0166666666667
0.366067859803 -1.29036911442 0.00558546646867 0.0182533794948
1.24067739907 0.0520386046757 -0.00335489240543 -0.0200215590721
0.804290747967 -0.150631893357 0.000102790085239 0.0220304570344
1.18575469823 0.15762383801 0.00490424429238 -0.0243636441934
0.811527111303 -0.150887104859 -0.0132504414328 0.0271437713289
0.533405540088 0.805058953163 0.0290127835526 -0.0305593696177
0.778822995403 -0.121160454808 -0.0663849274544 0.0349170062543
0.553265508123 0.765310294425 0.22632707001 -0.0407520817339
-1.25857191046 -0.0726947717156 0.60862926966 0.0490930049501
-1.09727899532 0.10340098112 -0.207862202096 -0.0622008467928
0.141559763652 1.30248777215 0.172421831317 0.0862109156586
-0.215465856635 -0.0562614341718 -0.207862202096 -0.145661355304
-0.674054828789 -2.48041264369 0.60862926966 0.55953626471
