18.0 24.0 3.52021934637e-17 3.52021934637e-17
-0.452009344562 -1.61246803314 0.0123826178158 0.0123826178158
0.463104676794 -0.379188713439 -0.0164756780662 -0.0164756780662
-0.476392042181 -1.63259303435 0.0185347976164 0.0185347976164
0.496063259309 -0.349337189775 -0.019786673058 -0.019786673058
-0.532775990606 -1.68501671609 0.0206369581156 0.0206369581156
0.64525427639 -0.20629407791 -0.0212587795628 -0.0212587795628
0.464697823302 -0.677457748982 0.0217385179891 0.0217385179891
0.345621871835 -0.523211590802 -0.0221241389519 -0.0221241389519
-0.435668018498 -1.5457123805 0.0224444563122 0.0224444563122
0.516385308657 -0.423138383901 -0.0227178669031 -0.0227178669031
-0.739243128279 -1.59944552874 0.0229567111664 0.0229567111664
-0.436015636968 -0.378501890104 -0.0231696199267 -0.0231696199267
-0.241344691881 -1.64864240582 0.0233628565914 0.0233628565914
0.376731572921 -0.309748855409 -0.0235411250866 -0.0235411250866
-0.65820331694 -1.77538797514 0.0237080785581 0.0237080785581
-0.819400404457 0.11864609506 -0.0238666534135 -0.0238666534135
-1.25745057672 -0.936556240424 0.0240192982475 0.0240192982475
-0.709841021051 -0.246732023602 -0.0241681384263 -0.0241681384263
-1.30960225697 -0.23859999906 0.024315101533 0.024315101533
-0.675947904675 0.278603844002 -0.0244620203335 -0.0244620203335
-1.33817590414 0.06719312414 0.024610725378 0.024610725378
-0.640863334194 1.61972254793 -0.0247631373625 -0.0247631373625
-1.41457302939 0.419764395245 0.024921369333 0.024921369333
-0.129041859027 1.5715786777 -0.0250878506979 -0.0250878506979
-0.10300811157 0.428736904366 0.0252654894082 0.0252654894082
0.0612263083475 1.57445859036 -0.0254578969632 -0.0254578969632
0.561289403837 0.419781288343 0.0256697160196 0.0256697160196
0.594383089858 1.58963264256 -0.0259071182813 -0.0259071182813
0.24866807531 0.392211969358 0.0261785936118 0.0261785936118
1.53174221255 1.66064183347 -0.0264962579393 -0.0264962579393
0.533573045784 -0.340484563653 0.0268781339259 0.0268781339259
1.42362252565 0.453843762994 -0.0273523749998 -0.0273523749998
0.641676336474 -0.434309420327 0.0279656919041 0.0279656919041
0.535848562233 -0.365555098257 -0.0288018377032 -0.0288018377032
0.353076505477 -0.758703539254 0.0300276478108 0.0300276478108
1.59147072503 0.711029421627 -0.0320304125295 -0.0320304125295
-0.469725676951 -1.59238579576 0.035962395607 0.035962395607
1.42556167836 0.541936809197 -0.0474746648521 -0.0474746648521
-0.409739399299 -0.578554604345 0.998972844211 0.998972844211
