16.0 4.0 -9.51619735393e-18 -9.51619735393e-18
1.37311988933 1.44521637811 -0.065274066465 -0.065274066465
-3.31928686502 0.585127959425 0.0826840358104 0.0826840358104
1.67099393026 1.36214882925 -0.0825748769302 -0.0825748769302
-1.95388617473 0.705058869251 0.0726962057638 0.0726962057638
0.190035079971 1.21933870911 -0.0568941875269 -0.0568941875269
-0.406451679211 0.858742870556 0.0379733699956 0.0379733699956
0.145491260183 1.06641761499 -0.0183199571557 -0.0183199571557
-1.0 1.0 1.23777592385e-17 1.23777592385e-17
-0.392667813005 0.946256036436 0.015292134507 0.015292134507
0.574804046691 1.09181364891 -0.026318230073 -0.026318230073
-0.674554977945 0.887334069122 0.0323661409913 0.0323661409913
0.687537031255 1.11627444656 -0.0332826241756 -0.0332826241756
-0.617893018734 0.895974259745 0.0294589944742 0.0294589944742
0.475971854651 1.0784436167 -0.0217678317245 -0.0217678317245
-0.273183420918 0.95727625183 0.011455450694 0.011455450694
1.42108547152e-15 1.0 1.00731185443e-17 1.00731185443e-17
1.18862866361 1.04799163019 -0.011051161029 -0.011051161029
-0.1449416221 0.895581712059 0.0202489172187 0.0202489172187
0.883935821744 1.19331873 -0.0263982196614 -0.0263982196614
0.810078514832 0.44724686057 0.028686913652 0.028686913652
1.26034441378 -0.0971151210793 -0.0267748595667 -0.0267748595667
0.765400114213 0.0342074147036 0.0208345562848 0.0208345562848
1.14146347368 -0.0142842307077 -0.011539283596 -0.011539283596
1.0 2.03012210217e-16 2.61514459426e-18 2.61514459426e-18
0.825396200237 0.0527623395049 0.0123426410647 0.0123426410647
1.39071402012 -0.735981705554 -0.0238602497832 -0.0238602497832
-0.0133215073796 -1.18090519501 0.0328981842676 0.0328981842676
0.273429104429 -0.844213032606 -0.0379398634276 -0.0379398634276
-0.295045874914 -1.13340382204 0.0377563634522 0.0377563634522
0.143914323759 -0.896382989922 -0.031524137368 -0.031524137368
-1.29690032603 -1.06315136811 0.0188946858527 0.0188946858527
-1.0 -1.0 3.10503900083e-19 3.10503900083e-19
-0.683148998221 -0.129788437218 -0.0246276413149 -0.0246276413149
-1.66565604649 0.818275500812 0.0542664384286 0.0542664384286
0.0271276354575 0.654831800262 -0.0884819795301 -0.0884819795301
-2.37288472376 -0.494932744836 0.128398834498 0.128398834498
0.666689890311 0.495771949331 -0.181615595985 -0.181615595985
-2.83017047008 -0.516405283777 0.300332236328 0.300332236328
2.30206110714 0.536866719128 0.974515804886 0.974515804886
