17.0 6.0 -5.22457893941e-17 0.0
3.90200357416 0.887244098431 -0.0924122652532 -0.0773510129099
-1.70775122855 -0.663135977123 0.116321092768 0.0933900615642
3.33948771208 0.388879237169 -0.109258173758 -0.0853615328236
-1.01464943843 0.0505157633859 0.0845128117262 0.0649691986795
0.898935346375 1.28586988715 -0.0516771067275 -0.0394553283386
-0.400357852503 0.925199546109 0.0188015531028 0.0143802258003
-1.12402556084 0.978334342052 0.00795855156172 0.00615161852257
0.216400061778 1.02538612878 -0.0249483762182 -0.0196823665576
-0.910595447532 1.07985450035 0.0312710550009 0.0254895289727
-0.949948104851 0.475466138554 -0.0285259847978 -0.0244232188356
-0.845092359956 0.116160625103 0.0200662097922 0.018490381429
0.200206874996 1.18842061547 -0.00994763194252 -0.010267146141
-0.0334794513841 0.971205640149 0.00181677098034 0.00226456617359
-0.0409588423542 0.9656982661 0.00200571574524 0.00361792790843
0.0427334051943 1.03907873378 -0.00103884407415 -0.00644016670282
0.0126539960428 0.998391538255 -0.00335691595843 0.00630683663085
-0.0973089884017 0.939021341827 0.00847746517215 -0.00418916393371
0.175415387993 1.12801455673 -0.0111419931847 0.00154118202894
-0.211591247326 0.824034468133 0.00871094813249 0.000185079310501
-1.0 -6.00826578032e-16 -1.04491578788e-16 1.63268091857e-18
-0.0311085868732 0.927214756695 -0.0141428918879 -0.00230499342272
-0.711656397073 0.320741798857 0.030753296937 0.00606257038076
-1.03707718456 0.330682861554 -0.0451998396404 -0.0098859819914
-1.09587398266 1.03339640008 0.0520792837034 0.0120433499686
-0.856829747268 -0.35981231583 -0.0463521938783 -0.0109624218013
-1.09104772505 0.120478924999 0.0244276814646 0.0057443539056
-1.06073146833 0.0537555619406 0.015156873575 0.00344126131754
-0.711505536151 -0.191522662302 -0.0719387444601 -0.015184560309
-1.54379642849 0.274907012994 0.145727720687 0.0269427625693
-0.246040901209 -0.0706024850503 -0.246265269258 -0.0354192421948
-1.7649729234 1.78277427744 0.472949204572 0.0371413823859
1.34766678566 -1.57847463649 0.906273620744 -0.0291091680116
3.8853677791 -7.03762823407 -0.0379265020351 0.00934807165666
1.05000061654 -1.81151096709 -0.0284049595923 0.0228321592718
1.42980657753 0.824705269894 0.0129171085374 -0.0671606763483
-0.0856447456784 -1.06298860649 0.0430960931894 0.124063273345
2.79698325792 1.1733247515 -0.1348216458 -0.201444152009
-1.53514426263 -1.20641551925 0.322729314267 0.367369856683
2.63305644788 1.16745200727 0.984248143279 0.963336072061
