11.0 10.0 0.0 0.0
5.79646132792 4.89408817735 -0.182236176263 -0.182236176263
-0.836741172774 -1.95500584581 0.101380548108 0.101380548108
0.341406574649 -0.745754782884 0.0433053088897 0.0433053088897
2.2769888426 1.58976020597 -0.0939453862422 -0.0939453862422
0.615104384779 -0.571525176869 0.030895286065 0.030895286065
0.42078434301 -1.58692709167 0.0503204192864 0.0503204192864
1.62551780318 0.016939069941 -0.0591053424234 -0.0591053424234
1.0 -5.68434188608e-16 6.83383025096e-18 6.83383025096e-18
0.607119643095 -0.550528132669 0.0499643424287 0.0499643424287
1.1437917118 0.535178633406 -0.0357958511994 -0.0357958511994
0.274586872381 1.06779117265 -0.0183144322509 -0.0183144322509
-0.544998249069 0.714515463382 0.0456461201437 0.0456461201437
0.171569296083 1.12168265161 -0.0167953502988 -0.0167953502988
0.259251125911 1.2331816292 -0.0300614830069 -0.0300614830069
-0.251569665384 0.691180162841 0.0383130963417 0.0383130963417
9.59232693276e-16 1.0 -1.61324848592e-18 -1.61324848592e-18
-0.420723931299 1.31174919329 -0.0371797112327 -0.0371797112327
-1.14136390556 0.760214540581 0.0282982347181 0.0282982347181
-0.231484263877 0.869228525167 0.0153243492384 0.0153243492384
0.107557915406 1.34563792798 -0.0403179188324 -0.0403179188324
-1.2417088494 0.865626678668 0.0156321289992 0.0156321289992
-0.790792429244 0.746521056559 0.0294537719755 0.0294537719755
0.886209428026 1.3399301373 -0.0395054969432 -0.0395054969432
7.46069872548e-16 1.0 1.61324848592e-18 1.61324848592e-18
-1.36829507259 0.635370245532 0.0425441406237 0.0425441406237
-0.47501568521 1.29197151863 -0.0341977216334 -0.0341977216334
0.0802116220582 1.16658237673 -0.0196139683317 -0.0196139683317
-0.31782039532 0.537174775955 0.0548720459226 0.0548720459226
0.0999049688976 1.1901334729 -0.0227445062125 -0.0227445062125
-0.400416598374 1.38133329987 -0.0461477332964 -0.0461477332964
-1.52078981621 0.452141891795 0.067310829512 0.067310829512
0.0 1.0 -6.83383025096e-18 -6.83383025096e-18
1.17955058257 1.69680881979 -0.0898028963697 -0.0898028963697
-1.09067094825 0.377243366454 0.0834989812389 0.0834989812389
-1.45883335491 0.592663214603 0.0580102336961 0.0580102336961
0.878271886388 2.35455241322 -0.213468456492 -0.213468456492
-0.638982350056 0.276822272214 0.139494540426 0.139494540426
-1.8888264413 -1.52535189373 0.900464429309 0.900464429309
5.05474480008 4.47907003003 0.784503624105 0.784503624105
