12.9533705118 22.5225170088 0.124357347884 0.124357347884
-0.0565550591005 -1.52001818946 -0.0465496018039 -0.0465496018039
1.14802523429 -0.472823693897 0.0231456066618 0.0231456066618
-0.671849519843 -1.53734737709 -0.0117629979388 -0.0117629979388
1.22761150408 -0.452572279473 0.00496572276495 0.00496572276495
-0.204296789597 -1.55648820099 -0.000400801248046 -0.000400801248046
0.394783304337 -0.436909403903 -0.00291140082762 -0.00291140082762
-0.637350903293 -1.56244691209 0.00545183133335 0.00545183133335
-0.444953983221 -0.468846752301 -0.00748450148936 -0.00748450148936
0.33273122388 -1.12247893865 0.00916663895575 0.00916663895575
1.49436820465 0.876952898183 -0.0105979426602 -0.0105979426602
-0.349306310229 -1.70687961314 0.0118449118346 0.0118449118346
0.602110260422 -0.0493107191239 -0.0129538288559 -0.0129538288559
0.307771433201 -1.04017640888 0.0139581330042 0.0139581330042
0.741472584084 0.0949012993375 -0.014882832681 -0.014882832681
0.21802267339 -1.1469772508 0.0157472685935 0.0157472685935
0.829791192129 0.2143228179 -0.0165669188244 -0.0165669188244
0.0715455747206 -1.34564948419 0.0173546290927 0.0173546290927
0.040113912905 -0.482422451656 -0.0181214915743 -0.0181214915743
-0.0365188490392 -1.65807009739 0.0188775093762 0.0188775093762
-0.311165661479 0.144644219531 -0.0196321364047 -0.0196321364047
-1.33085522523 -1.14053759583 0.0203947569906 0.0203947569906
-0.711503570273 0.198523708606 -0.0211751580107 -0.0211751580107
-1.27547825435 -0.444552717184 0.0219840448252 0.0219840448252
-0.733370944054 0.701548761334 -0.0228336607254 -0.0228336607254
-1.25059433194 0.33103905386 0.0237385902642 0.0237385902642
-0.801951226173 0.180713016641 -0.0247168663876 -0.0247168663876
-0.58841415387 0.336448954865 0.0257915733995 0.0257915733995
-0.366109140862 0.76830534127 -0.0269932704425 -0.0269932704425
-1.56498444164 0.201475897842 0.0283638121667 0.0283638121667
-0.222232613113 0.763543678002 -0.0299626444076 -0.0299626444076
-0.737726560412 0.586025314396 0.0318777083108 0.0318777083108
-0.354918614936 1.48518440856 -0.0342454716833 -0.0342454716833
0.652710384224 0.47838846145 0.0372904836761 0.0372904836761
0.447916668665 1.53731340018 -0.0414109999446 -0.0414109999446
0.6604108605 -0.654900466355 0.0473884122849 0.0473884122849
1.33359490645 0.939473643273 -0.0569957016241 -0.0569957016241
0.653247042857 0.128394597138 0.0753047087293 0.0753047087293
1.38867888703 0.330884791034 -0.125042434478 -0.125042434478
-0.0821827641624 -0.404171443212 0.839300801651 0.839300801651
