9.0 13.0 1.23358113847e-17 3.08395284618e-18
1.8879440796 1.49560058799 -0.0379787576082 -0.0512947984164
0.234278460929 -1.40348061197 0.0450378810127 0.0654854967475
1.01177977504 0.648433607318 -0.0448570137535 -0.0671638034914
-0.303038659383 -1.9089329553 0.0421632190824 0.0622374651096
1.95566813458 1.50295151819 -0.0382041611565 -0.0533606146381
-0.0144924972361 -1.47678451347 0.0331986782135 0.0422780161694
0.464628747105 -0.183025143468 -0.0270206555476 -0.0303701033022
0.983048030724 -0.236033206867 0.0194764653324 0.0187824884574
1.01689114513 0.0811663212159 -0.0104518449505 -0.00843528207301
1.0 -1.0 0.0 -6.16790569236e-18
1.0078527468 -0.303319196994 0.0116077977123 0.0061227688875
0.953041839456 0.522254213072 -0.02386155309 -0.00981047251521
1.11280562089 -1.29503664953 0.0360167640458 0.0112044720555
0.805306853269 -0.0362426609427 -0.0471163655512 -0.0106736604121
1.27775437273 -0.252915501069 0.0560176906551 0.00875829969108
0.6556813745 0.305880772042 -0.0613999766908 -0.0060991304882
1.37477806315 -0.295114161769 0.0616989404557 0.00335856666438
0.652547179453 0.244730037615 -0.0548273303035 -0.00114172080001
1.23598443608 -0.154036939348 0.0372104681596 -7.49097348613e-05
1.0 1.97372982156e-16 9.25185853854e-17 -6.16790569236e-18
0.557047069188 0.294779828496 -0.0936092771423 0.00143643639137
1.86704471197 -1.05169188526 0.944545065004 -0.00407087008485
-9.50805629763 6.49718368515 0.353618771498 0.00751925832543
-5.56944885764 4.98646003198 -0.169848972527 -0.01121387611
2.7487163845 -0.975151477008 0.103556949483 0.0144601958487
-0.392751014092 2.39621966988 -0.0622375877102 -0.0165079463602
0.42735076211 -0.0416092762127 0.0322896230182 0.0166289190243
-0.207117663046 1.7276541315 -0.0109973609304 -0.0141931645695
0.0563667343326 0.608004679217 -0.000932564990548 0.00873494383417
0.0 1.0 0.0 -1.23358113847e-17
0.0754903481775 1.48253865435 0.0238670294997 -0.0120340513397
-0.984887864253 -0.113441920075 -0.111263742471 0.0271733037616
-0.156683073047 2.73476771679 0.793242159069 -0.0450732516507
-0.62812419598 -7.83736885132 0.58938498209 0.0653874300094
-0.919223651173 -4.51203361096 -0.316789421553 -0.0880998556212
-1.32710743413 0.361033492408 0.252764811043 0.114429954317
-0.486070191199 -0.855071180718 -0.236006258624 -0.150368308578
-1.61286915343 -1.70247796552 0.281648454162 0.233492242324
0.970085904735 1.29966431614 0.963390428396 0.983606673679
