13.0 8.0 1.30614473485e-17 0.0
2.23033425331 2.26428749069 -0.071964158958 -0.0773510129099
-2.02616848757 -0.158113866807 0.0859010741484 0.0933900615642
1.73843149519 1.95462710222 -0.078670596122 -0.0853615328236
-1.56614430507 0.309580826532 0.0608033964837 0.0649691986795
-0.302644085166 1.4075244128 -0.03801177009 -0.0394553283386
-0.106395992995 0.853709883855 0.0144642079066 0.0143802258003
-0.0354822621315 0.937590490804 0.00655653509357 0.00615161852257
-0.63390811552 1.20310907001 -0.0225844760551 -0.0196823665576
-0.910632639472 0.720485706605 0.0320377276381 0.0254895289727
1.04535068718 1.32099443291 -0.0342810488162 -0.0244232188356
0.755985282626 0.546171665954 0.0296300796993 0.018490381429
1.15811127498 -0.0434324108547 -0.0192778882679 -0.010267146141
0.962090964713 0.00383612080374 0.00514288372194 0.00226456617359
0.934573918749 0.00648977891417 0.0103504609897 0.00361792790843
1.12514857426 -0.0148164341306 -0.0245376991155 -0.00644016670282
0.884582165129 -0.00782870590111 0.0348008490078 0.00630683663085
0.870829510781 0.26449138268 -0.0388453106756 -0.00418916393371
-0.569070935756 1.31289103387 0.0349362532375 0.00154118202894
-0.893382092969 0.833011447642 -0.0220633434927 0.000185079310501
7.83686840912e-16 1.0 -1.30614473485e-17 1.63268091857e-18
0.0458200160562 1.21106398217 0.0307929107695 -0.00230499342272
-0.0580523935407 0.550490248154 -0.0695396158244 0.00606257038076
0.0595856856821 1.67791300285 0.116237252153 -0.0098859819914
-0.0450476631475 0.159049887366 -0.175782850148 0.0120433499686
0.00800062570319 1.83224828818 0.288662447493 -0.0109624218013
0.0408678827003 -0.940422053652 0.989348003591 0.0057443539056
0.956127327182 -7.97268102551 0.0557219738843 0.00344126131754
0.405459498298 -2.56407213465 -0.118167608425 -0.015184560309
-0.470845582447 0.0472845438927 0.13182020478 0.0269427625693
0.513864613052 -1.67533297613 -0.12317201383 -0.0354192421948
-0.483207772363 -0.636780134169 0.098791016914 0.0371413823859
0.351015529901 -1.13309657249 -0.0622771443901 -0.0291091680116
-0.105995259094 -0.987227507999 0.0167028289085 0.00934807165666
-0.244198289709 -1.01588098878 0.0351017025837 0.0228321592718
0.672513961725 -0.865152817422 -0.091060396028 -0.0671606763483
-1.13547962565 -1.33936588577 0.151523316056 0.124063273345
1.57948021129 -0.424870878562 -0.225794307914 -0.201444152009
-1.94935976103 -1.72112250776 0.384323969988 0.367369856683
2.19784178514 1.31864021932 0.955322309577 0.963336072061
