9.0 9.0 -4.80096443081e-17 4.20084387696e-17
0.632108452942 1.54880342733 -0.0488971891608 -0.0387739529946
-0.590778437535 0.589307876999 0.0691765023595 0.0512034122389
1.21920598219 0.622333720409 -0.0794976685786 -0.0557108302197
0.765461987938 -0.463503150965 0.0839999269333 0.0562728570465
1.18976798465 0.3792358019 -0.0842478391082 -0.0543227039723
0.859959035668 -0.313375418773 0.0810703103366 0.050565236266
1.09425483386 0.256599167624 -0.0750390312199 -0.0454420084493
0.944827311613 -0.206031440727 0.0666309466481 0.0392864535487
1.02401969804 0.160462353743 -0.0562918640364 -0.032384035739
0.998486335368 -0.119193863047 0.0444622992257 0.024997171394
0.988249051793 0.0815757258423 -0.0315866239491 -0.0173751995037
1.01495541431 -0.0466126724893 0.0181139859859 0.00975735611871
0.993726402204 0.0121711215071 -0.00449488638087 -0.00237226171898
0.979940787346 0.027913857699 -0.00882456743221 -0.00456436229954
1.09252335933 -0.102487049626 0.0214095379855 0.0108528231536
0.128147051223 0.872265270446 -0.0328436528083 -0.0163128852412
-0.0155514511236 1.03774475152 0.0427358843773 0.0207871453423
-0.0588751140507 0.994770797322 -0.0507265443115 -0.024144110531
0.169795629727 0.984174713104 0.0564917996106 0.0262808009946
-0.59462924991 1.03550896537 -0.0597460022332 -0.0271247442289
-0.77756630656 0.938478533217 0.0602408587081 0.0266352593538
0.294727616909 1.11038670321 -0.0577599274365 -0.0248039550539
-0.344238581948 0.727950927891 0.0521058351905 0.0216543833936
-0.971442148659 0.00713886519657 -0.043075295117 -0.0172408038475
0.15725044642 1.15387443318 0.0304118583258 0.0116460144956
-0.0562532707491 0.952569554676 -0.013713929814 -0.00497819442303
-0.032875433191 0.976906267512 -0.00775740595226 -0.00263333900444
0.185850823159 1.10044473543 0.0355261771025 0.0110436460451
-1.16183875458 0.794457182706 -0.0731223817175 -0.0200993350737
0.100995346624 1.36594466019 0.130294426113 0.0296481758853
-0.589103594459 0.365423966594 -0.244818614493 -0.0395528311575
1.45349677239 1.95168876369 0.806684687152 0.0497124394316
-5.47259510156 -5.63630347815 0.544534748277 -0.0601009854277
-6.87681627224 -7.08802046226 -0.146523948184 0.0708461268973
2.55896989007 1.22734369603 0.0422456446266 -0.0824207239241
-1.67975583238 -2.44617250773 0.0171513531324 0.0962176704529
1.27797362862 0.0880686836581 -0.0669126692649 -0.116907271432
-1.03343329215 -1.83854404776 0.141184333429 0.170159050841
0.860788728433 0.869672540505 1.00357108784 0.990779592424
