22.380952381 7.7619047619 0.0238095238095 0.0238095238095
-1.52740819972 0.859903487391 0.000583000741789 0.000583000741789
-0.480164582051 0.029611878759 -0.00851511321389 -0.00851511321389
-1.49680762859 -0.021197324766 0.0124814417139 0.0124814417139
-0.557988713236 -0.0318192651813 -0.0148849997004 -0.0148849997004
-1.23968666899 0.235646155345 0.016514152402 0.016514152402
0.384559827101 0.906123394934 -0.0177038481231 -0.0177038481231
-1.70676405344 -0.223980423441 0.0186207139904 0.0186207139904
-0.453395396288 0.0581609179679 -0.0193570800385 -0.0193570800385
-1.12838808566 0.367364390046 0.0199683222892 0.0199683222892
0.285249559866 0.77988831873 -0.0204897520254 -0.0204897520254
-1.46591874248 0.0525420683263 0.020945030949 0.020945030949
1.15132252194 1.61395371617 -0.0213506929179 -0.0213506929179
-1.66238064227 -0.0951610475849 0.0217187267508 0.0217187267508
0.465369532311 0.843171756253 -0.0220581292269 -0.0220581292269
-0.748788166743 1.01384277998 0.0223758819255 0.0223758819255
1.55920622187 0.273260539145 -0.0226775920543 -0.0226775920543
-0.50873234822 0.606045901132 0.0229679311678 0.0229679311678
1.49506601199 1.28254895876 -0.0232509501987 -0.0232509501987
-0.509183327048 0.748484194686 0.0235303192108 0.0235303192108
0.619047619048 1.2380952381 -0.0238095238095 -0.0238095238095
0.295635832097 0.765822843796 0.0240920413768 0.0240920413768
-0.397905630295 1.24446310972 -0.0243815164194 -0.0243815164194
-0.569082828248 0.677969662012 0.0246819541514 0.0246819541514
-0.616174612641 0.0827699280731 -0.0249979549275 -0.0249979549275
-1.43433251066 -0.109873607988 0.0253350203546 0.0253350203546
-0.559935062956 0.0989734845237 -0.0256999774643 -0.0256999774643
-1.42000802559 -0.0503487894788 0.0261015956663 0.0261015956663
-0.646255248319 -0.223486117861 -0.0265515234665 -0.0265515234665
-1.00450360779 -1.30083408359 0.0270657716102 0.0270657716102
0.503075457817 -0.765537464258 -0.0276671686087 -0.0276671686087
0.0400894483616 -1.20591568197 0.0283896371375 0.0283896371375
1.1413956793 -0.814442937426 -0.0292861021864 -0.0292861021864
-0.790417752001 -1.16173161255 0.0304442366887 0.0304442366887
0.667877630225 -0.893199559857 -0.0320209154583 -0.0320209154583
-0.00940228695831 -0.471133691803 0.0343277335849 0.0343277335849
1.90265859875 0.365343674432 -0.0380848797746 -0.0380848797746
-0.701517650662 -1.1311401919 0.0454189056865 0.0454189056865
2.47338347633 0.0377518912948 -0.0665749720287 -0.0665749720287
-0.396414693766 -0.11050791849 0.972371702816 0.972371702816
