13.0 6.0 4.33257765707e-17 3.52021934637e-17
-0.342007662313 0.820551371404 0.00728764559055 0.0123826178158
-0.714265120722 1.21249822903 -0.00794280319923 -0.0164756780662
-1.25378387208 0.765374292462 0.00749925281672 0.0185347976164
0.339001403064 1.25056509203 -0.00682690476209 -0.019786673058
-1.50012782847 0.737488646529 0.0061346179164 0.0206369581156
-0.42747214378 1.27155065473 -0.00547789717831 -0.0212587795628
-0.458551836139 0.721881363337 0.00486832539855 0.0217385179891
-0.652266093797 1.28205628274 -0.00430386050022 -0.0221241389519
-0.10685730548 0.717772291242 0.00377844128811 0.0224444563122
0.14038019665 1.2748521121 -0.00328522111463 -0.0227178669031
-0.000774615839309 0.755062830239 0.00281762874462 0.0229567111664
1.38896708603 1.07244490721 -0.00236964402556 -0.0231696199267
0.666550250127 -0.494169699921 0.00193578422509 0.0233628565914
1.31298101152 0.451699986182 -0.00151098577509 -0.0235411250866
0.700533555536 -0.462168750306 0.0010904496179 0.0237080785581
1.28588267698 0.523478023102 -0.000669472034798 -0.0238666534135
0.732545902154 -0.855394822847 0.00024326301597 0.0240192982475
1.23541170464 -0.410023584521 0.00019325573391 -0.0241681384263
0.841396506053 -0.00227415879841 -0.000645688159011 0.024315101533
0.744196314799 -0.316384213609 0.00112045942586 -0.0244620203335
-0.0137940295046 -1.00168180728 -0.00162520392607 0.024610725378
1.68856904868 0.713762645025 0.0021692983642 -0.0247631373625
-0.0985708966298 -1.16360694513 -0.00276462392348 0.024921369333
0.796104053278 -0.0795698955795 0.0034266966477 -0.0250878506979
0.981481968708 -0.281793226918 -0.00417640582946 0.0252654894082
0.515262742216 0.852989954328 0.00504279184677 -0.0254578969632
-0.232423568763 0.970816128004 -0.00606767849126 0.0256697160196
-0.452325581652 0.446153009364 0.00731378955377 -0.0259071182813
-0.731534217222 0.321582218276 -0.0088798378581 0.0261785936118
0.52554432273 1.50454446811 0.0109307021338 -0.0264962579393
-0.475982895032 0.519090936929 -0.0137636727649 0.0268781339259
0.463673402738 1.49106393163 0.0179730789886 -0.0273523749998
-0.491145286695 0.474118785803 -0.0249377604129 0.0279656919041
1.26114498341 1.6095451395 0.038716954852 -0.0288018377032
0.682950001696 -0.520336963094 -0.0783838288234 0.0300276478108
0.521990335334 0.865486055355 0.951610855898 -0.0320304125295
-1.39647607266 -8.97103518726 0.116362632721 0.035962395607
1.26746047446 -1.3371801935 -0.0731056403459 -0.0474746648521
-0.280254279886 -0.0478830766492 1.00744071654 0.998972844211
