21.0 6.0 5.28677630774e-18 5.28677630774e-18
12.6759356544 4.39528773956 -0.209900426338 -0.209900426338
-2.11561271462 0.710317827177 0.0246750421186 0.0246750421186
-5.86895503948 -0.30106054627 0.123225090117 0.123225090117
0.256373022738 1.34031358389 -0.0328966296333 -0.0328966296333
2.64093423641 1.92385004902 -0.0852426441716 -0.0852426441716
-1.26698436577 0.531243964465 0.0371633958653 0.0371633958653
-2.72017494965 -0.329189122116 0.0630717052242 0.0630717052242
0.279862314947 0.370876883639 -0.0398829546279 -0.0398829546279
1.18717973318 1.02864455662 -0.0479265647773 -0.0479265647773
-1.28405463171 0.867477268939 0.0418491727567 0.0418491727567
-1.82418888913 0.847101368941 0.0364390285674 0.0364390285674
0.270924937448 1.20609668914 -0.0434038255873 -0.0434038255873
0.546840419025 1.1376352708 -0.0270153316643 -0.0270153316643
-1.21308795708 0.761387257351 0.0447223096567 0.0447223096567
-1.30267507157 0.89643318095 0.0187750721565 0.0187750721565
-0.105605101927 1.25988217813 -0.045908603505 -0.045908603505
-0.759684657379 1.06452899737 -0.0111577006274 -0.0111577006274
-2.10388501277 0.722844418946 0.0470340938995 0.0470340938995
-1.09825240336 0.977544404252 0.00374560014091 0.00374560014091
0.607466216819 1.29357863761 -0.0481569206341 -0.0481569206341
-0.0797523710515 0.97621562612 0.0038355303434 0.0038355303434
-1.45784492174 0.688435513831 0.0493346680866 0.0493346680866
-0.814485584075 1.07733206009 -0.0119955243999 -0.0119955243999
-0.0922922403436 1.33454728584 -0.0506367951042 -0.0506367951042
-1.41646269805 0.855013251386 0.0212755378375 0.0212755378375
-2.10739669905 0.629305933416 0.0521629634395 0.0521629634395
-0.223208992283 1.24578274329 -0.0325137244376 -0.0325137244376
0.837242002033 1.45297750625 -0.0540790446853 -0.0540790446853
-0.956128695421 0.513207996818 0.0472069368354 0.0472069368354
-1.7875076528 -0.161055906553 0.0567036155104 0.0567036155104
0.229114687033 0.429305135012 -0.0684674523291 -0.0684674523291
0.778726138473 1.03469365239 -0.0607624718289 -0.0607624718289
-1.63341674146 0.757944395666 0.104218831308 0.104218831308
-1.78562562887 0.797287311759 0.0683868368544 0.0683868368544
1.31022041014 1.57852746054 -0.182767164373 -0.182767164373
0.793188337992 1.27431351047 -0.0898259222274 -0.0898259222274
-3.66434952097 -0.3737230624 0.538951292039 0.538951292039
-0.932457472328 -0.209761611939 0.995902022027 0.995902022027
12.3429390451 3.20438039911 0.66862286093 0.66862286093
