12.2374394271 4.69119469283 0.0904464291764 0.0677191564491
0.65113455601 -0.211101165963 -0.0433040441658 -0.0205767714385
1.21641648494 0.412335198381 0.0284557119845 0.00572843925721
-0.369611090827 0.633528961161 -0.0211165851621 0.00161068756522
1.83722022151 0.284028134584 0.0166965132139 -0.00603075951334
-0.220415060737 1.16319716727 -0.0137122039941 0.00901506873318
1.09723804462 0.931388176598 0.0115388184015 -0.0111884543258
-0.00278657439063 1.02645377935 -0.00986724639732 0.01286002633
0.265914871937 0.998369571293 0.00852688534423 -0.014200387383
-0.322314325794 0.9849998832 -0.00741572081245 0.0153115519148
1.21962885448 1.02676255841 0.00646885628515 -0.0162584164421
-1.32003602314 0.965109530448 -0.00564289065031 0.017084382077
0.516663532017 1.03937235931 0.00490754829561 -0.0178197244317
-0.500081924782 0.961408338487 -0.00424090976884 0.0184863629584
0.514494315353 1.02662602597 0.00362654997954 -0.0191007227477
-0.570314426148 1.0233962764 -0.00305174147467 0.0196755312526
1.03638935198 0.515656276031 0.00250627787381 -0.0202209948535
0.692662793864 -0.246013538052 -0.00198166992043 0.0207456028068
1.33469107606 0.209652892709 0.00147056948217 -0.0212567032451
0.703397696553 -0.206653073053 -0.000966332416384 0.0217609403109
0.171651482013 0.217896216261 0.909553570824 -0.0222646109946
-5.18486323433 -0.241787206612 4.67112289955e-05 0.0227739839563
-0.0675238364918 0.285445568813 -0.000568342565241 -0.0232956152925
-1.87987454884 -0.37835613447 0.00110942290437 0.0238366956316
0.203814145224 0.754591970416 -0.00167819621044 -0.0244054689377
-1.10657268768 0.314527857669 0.00228450505264 0.0250117777799
0.0572620571457 0.65527442809 -0.0029405444333 -0.0256678171606
-0.991598155815 0.394538053301 0.00366195609068 0.026389228818
-0.727965197009 -0.0978469769527 -0.00446948696903 -0.0271967596963
-1.345252827 0.00303913614026 0.00539161029546 0.0281188830227
-0.628719763567 0.0641465324963 -0.00646885628515 -0.0291961290124
-1.32947435385 -0.177777942437 0.00776133647366 0.0304886092009
0.550696423653 -0.96681114749 -0.00936261855731 -0.0320898912846
-0.581092873706 -1.13289199576 0.011427253796 0.0341545265232
0.862923828279 -0.559792353605 -0.0142307326371 -0.0369580053644
0.659997596181 0.0687627749237 0.0183173600731 0.0410446328003
1.40885428289 0.00855750267372 -0.0249351663277 -0.047662439055
0.554686254666 -0.0475900430858 0.0377188008947 0.060446073622
1.49275288606 0.0775177844026 -0.0736283083429 -0.0963555810701
-0.319251460224 -0.107519706499 0.895846727602 0.91857400033
