8.37199833201 5.59534717531 0.0904464291764 0.0677191564491
0.859697333909 -0.138633491154 -0.0433040441658 -0.0205767714385
1.14518696928 0.134040264636 0.0284557119845 0.00572843925721
0.864366903055 -0.122081031447 -0.0211165851621 0.00161068756522
1.10778210927 0.0806237286708 0.0166965132139 -0.00603075951334
0.970267549814 0.261829328567 -0.0137122039941 0.00901506873318
0.501438343022 1.44186901183 0.0115388184015 -0.0111884543258
0.359502151018 -0.0146531184207 -0.00986724639732 0.01286002633
1.38783166645 0.890104353118 0.00852688534423 -0.014200387383
0.676944679106 0.947511272086 -0.00741572081245 0.0153115519148
0.361210021739 1.09113910068 0.00646885628515 -0.0162584164421
-0.321241211186 0.893810735987 -0.00564289065031 0.017084382077
0.310670505001 1.11157952286 0.00490754829561 -0.0178197244317
-0.311138037211 0.890538379627 -0.00424090976884 0.0184863629584
0.324933746506 1.09527998453 0.00362654997954 -0.0191007227477
-0.377513075009 0.957208422356 -0.00305174147467 0.0196755312526
0.840638529716 0.579543362391 0.00250627787381 -0.0202209948535
0.889691841073 -0.308254011213 -0.00198166992043 0.0207456028068
1.14003508938 0.271900092296 0.00147056948217 -0.0212567032451
0.886475643498 -0.273716826941 -0.000966332416384 0.0217609403109
0.0370925770793 0.31374373378 0.909553570824 -0.0222646109946
-4.08214801048 0.718942245821 4.67112289955e-05 0.0227739839563
-0.21935254447 1.35749934735 -0.000568342565241 -0.0232956152925
-0.568596087147 0.366337916237 0.00110942290437 0.0238366956316
-0.839073215465 0.554813068195 -0.00167819621044 -0.0244054689377
-1.21861383805 0.540282265647 0.00228450505264 0.0250117777799
-0.761136708499 -0.0827598733537 -0.0029405444333 -0.0256678171606
-1.25077888559 -0.0163955937831 0.00366195609068 0.026389228818
-0.738211388524 0.0856732919519 -0.00446948696903 -0.0271967596963
-1.27775117964 -0.918219205894 0.00539161029546 0.0281188830227
0.229699069171 -1.00023000977 -0.00646885628515 -0.0291961290124
-0.289338896827 -1.01172748676 0.00776133647366 0.0304886092009
0.430437251034 -1.01337026309 -0.00936261855731 -0.0320898912846
0.870334007908 -0.795010005289 0.011427253796 0.0341545265232
1.18233075277 0.222360227392 -0.0142307326371 -0.0369580053644
0.797242636777 -0.169857378972 0.0183173600731 0.0410446328003
1.21642992545 0.153813295276 -0.0249351663277 -0.047662439055
0.767864200872 -0.147200174017 0.0377188008947 0.060446073622
1.26846844778 0.144052432315 -0.0736283083429 -0.0963555810701
-0.0891317500357 -0.142279543354 0.895846727602 0.91857400033
