8.85714285714 8.61904761905 0.047619047619 0.0238095238095
-0.231231006871 0.948634417365 -0.0123110379704 0.000583000741789
0.124362753832 1.08031587444 -0.00394006044115 -0.00851511321389
-1.17618882425 0.896464439478 0.0145788793412 0.0124814417139
0.346860857179 1.12692662726 -0.0225418065913 -0.0148849997004
-0.2624544792 0.842873641694 0.0289427692074 0.016514152402
0.186264566274 1.21357525081 -0.0343283516881 -0.0177038481231
0.0640411991737 0.545782505183 0.0390096483185 0.0186207139904
1.39072579027 -0.00522983667476 -0.0431814100059 -0.0193570800385
0.684829011579 -0.0693296608961 0.0469736173764 0.0199683222892
1.28117190717 0.10634009955 -0.0504766035719 -0.0204897520254
0.74021487223 -0.136939621817 0.0537539962969 0.020945030949
1.24500744957 0.174365726765 -0.056848976145 -0.0213506929179
0.762184958953 -0.249733747505 0.059785702531 0.0217187267508
1.25748515458 0.852793165781 -0.0625653934949 -0.0220581292269
0.171991481313 0.940385809089 0.0651533487919 0.0223758819255
-0.784098804157 1.11965778002 -0.0674455864314 -0.0226775920543
-0.344653201658 0.837978142226 0.0691795062343 0.0229679311678
0.227925837689 1.20735083608 -0.0696550141077 -0.0232509501987
-0.183716627493 0.729421747732 0.0665823215346 0.0235303192108
0.142857142857 1.38095238095 -0.047619047619 -0.0238095238095
-0.0494853907251 -0.793215755143 1.05001394279 0.0240920413768
2.19722273651 -6.43749558169 -0.151533371624 -0.0243815164194
0.584992175659 0.330240382513 0.13929543705 0.0246819541514
0.235820833913 -1.17392893194 -0.143323225485 -0.0249979549275
1.06057145391 0.33825886439 0.154926368819 0.0253350203546
0.953107632608 -0.246320002863 -0.175241470952 -0.0256999774643
1.08846923429 0.232283252141 0.211863624707 0.0261015956663
0.831453316853 -0.280093171415 -0.294301872572 -0.0265515234665
1.17825567436 0.466995912569 0.67829726962 0.0270657716102
-2.47754387746 -1.65897549219 0.526416574505 -0.0276671686087
-2.43556995629 -2.43767656792 -0.0858961268342 0.0283896371375
0.956438348867 -0.322896854233 -0.0132697989846 -0.0292861021864
-0.705179782784 -1.60409852785 0.0786066347877 0.0304442366887
1.16824884658 0.189911402253 -0.174682237329 -0.0320209154583
0.20034875654 -0.528275451444 0.889502183717 0.0343277335849
-1.56402173084 2.76769598042 0.234134537651 -0.0380848797746
-0.663711291031 1.31622157206 -0.0661850496754 0.0454189056865
0.422470196203 0.967874848423 -0.00291443815476 -0.0665749720287
-0.339752930495 0.0451942586615 0.933149278299 0.972371702816
