13.3197809321 5.02940479009 0.124357347884 0.124357347884
0.352201526694 0.199840021202 -0.0465496018039 -0.0465496018039
-1.04583411388 1.08079986199 0.0231456066618 0.0231456066618
-0.55839846856 1.02892390891 -0.0117629979388 -0.0117629979388
-0.391651680879 0.34877360027 0.00496572276495 0.00496572276495
-0.572777650433 0.63602379479 -0.000400801248046 -0.000400801248046
-0.594329292883 1.20658264879 -0.00291140082762 -0.00291140082762
-1.12685396362 0.841700062877 0.00545183133335 0.00545183133335
0.183897316987 1.13063128989 -0.00748450148936 -0.00748450148936
-1.71843596331 0.891234424549 0.00916663895575 0.00916663895575
0.298716681736 1.08683724848 -0.0105979426602 -0.0105979426602
-1.28259181234 0.940237153943 0.0118449118346 0.0118449118346
0.544709314628 1.01821461304 -0.0129538288559 -0.0129538288559
0.390513996418 1.0687771016 0.0139581330042 0.0139581330042
0.574729683148 0.518596021693 -0.014882832681 -0.014882832681
0.940577757554 0.450074354917 0.0157472685935 0.0157472685935
1.13521037913 0.540176161587 -0.0165669188244 -0.0165669188244
0.838435178895 -0.315817761846 0.0173546290927 0.0173546290927
1.17065901138 0.250480168525 -0.0181214915743 -0.0181214915743
0.82959445467 -0.216495988441 0.0188775093762 0.0188775093762
1.16278828369 0.193514031267 -0.0196321364047 -0.0196321364047
0.853297464921 -0.174140464813 0.0203947569906 0.0203947569906
1.11669788103 0.152498666672 -0.0211751580107 -0.0211751580107
0.946686785214 -0.114860181541 0.0219840448252 0.0219840448252
0.829254450871 -0.0405866931422 -0.0228336607254 -0.0228336607254
0.181837253036 -1.28186982127 0.0237385902642 0.0237385902642
0.846094180542 -0.765371550084 -0.0247168663876 -0.0247168663876
-0.426760795193 -1.22232674353 0.0257915733995 0.0257915733995
0.326058136086 -0.774028115717 -0.0269932704425 -0.0269932704425
-0.249302354402 -1.25546895316 0.0283638121667 0.0283638121667
0.0409735443445 -0.565568241371 -0.0299626444076 -0.0299626444076
-1.40062918422 -0.0549566595066 0.0318777083108 0.0318777083108
-0.666216911519 0.110732713806 -0.0342454716833 -0.0342454716833
-1.30617829708 -0.148004261611 0.0372904836761 0.0372904836761
-0.684795473951 0.996036310975 -0.0414109999446 -0.0414109999446
-0.317973186907 0.930611020614 0.0473884122849 0.0473884122849
-1.06330386789 1.08838689253 -0.0569957016241 -0.0569957016241
-0.20313825034 0.897189965179 0.0753047087293 0.0753047087293
0.90031508956 1.13929690248 -0.125042434478 -0.125042434478
-0.556836758671 0.175198301119 0.839300801651 0.839300801651
