20.0 5.0 4.20084387696e-17 4.20084387696e-17
0.622187629081 0.452679204659 -0.0387739529946 -0.0387739529946
-2.58946584654 -0.536913023883 0.0512034122389 0.0512034122389
1.23165715268 1.3172906506 -0.0557108302197 -0.0557108302197
-1.75249889927 -0.041113127895 0.0562728570465 0.0562728570465
-0.332137936605 0.647957570877 -0.0543227039723 -0.0543227039723
-1.0407811744 1.22259237088 0.050565236266 0.050565236266
0.186106957202 0.39741951987 -0.0454420084493 -0.0454420084493
-1.27180911619 0.305032984171 0.0392864535487 0.0392864535487
0.317951257293 0.912828619348 -0.032384035739 -0.032384035739
-1.32577920249 -0.0848898805048 0.024997171394 0.024997171394
0.292225173718 1.24955463558 -0.0173751995037 -0.0173751995037
-1.21241203835 0.901790478836 0.00975735611871 0.00975735611871
0.0725136511916 1.01806220896 -0.00237226171898 -0.00237226171898
0.102676704792 1.0229407118 -0.00456436229954 -0.00456436229954
-0.158269169079 1.0013209979 0.0108528231536 0.0108528231536
-0.582974274819 0.219997775682 -0.0163128852412 -0.0163128852412
-0.684412986502 0.472624302309 0.0207871453423 0.0207871453423
-0.0226402690172 1.39285732341 -0.024144110531 -0.024144110531
-1.3241899874 0.642404052086 0.0262808009946 0.0262808009946
0.998156887541 1.33307332911 -0.0271247442289 -0.0271247442289
-0.918936863378 0.69598845019 0.0266352593538 0.0266352593538
1.00986608142 1.26383746607 -0.0248039550539 -0.0248039550539
0.563109643156 0.796583837405 0.0216543833936 0.0216543833936
1.376972654 1.07724729047 -0.0172408038475 -0.0172408038475
0.743516836079 -0.262030657233 0.0116460144956 0.0116460144956
1.10882716383 0.124040201948 -0.00497819442303 -0.00497819442303
1.05712377461 1.04179446517 -0.00263333900444 -0.00263333900444
0.759273633239 -0.914255591036 0.0110436460451 0.0110436460451
1.4658658171 -0.974347771847 -0.0200993350737 -0.0200993350737
-0.299310795423 -1.11579106664 0.0296481758853 0.0296481758853
0.539260430652 -0.797680771585 -0.0395528311575 -0.0395528311575
-0.629865659654 -1.29055050615 0.0497124394316 0.0497124394316
0.328629152222 -0.612314224522 -0.0601009854277 -0.0601009854277
-1.79373781084 -1.5169452139 0.0708461268973 0.0708461268973
1.20999224102 -0.161881146001 -0.0824207239241 -0.0824207239241
-2.69263392507 -0.570056672084 0.0962176704529 0.0962176704529
0.632819766904 -0.616722337164 -0.116907271432 -0.116907271432
-2.57429654519 -0.22532728272 0.170159050841 0.170159050841
1.72255502762 0.346035960967 0.990779592424 0.990779592424
