9.30468057221 6.55622536371 0.156307312843 0.156307312843
-1.49391760572 0.152488559254 -0.0604105981461 -0.0604105981461
-0.120961240308 1.20838408821 0.0324056816837 0.0324056816837
-0.877679204086 0.841432556809 -0.0189212972355 -0.0189212972355
-0.0228787040684 1.14077692201 0.0109108254706 0.0109108254706
-0.303137468236 0.868151546705 -0.00554861910269 -0.00554861910269
-0.653529272282 1.12680118685 0.00166667900169 0.00166667900169
0.0918510687202 0.875932013435 0.00130576214797 0.00130576214797
-0.0381312013869 1.12319216614 -0.00368099376193 -0.00368099376193
0.105264162278 0.875662203872 0.00564453632532 0.00564453632532
0.88707902814 1.12838291864 -0.00731380062431 -0.00731380062431
-0.317265499741 0.862285462103 0.00876697431048 0.00876697431048
0.826066515196 1.15961338149 -0.0100583998287 -0.0100583998287
0.969074429164 0.769407055186 0.0112272912889 0.0112272912889
1.0580309237 0.362415658174 -0.0123029415953 -0.0123029415953
0.939096135431 0.65811262488 0.0133079785363 0.0133079785363
1.05335477933 -0.139539923016 -0.0142604887728 -0.0142604887728
0.964195584431 0.0896346149014 0.0151754632604 0.0151754632604
1.00122894096 -0.097552955198 -0.0160658279455 -0.0160658279455
1.08043043892 0.16384194581 0.0169432213619 0.0169432213619
0.471289644376 -0.600429894033 -0.0178186246452 -0.0178186246452
0.529511998692 -0.410401179437 0.0187029193609 0.0187029193609
0.393104637702 -0.651821298147 -0.0196074345917 -0.0196074345917
0.891562091591 -0.0896887910474 0.0205445426997 0.0205445426997
0.699736702626 -0.252636406389 -0.0215283724717 -0.0215283724717
0.312243776306 -1.25879710245 0.0225757317582 0.0225757317582
0.651671246064 -0.809672625695 -0.0237073766361 -0.0237073766361
0.420103024388 -1.16111796777 0.0249498460653 0.0249498460653
0.285515664624 -0.856017028766 -0.0263382316246 -0.0263382316246
-0.283961320094 -1.13208937864 0.0279205376272 0.0279205376272
0.290487839028 -0.877261737179 -0.0297648541249 -0.0297648541249
-0.353731448228 -1.11439615479 0.0319717574586 0.0319717574586
-0.607337226204 -0.894432161565 -0.0346970396354 -0.0346970396354
-0.00219706210098 -1.09313755938 0.0381964654162 0.0381964654162
-0.467750698864 -0.937443067604 -0.0429223091236 -0.0429223091236
-1.28355616383 -0.352620139584 0.0497583130966 0.0497583130966
-0.759528694303 -0.65212735093 -0.0606974235981 -0.0606974235981
-1.21463174627 -0.0621288682217 0.081381681132 0.081381681132
-0.834465262705 0.0715024902531 -0.136516669727 -0.136516669727
-0.529694895661 -0.0603189236729 0.788824312958 0.788824312958
