15.0 6.0 -1.90323947079e-17 -9.51619735393e-18
3.02478104635 0.692115091037 -0.076813350061 -0.065274066465
-0.893638197727 -0.436282489164 0.103518592095 0.0826840358104
2.64094170247 -0.356841340396 -0.109349736497 -0.0825748769302
-0.273164090819 -0.583877163775 0.101383119416 0.0726962057638
1.68781369496 1.67700771225 -0.0832924071882 -0.0568941875269
-0.76393042981 0.636903115139 0.0582222872143 0.0379733699956
0.275307022142 1.15435704924 -0.0293711181847 -0.0183199571557
-1.0 1.0 -1.42610773319e-16 1.23777592385e-17
-0.509462638435 0.890005937257 0.026747585201 0.015292134507
0.855252260248 1.17856812123 -0.0480860617974 -0.026318230073
-1.59389796056 0.791491187158 0.0618251354655 0.0323661409913
0.237249217163 1.20432602301 -0.0665652483512 -0.0332826241756
-0.79129866305 0.82740632203 0.0618251354655 0.0294589944742
-0.731263632972 1.12163072956 -0.0480860617974 -0.0217678317245
-1.19841210625 0.93914692225 0.026747585201 0.011455450694
-1.0 1.0 -8.66833552626e-18 1.00731185443e-17
0.115085219226 1.05155478717 -0.0293711181847 -0.011051161029
-0.942343636605 0.914962565604 0.0582222872143 0.0202489172187
-0.933235577611 1.09089644223 -0.0832924071882 -0.0263982196614
-0.753919438654 0.950549402556 0.101383119416 0.028686913652
0.19715739998 0.833121779655 -0.109349736497 -0.0267748595667
-1.53180321584 -0.296571683262 0.103518592095 0.0208345562848
-0.732105665196 0.192471935274 -0.076813350061 -0.011539283596
-1.0 1.0 -1.85593833945e-17 2.61514459426e-18
-0.577988649139 0.134782455015 0.986858445951 0.0123426410647
3.01724075284 -0.211554977982 0.276471986545 -0.0238602497832
1.51021947932 0.801356276069 -0.148717411718 0.0328981842676
1.09501426032 0.575272157678 0.0904589710705 -0.0379398634276
0.728457800337 0.0926961355972 -0.0507256160778 0.0377563634522
1.29178758795 1.14281245039 0.0227423010607 -0.031524137368
0.804546898906 -0.233713262954 -0.0057329554622 0.0188946858527
1.0 6.09036630652e-16 3.02675977155e-17 3.10503900083e-19
1.27666119995 0.176089179709 -0.0057329554622 -0.0246276413149
0.38789063636 -0.326391970771 0.0227423010607 0.0542664384286
1.97987907381 0.445018400727 -0.0507256160778 -0.0884819795301
-0.352286918375 -0.504276246982 0.0904589710705 0.128398834498
2.70760030125 0.357695733122 -0.148717411718 -0.181615595985
-1.07065658265 -1.79464146181 0.276471986545 0.300332236328
1.95937899297 1.01476982899 0.986858445951 0.974515804886
