14.0 24.0 4.20084387696e-17 4.20084387696e-17
1.16805743159 0.976213663408 -0.0387739529946 -0.0387739529946
-1.23317351807 -2.90775540614 0.0512034122389 0.0512034122389
1.99453497594 0.809632240825 -0.0557108302197 -0.0557108302197
-0.709304696161 -2.68175994238 0.0562728570465 0.0562728570465
1.35306158816 0.526306643653 -0.0543227039723 -0.0543227039723
0.105049680838 -2.34620318452 0.050565236266 0.050565236266
0.0694201417693 0.144318832606 -0.0454420084493 -0.0454420084493
0.265943144308 -1.92183683268 0.0392864535487 0.0392864535487
0.960360664576 -0.328124346995 -0.032384035739 -0.032384035739
-0.0778421159206 -1.32680954287 0.024997171394 0.024997171394
1.12508707847 0.373720398177 -0.0173751995037 -0.0173751995037
-0.110732087858 -1.31912819051 0.00975735611871 0.00975735611871
1.03726198121 -0.934272381492 -0.00237226171898 -0.00237226171898
0.0924918492652 -0.887004669266 -0.00456436229954 -0.00456436229954
0.739089809051 -1.23412447245 0.0108528231536 0.0108528231536
-0.144902186446 -0.742236650193 -0.0163128852412 -0.0163128852412
-1.86122753179 -0.604267344313 0.0207871453423 0.0207871453423
0.478845234131 -0.100597388754 -0.024144110531 -0.024144110531
-1.13185013538 -1.18010354702 0.0262808009946 0.0262808009946
-0.550933182443 0.44814833792 -0.0271247442289 -0.0271247442289
-1.51105605319 -1.71544613461 0.0266352593538 0.0266352593538
-0.480660031648 1.11416878412 -0.0248039550539 -0.0248039550539
-1.50939527968 -0.923383596388 0.0216543833936 0.0216543833936
-0.462561110858 0.825617812403 -0.0172408038475 -0.0172408038475
-0.245314694695 0.578954450554 0.0116460144956 0.0116460144956
-0.931630470679 0.135507256287 -0.00497819442303 -0.00497819442303
0.0178311715429 1.0445813977 -0.00263333900444 -0.00263333900444
-0.975528946735 0.758742824631 0.0110436460451 0.0110436460451
-0.973131759685 1.47102827191 -0.0200993350737 -0.0200993350737
-0.444230973846 0.278278695491 0.0296481758853 0.0296481758853
0.385868996252 2.01577331065 -0.0395528311575 -0.0395528311575
-0.0021343382618 -0.709034644073 0.0497124394316 0.0497124394316
1.85971227763 1.15875446995 -0.0601009854277 -0.0601009854277
0.091851204696 -1.39714293427 0.0708461268973 0.0708461268973
1.9795451682 1.58242468571 -0.0824207239241 -0.0824207239241
-0.0515603438338 -1.73096358574 0.0962176704529 0.0962176704529
2.12114087914 1.8447025485 -0.116907271432 -0.116907271432
-0.210338461829 -1.92242317188 0.170159050841 0.170159050841
1.06965193955 1.96087847718 0.990779592424 0.990779592424
