7.0 8.0 -7.20144664622e-17 4.20084387696e-17
0.520240301881 1.6472182715 -0.0295944349326 -0.0387739529946
0.363997948788 0.309717140989 0.0346713989925 0.0512034122389
0.865052123127 1.70820056688 -0.033562126402 -0.0557108302197
-0.738451539497 0.29599160944 0.0301774393764 0.0562728570465
0.678803512824 1.67993694228 -0.025887956741 -0.0543227039723
-0.628745085999 0.36164593345 0.0213262580215 0.050565236266
0.583449515851 1.58221596282 -0.0168444473392 -0.0454420084493
-0.556512595173 0.483931287474 0.0126653553862 0.0392864535487
0.658163978571 1.450783477 -0.00894108385878 -0.032384035739
0.842550091317 0.55024317724 0.00577803078181 0.024997171394
1.14751515529 -0.0362188226142 -0.0032482382597 -0.0173751995037
0.908381520395 -1.11105999153 0.00139469571991 0.00975735611871
1.02362530468 0.0618600262293 -0.000233844026331 -0.00237226171898
1.04760980076 0.122616873471 -0.000243244122635 -0.00456436229954
0.881681558626 -1.13670820223 7.03248860162e-05 0.0108528231536
1.18664667707 -0.00484870683045 0.000694196756742 -0.0163128852412
0.74780941776 -0.135218723022 -0.0019671261101 0.0207871453423
1.31673670245 0.190360174405 0.00363985794817 -0.024144110531
0.61258788209 -0.198186071082 -0.00557689213484 0.0262808009946
1.49155254228 0.137271170453 0.00761276863863 -0.0271247442289
0.167798323442 0.194824077431 -0.00954612603831 0.0266352593538
0.505225755518 1.10555207441 0.0111284817497 -0.0248039550539
0.764708847728 -0.313094431027 -0.0120430554706 0.0216543833936
-0.0476948965142 1.49726407901 0.0118639066817 -0.0172408038475
-0.0209171572493 0.707371279743 -0.00997345429749 0.0116460144956
0.0180316748722 1.12094128399 0.0053837119123 -0.00497819442303
0.0117675523875 1.06488681719 0.00369390639272 -0.00263333900444
-0.0505679980047 0.713756293485 -0.0210557765103 0.0110436460451
0.0618257856042 1.57052567987 0.0568043877607 -0.0200993350737
0.546077739188 0.0274419745454 -0.15075358935 0.0296481758853
1.02521503123 2.36448686594 0.795641759151 -0.0395528311575
-1.97709492662 -7.13672524819 0.554481907206 0.0497124394316
-0.748805711133 -5.50011714516 -0.2687679467 -0.0601009854277
-0.0494727929046 0.322415531033 0.200099173194 0.0708461268973
0.264733520456 -1.53168106304 -0.170759631841 -0.0824207239241
-0.384602329491 -0.865777688941 0.157457108804 0.0962176704529
0.466222297865 -0.886468947479 -0.15780029235 -0.116907271432
-0.523398018174 -1.25587210304 0.194759399895 0.170159050841
0.558793029237 0.57024830363 0.979617359392 0.990779592424
