11.0 6.0 0.0 0.0
1.55031055421 0.293109986967 -0.0253141048256 -0.0253141048256
0.441699508775 -0.271284398945 0.0332659354587 0.0332659354587
1.56314269191 0.246242118375 -0.0362587720026 -0.0362587720026
0.431986440644 -0.208404313168 0.0369108382567 0.0369108382567
1.57473857902 0.119853281007 -0.0361501990165 -0.0361501990165
0.414598244914 0.544728082748 0.0344217922128 0.0344217922128
1.6036550931 0.777758638201 -0.0319938149118 -0.0319938149118
0.361871007042 -0.600763821339 0.0290596878669 0.0290596878669
1.71889795149 0.954736230993 -0.0257777985526 -0.0257777985526
-0.110951681772 0.768930931871 0.0222883367499 0.0222883367499
0.547884484418 1.27543592672 -0.0187204813349 -0.0187204813349
-0.928175378445 0.707943612747 0.0151951088208 0.0151951088208
-0.315758210585 1.302981979 -0.0118252866554 -0.0118252866554
-0.50235351155 0.684034379511 0.00871564465372 0.00871564465372
-0.646823559768 1.34226158378 -0.00596120272135 -0.00596120272135
-0.230645139341 0.560825824955 0.00364598765306 0.00364598765306
-0.866311958982 0.234263586403 -0.00184164613246 -0.00184164613246
-0.0625966023509 0.885137777995 0.000606191786493 0.000606191786493
-0.982085693394 0.0402728680184 1.70171802408e-05 1.70171802408e-05
-3.27223628311e-16 1.0 1.31473779232e-17 1.31473779232e-17
-0.991169136914 -0.0102393000326 -0.000669476158262 -0.000669476158262
-0.0439125711056 0.992978424005 0.00198791492502 0.00198791492502
-0.895750854765 0.049698972034 -0.00393652709454 -0.00393652709454
-0.188354275495 0.884306206702 0.00648210809613 0.00648210809613
-0.705701297861 0.202723928168 -0.00957838123253 -0.00957838123253
-0.419797131664 0.691704179925 0.0131678423169 0.0131678423169
-0.437649698269 0.4297695195 -0.0171841694633 -0.0171841694633
-0.719484260804 0.43547148527 0.0215553218912 0.0215553218912
-0.110798416524 0.710342868075 -0.0262075748865 -0.0262075748865
-1.07099934766 0.13376223295 0.0310709939191 0.0310709939191
0.268815029116 1.0351234166 -0.0360874046928 -0.0360874046928
-1.50342191681 -0.235377723 0.0412231944778 0.0412231944778
0.926452794855 1.61223983679 -0.0464924997795 -0.0464924997795
-0.836854337838 0.557752075796 0.0520054167113 0.0520054167113
0.905458658171 1.24697038374 -0.0580856588842 -0.0580856588842
0.448204963936 -0.524023039208 0.0656228342677 0.0656228342677
1.6023230222 0.425809914492 -0.0775032922379 -0.0775032922379
0.361291252674 -0.376142971447 0.109090639409 0.109090639409
0.532475231722 0.342223208527 0.995887062876 0.995887062876
