10.0 10.0 -7.40148683083e-18 -7.40148683083e-18
3.92836602549 2.35617186668 -0.127173559399 -0.127173559399
-1.15365040512 -3.47188868972 0.124401693586 0.124401693586
2.03590490287 0.319480342793 -0.0665602650296 -0.0665602650296
1.0 -1.48029736617e-16 3.75770396523e-17 3.75770396523e-17
0.374866671307 -0.584094830141 0.0434109560969 0.0434109560969
1.72993720275 0.745507071295 -0.0513288321272 -0.0513288321272
0.564059756146 -0.580628707847 0.0307173166183 0.0307173166183
1.0 -1.0 -5.27377144186e-19 -5.27377144186e-19
1.32842173385 -0.244127400088 -0.022367309341 -0.022367309341
0.581541709267 0.596738448168 0.0269928011065 0.0269928011065
1.28314508035 0.912557430968 -0.0161993675469 -0.0161993675469
1.0 1.18423789293e-16 -4.69817879821e-17 -4.69817879821e-17
0.0824531006711 0.585927227451 0.011242421121 0.011242421121
0.0205131251816 1.32898981168 -0.0127954678345 -0.0127954678345
-0.0313237892859 0.845990544358 0.00698181903222 0.00698181903222
-2.07241631263e-16 1.0 7.07554983084e-18 7.07554983084e-18
0.0777024933813 1.05945420195 -0.00310307912681 -0.00310307912681
-0.437224708293 0.969194164949 0.0017469259761 0.0017469259761
-1.09013185229 0.985558332261 0.00061720809044 0.00061720809044
3.5527136788e-16 1.0 4.4408920985e-17 4.4408920985e-17
0.495521762674 1.09208344897 -0.00436848318299 -0.00436848318299
-1.10484938952 0.801155591352 0.0089316397477 0.0089316397477
-0.512831603239 1.20784464187 -0.00834665479935 -0.00834665479935
-2.6645352591e-16 1.0 4.90030742874e-18 4.90030742874e-18
-1.11632723676 -0.0433149095056 0.0127975885699 0.0127975885699
-0.155120668372 0.619459394043 -0.0216469197733 -0.0216469197733
-0.378856102001 0.952838327626 0.0180860705529 0.0180860705529
-1.0 1.0 5.81245412343e-18 5.81245412343e-18
0.0797385597809 1.30944497752 -0.0248378357489 -0.0248378357489
-0.826161425534 0.0999145758412 0.0411632385512 0.0411632385512
-0.612974091311 0.343184173032 -0.0342948916954 -0.0342948916954
5.3290705182e-16 1.0 -4.04699328455e-18 -4.04699328455e-18
-1.13610808516 0.748085747366 0.0494160065323 0.0494160065323
-0.0468707928829 1.5424797467 -0.0868363021565 -0.0868363021565
-0.523868669274 0.470132812356 0.0795717495672 0.0795717495672
-1.0 1.0 7.02056756838e-17 7.02056756838e-17
0.462715243941 2.05370300313 -0.179033641378 -0.179033641378
-1.60811464747 -1.56488344765 0.636037889591 0.636037889591
2.68952609885 2.87637543591 0.900110617733 0.900110617733
