11.0 9.0 9.67886739417e-17 -5.69345140833e-18
0.230235360347 1.18954822205 -0.0191400623781 -0.0126987193734
-0.165726217116 0.846222931724 0.0286898516295 0.0170394541689
-0.799990144504 0.212485055495 -0.0353302996807 -0.0192511077136
-0.283068896123 0.683899574295 0.040596601756 0.0206049999974
0.226613014982 1.27560466288 -0.0450846665698 -0.021528612988
-0.206220546664 0.736472549072 0.0490949697508 0.0222061391504
0.204252942934 1.25140341619 -0.052806565726 -0.0227300593561
-0.244191917357 0.79196137367 0.0563406819912 0.0231519577695
0.929481854033 0.530073682986 -0.0597891968492 -0.0235029277516
0.97273014606 -0.457940538261 0.0632297471511 0.023802875328
1.04059638061 0.524924026903 -0.0667353194049 -0.0240651832856
0.96234651263 -1.18648432012 0.070381811863 0.0242992296542
1.0277095725 -0.0763770756018 -0.0742556140675 -0.0245118320896
0.988369268915 -0.150887895612 0.0784630037038 0.0247081193806
0.984595885991 0.19959173874 -0.083143736922 -0.0248920813543
1.07923667215 -0.179266067634 0.0884928971389 0.0250669307312
0.490179375668 -0.227000635499 -0.0947990218258 -0.0252353516641
-0.26730563553 -1.53100841485 0.102516013887 0.0253996788933
0.623928780895 -0.477291461429 -0.1124111263 -0.0255620347504
0.762762262797 -1.55862404785 0.125904465309 0.0257244420801
-0.465086282151 -0.374755039994 -0.145970740214 -0.0258889263018
0.793463576206 -1.73304239085 0.180107696794 0.026057617748
0.467671490637 -0.086375329172 -0.254325541381 -0.0262328654719
0.174181202482 -2.17900538798 0.563514656355 0.0264173759163
-0.829442453958 3.89919506085 0.723874079486 -0.026614394861
-1.68691847098 6.6359813456 -0.148073196939 0.0268279605161
0.442016481286 -0.363822362628 0.0526352914638 -0.0270632728502
-0.222764871942 1.71101680917 -0.0112683061769 0.0273272560562
0.105325939194 0.549902477479 -0.0136912770808 -0.0276294519257
0.00171812802177 1.31325717983 0.0323675394467 0.0279835040757
-0.199076910196 0.766651241472 -0.0493820934103 -0.0284097532263
-0.938143557335 1.18701465142 0.0688287066044 0.0289400600007
0.0548835561836 0.834298024689 -0.0991959644446 -0.0296274663537
0.181848116192 1.15444877968 0.183392247292 0.0305675057107
-0.703834192066 -0.614366114665 0.956036102496 -0.0319516796148
-8.26455827986 -5.10528020771 -0.0654719697919 0.0342288041485
0.959348764895 -0.559872328041 0.00446488224094 -0.0387566747277
0.490447635667 -1.26078720564 0.0313541206968 0.0524666014946
0.338795710919 0.264131455241 1.00751240903 0.99897290848
