9.0 9.0 5.10102470774e-17 4.20084387696e-17
1.67879269578 0.910415779557 -0.0295540319176 -0.0387739529946
0.327458273024 -1.01966554578 0.0377305447782 0.0512034122389
1.64865435079 1.12151846547 -0.0411036376684 -0.0557108302197
0.387837240882 -1.74861939787 0.0425744009941 0.0562728570465
1.56607464002 0.264683041348 -0.0428519341731 -0.0543227039723
0.486781639285 0.0438232401418 0.042094099129 0.050565236266
1.45702362888 1.25195598655 -0.040292323734 -0.0454420084493
0.597135574086 -0.481087612903 0.0373867365846 0.0392864535487
1.36365009986 1.80379521366 -0.0333045139737 -0.032384035739
0.590587439136 0.432546544502 0.0279710056105 0.024997171394
0.0276175966668 1.38225910239 -0.0213081323557 -0.0173751995037
-0.0343144921778 0.78712549047 0.013223501402 0.00975735611871
0.00861338252696 1.05207990507 -0.00358838567026 -0.00237226171898
0.0136744389535 1.10239249423 -0.00780272654669 -0.00456436229954
-0.0163928086142 0.744442202879 0.0213087054648 0.0108528231536
-0.0371557602204 1.43668373491 -0.0375981509636 -0.0163128852412
0.68713068298 -0.179289332125 0.0580052955998 0.0207871453423
1.15501419117 0.387857320757 -0.0854699827438 -0.024144110531
0.931470981892 -0.474742308606 0.127619989717 0.0262808009946
0.965255123465 0.519410676179 -0.211241713243 -0.0271247442289
1.08337284696 -0.533832575137 0.536377763857 0.0266352593538
-1.80215152735 0.523215512259 0.813038671106 -0.0248039550539
-4.98040055835 -0.496302365078 -0.193049563236 0.0216543833936
0.0678643589465 0.49856478395 0.0883133920624 -0.0172408038475
-0.347647983867 0.847629333228 -0.041703719299 0.0116460144956
0.140768357372 1.08315484984 0.0137000274389 -0.00497819442303
0.0803609839265 1.04789969206 0.00590567232175 -0.00263333900444
-1.21269131224 0.787917377866 -0.02107646825 0.0110436460451
0.251365871052 1.40546698228 0.0338972752025 -0.0200993350737
-1.2197859842 0.365070072641 -0.0459268480478 0.0296481758853
0.127365589821 1.9378843785 0.0589370523779 -0.0395528311575
-0.976200242776 -0.707285594598 -0.0758923397184 0.0497124394316
-0.253954107183 1.59211938571 0.103632435863 -0.0601009854277
-0.217299142681 -0.277339609791 -0.164886109385 0.0708461268973
0.351970591277 2.72054469935 0.417102130554 -0.0824207239241
-0.309556009207 -3.98416918674 0.930519637981 0.0962176704529
1.78544761093 -7.60066423365 -0.267191587076 -0.116907271432
0.184885942635 0.439594039119 0.224963943433 0.170159050841
0.657592012743 0.391325835728 0.972783129766 0.990779592424
