21.0 4.0 0.0 0.0
2.82690194383 0.659532774759 -0.0773510129099 -0.0773510129099
-4.62650827301 -0.0618763641291 0.0933900615642 0.0933900615642
2.60278150601 1.97616158938 -0.0853615328236 -0.0853615328236
-2.49341052573 -0.126454665556 0.0649691986795 0.0649691986795
0.399680449951 0.560955736364 -0.0394553283386 -0.0394553283386
-0.469827142932 0.839362064998 0.0143802258003 0.0143802258003
-1.18120421628 -0.046100407747 0.00615161852257 0.00615161852257
0.497342072226 1.04996401392 -0.0196823665576 -0.0196823665576
-1.48927438509 0.120689897835 0.0254895289727 0.0254895289727
0.227475860972 0.597180790846 -0.0244232188356 -0.0244232188356
-0.823104574853 0.711389723583 0.018490381429 0.018490381429
-0.598545601612 0.044735699605 -0.010267146141 -0.010267146141
-0.0739834257518 1.03922146168 0.00226456617359 0.00226456617359
-1.08495861789 1.0082357958 0.00361792790843 0.00361792790843
0.0517837270938 1.12008037877 -0.00644016670282 -0.00644016670282
-0.85502678428 0.249916299641 0.00630683663085 0.00630683663085
-0.435466529309 0.39511247269 -0.00418916393371 -0.00418916393371
-0.271309081549 0.901885161505 0.00154118202894 0.00154118202894
-0.937106463795 -0.0629054915129 0.000185079310501 0.000185079310501
4.17966315153e-16 1.0 1.63268091857e-18 1.63268091857e-18
-0.900437069221 1.13506259573 -0.00230499342272 -0.00230499342272
-0.326836622374 0.825893543444 0.00606257038076 0.00606257038076
-0.408997332538 1.16054870674 -0.0098859819914 -0.0098859819914
-0.655196339111 0.885134593144 0.0120433499686 0.0120433499686
1.33584408544 1.05632697044 -0.0109624218013 -0.0109624218013
-0.206450953725 0.992260700916 0.0057443539056 0.0057443539056
0.843836199815 1.01496810368 0.00344126131754 0.00344126131754
1.48534391491 0.226169091631 -0.015184560309 -0.015184560309
0.308147720714 -0.180633019872 0.0269427625693 0.0269427625693
1.76481080898 0.132997901447 -0.0354192421948 -0.0354192421948
0.327351523311 -0.0590677393153 0.0371413823859 0.0371413823859
1.37628516437 -0.0625074676267 -0.0291091680116 -0.0291091680116
-0.179119284413 -1.06116879164 0.00934807165666 0.00934807165666
0.467621526975 -1.09172389354 0.0228321592718 0.0228321592718
2.32479854493 -0.800434554754 -0.0671606763483 -0.0671606763483
-1.53987177118 -1.28648123265 0.124063273345 0.124063273345
2.46221688636 -0.655672464995 -0.201444152009 -0.201444152009
-3.10270234093 -1.30116262163 0.367369856683 0.367369856683
3.53358598792 0.739461469952 0.963336072061 0.963336072061
