11.5323028577 6.63807348852 0.189614132217 0.140885425841
1.11162823031 -0.881717355477 -0.0960879477507 -0.0538003035115
0.986428729331 -0.248350860478 0.0658338694284 0.027992846759
0.942486513598 -0.160410012003 -0.0500565665374 -0.0155049531587
1.11949033243 -0.495966303855 0.0400591896275 0.00806738530174
0.814820966483 -0.408403126287 -0.0330008422933 -0.00308071452521
1.28140422693 1.43232161595 0.0276563099139 -0.000533353403678
0.366452664415 0.604942503479 -0.0234026926354 0.0033029534943
0.195586482075 1.38469956061 0.0198864524771 -0.00551751559194
-0.986104815357 0.604781292473 -0.0168902728708 0.00734918847405
-0.69720112154 1.44370768744 0.0142721030107 -0.00890702442267
-0.485138749512 0.336969624317 -0.0119343225391 0.0102637019769
-0.428483023797 0.687372486603 0.00980688817549 -0.0114697687103
-0.635382174701 0.294089563176 -0.00783752447653 0.0125617224591
-0.301201280329 0.730775450751 0.00598569797353 -0.013566842725
0.0452401314973 1.04885288089 -0.00421872626749 0.014506214049
0.0397125094481 1.00122310427 0.00250913468115 -0.0153966995947
-0.0886138703584 0.986072299372 -0.000832753491273 0.016252285216
0.121755830032 1.00671236139 -0.000832753491273 -0.0170850387073
-0.141498208354 1.0239627377 0.00250913468115 0.0179058342759
-0.717130926234 0.871621220318 -0.00421872626749 -0.0187249403165
-1.25705481662 0.222745970179 0.00598569797353 0.0195525406985
-0.724894403665 0.798944787793 -0.00783752447653 -0.0203992469357
-1.30490105105 -0.279416995463 0.00980688817549 0.0212766568857
-0.652322915891 0.212610764668 -0.0119343225391 -0.0221980245161
-1.42105073658 -0.216099330302 0.0142721030107 0.0231791274333
-0.347551681807 0.384654979923 -0.0168902728708 -0.0242394613449
-0.647721155066 0.686836812661 0.0198864524771 0.025403968069
-0.799055203119 -0.213513165651 -0.0234026926354 -0.0267056461297
-1.32647280282 0.198755548213 0.0276563099139 0.0281896633176
-0.534637476569 -1.12006906294 -0.0330008422933 -0.0299201277681
-0.463709586245 -0.744314122241 0.0400591896275 0.0319918043258
0.843362991246 -1.4527470638 -0.0500565665374 -0.0345516133786
0.58471873267 0.533392309667 0.0658338694284 0.0378410226694
1.63571861805 0.0405025980409 -0.0960879477507 -0.0422876442392
-0.85567702807 1.40898290903 0.189614132217 0.0487287063762
2.13512251397 -2.09082286517 0.754713540548 -0.059057919022
4.31296980924 -5.11687380297 -0.052742335857 0.0786636250583
0.393323117893 1.48824921561 -0.052742335857 -0.131405960915
0.519944437051 -0.976483039752 0.754713540548 0.81377145957
