9.47190106279 5.11983193745 0.135303150998 0.140885425841
0.823976184096 -0.0972517567714 -0.0497727135066 -0.0538003035115
1.17541714574 0.0886953651755 0.0256090832584 0.027992846759
0.830243055768 -0.0826933391894 -0.0148843995966 -0.0155049531587
1.16310274508 0.0750818255258 0.00936745765839 0.00806738530174
0.843286001294 0.773137920209 -0.00650831170436 -0.00308071452521
1.15201063247 0.017433315434 0.00529524609699 -0.000533353403678
0.84688886719 0.268863475058 -0.00529288730771 0.0033029534943
1.18076813409 1.2776009363 0.00634607417099 -0.00551751559194
0.178922162457 0.751773431247 -0.00848570280858 0.00734918847405
-0.0971703974279 1.28687252197 0.0119263089107 -0.00890702442267
-1.02096001595 0.4996448189 -0.0171458817096 0.0102637019769
-1.01255847167 0.512439044713 0.0251150918969 -0.0114697687103
-0.941460879668 0.512571915958 -0.037931043493 0.0125617224591
-1.1290470235 -0.156475991499 0.0608983487378 -0.013566842725
-0.75210272937 0.100148160596 -0.112121203087 0.014506214049
-1.44366869732 -0.117458593017 0.318452240086 -0.0153966995947
2.54093755938 0.396812823939 0.715672616104 0.016252285216
2.81401429903 1.14339914499 -0.199161732837 -0.0170850387073
-1.06667604753 0.908771778114 0.125669478849 0.0179058342759
0.729972382483 1.07124249745 -0.0964759988075 -0.0187249403165
-0.602192864495 0.943215439754 0.0809187968861 0.0195525406985
0.576048228166 1.03742293002 -0.0713393491031 -0.0203992469357
-0.991692719823 1.01119894213 0.0649229147036 0.0212766568857
-0.749949413385 0.318544541507 -0.0603972365382 -0.0221980245161
-0.437531699491 0.671952194574 0.0571088415945 0.0231791274333
-0.732522873125 0.129449952219 -0.0546940165866 -0.0242394613449
-1.25884502527 -0.116761632968 0.052942039362 0.025403968069
-0.751050647698 0.110421488679 -0.0517325949698 -0.0267056461297
-1.23881881318 -0.107030469085 0.0510063876861 0.0281896633176
-0.771369714513 0.105386376467 -0.0507534611014 -0.0299201277681
-1.21821062515 -0.105062877183 0.0510141569987 0.0319918043258
-0.792883166765 0.106064150524 -0.0518940301691 -0.0345516133786
-1.19447682421 -0.108860722373 0.053602031244 0.0378410226694
-0.821613739408 0.114881235667 -0.056539298034 -0.0422876442392
-0.3203182391 -0.961904942046 0.0615206731967 0.0487287063762
-0.900511047615 0.16915099005 -0.0704201371098 -0.059057919022
-0.799592496366 -0.448416848217 0.0886078401979 0.0786636250583
0.329068222925 -1.13006834891 -0.139926316378 -0.131405960915
-0.277999177616 -0.25669030003 0.820844202878 0.81377145957
