10.0 14.0 0.0 0.0
2.00915277767 2.40206418523 -0.108039406256 -0.102859012948
-0.827660661647 -3.63772344322 0.124859541717 0.113895064445
1.64542290403 0.615972974683 -0.0994081122576 -0.0857067666516
-0.386442489036 -1.57529074502 0.052280134305 0.0419933981273
1.0 0.0 -1.38777878078e-17 -1.38777878078e-17
0.506527073553 -0.326683131909 -0.0431744928846 -0.0286941013192
-0.0684429484815 -1.3076083944 0.0667353094389 0.0392619469173
1.67705804308 0.889099476014 -0.0655970912091 -0.0334456179925
0.677917941215 -0.438810532537 0.0409608329889 0.0176607693
1.0 3.33066907388e-16 -4.16333634234e-17 -1.38777878078e-17
1.2163800774 0.311335771126 -0.0456009248101 -0.012801984516
0.708557972042 -0.432998722816 0.0818882791189 0.0174194959284
1.24118419464 0.374855611499 -0.0949764690969 -0.0144154849845
0.878700862021 -0.202156206455 0.0723182503209 0.00718920978687
1.0 2.22044604925e-16 5.55111512313e-17 0.0
1.0849485601 0.165674103924 -0.159223020283 -0.00403012898267
0.590373439928 -0.282122583923 0.760548493488 0.00411084549591
-0.936693750225 0.483794929809 0.754684937439 -0.00175271055308
-1.94661729687 1.06761583545 -0.155553598169 -0.00036070686957
1.66533453694e-16 1.0 1.38777878078e-17 -3.46944695195e-18
0.311874587697 0.949538353623 0.0684092007849 0.00328016025086
-0.435455728822 1.10523175384 -0.0883164481757 -0.00775546406325
0.450543894553 0.864399077244 0.0747749598646 0.0103061766742
-0.384697626628 1.10530243655 -0.0408333947741 -0.00803445448003
-1.0 1.0 0.0 -5.20417042793e-18
-0.0200437755181 0.844716000428 0.035058370456 0.011758306767
-0.664035434777 1.29797696195 -0.0546493152402 -0.0224978420236
-0.747106381843 0.649974126473 0.0538836707265 0.0264103082049
0.0230238989027 1.25266412187 -0.0335845449567 -0.0191041533913
-1.0 1.0 -1.38777878078e-17 -6.93889390391e-18
-0.343774864599 0.656506108428 0.0366415599392 0.0263548237615
-0.131331552379 1.65147837704 -0.0644094190722 -0.0507080734663
-1.32025680128 0.229368220037 0.0722394937027 0.061275016431
0.425584730558 1.57183248396 -0.052111009567 -0.0469306162593
-1.0 1.0 1.04083408559e-17 1.12757025938e-17
-0.993719682668 0.102879831313 0.0858919577178 0.0837179274327
1.72049192909 2.98031394508 -0.216040570233 -0.214872847973
-2.29322559259 -2.14513126992 0.502799734165 0.503967456424
2.58176170088 3.27593034464 0.937543090812 0.935369060527
