11.0 9.0 -6.49886648561e-17 3.52021934637e-17
0.742482204537 -0.257766153895 0.00864988990133 0.0123826178158
1.26369719226 0.252883333505 -0.00987962420398 -0.0164756780662
0.731888221314 -1.31987283492 0.00964749339466 0.0185347976164
1.27142839203 0.433103434383 -0.00900309360421 -0.019786673058
0.726904318156 -0.405366259042 0.00823976191234 0.0206369581156
1.2708028138 0.379957430423 -0.0074557008985 -0.0212587795628
0.744672845399 -0.282429076493 0.0066851397885 0.0217385179891
1.15853805902 1.52657629757 -0.00593836100144 -0.0221241389519
-0.463446065828 0.534793663422 0.00521599365584 0.0224444563122
0.456487978232 1.42050700342 -0.004514635495 -0.0227178669031
-0.613042489671 0.654412922721 0.00382917988349 0.0229567111664
-0.761859367558 1.09064360579 -0.00315377637665 -0.0231696199267
-1.30379235406 -0.229591919586 0.00248218257483 0.0233628565914
-0.67874287071 1.33053897633 -0.00180782313546 -0.0235411250866
-1.17961635458 -0.459402340101 0.0011236898667 0.0237080785581
1.04284343374 1.83745443187 -0.000422134938379 -0.0238666534135
0.168031686441 0.332496844376 -0.000305432708023 0.0240192982475
0.700967527895 1.26364989761 0.00106896486524 -0.0241681384263
0.455357491488 -0.497434377512 -0.00188034764122 0.024315101533
0.0389305974421 2.04925830609 0.00275420518749 -0.0244620203335
-0.152907559986 0.0178598793302 -0.00370905685869 0.024610725378
0.217415159619 1.97882421404 0.00476903453363 -0.0247631373625
-0.276126536453 -0.0163384335306 -0.00596651672288 0.024921369333
0.369742173027 2.12537719663 0.00734631888427 -0.0250878506979
-0.90345949664 -0.740346705601 -0.008972641227 0.0252654894082
-0.807503858749 1.63139547258 0.0109411599289 -0.0254578969632
-1.33239986207 -0.578310004042 -0.0134013287649 0.0256697160196
0.011290090358 1.5494257663 0.0166005751554 -0.0259071182813
-0.833920113588 -0.534005065598 -0.0209802876128 0.0261785936118
-0.950986556866 1.52400928267 0.02741130019 -0.0264962579393
-1.11027158748 -0.493281668135 -0.0378799334601 0.0268781339259
-0.857554895933 0.799286936249 0.0580962287714 -0.0273523749998
-1.1774624255 -1.07543092795 -0.11377164042 0.0279656919041
-0.110585093384 1.69537120663 0.934617136008 -0.0288018377032
1.68101235545 -11.8983256253 0.169345623799 0.0300276478108
1.36847417343 -1.09692188021 -0.0839838325219 -0.0320304125295
0.69785531925 0.24263616038 0.0615807694495 0.035962395607
1.29689882945 0.0209010166802 -0.0602754479077 -0.0474746648521
-0.243506787912 -0.148003421732 1.00411647994 0.998972844211
