13.0 8.0 1.1914588557e-16 3.52021934637e-17
-0.297243054282 0.839670142268 0.014558624667 0.0123826178158
0.248960996358 1.15012930187 -0.0206498651656 -0.0164756780662
-1.2757993455 0.856796887684 0.0245723212061 0.0185347976164
0.313778314969 1.14084105824 -0.0275868866946 -0.019786673058
-1.38387366564 0.85376587311 0.0301274179135 0.0206369581156
0.562456044985 1.1703793907 -0.0323912262449 -0.0212587795628
-0.636946109339 0.718699396188 0.0344863380155 0.0217385179891
-0.509170043845 0.127702983083 -0.0364810114692 -0.0221241389519
-0.27733604643 1.13761582166 0.0384240367109 0.0224444563122
0.482632073337 0.79252219875 -0.0403544728149 -0.0227178669031
0.844594408211 -0.184654414492 0.0423070853246 0.0229567111664
1.22070254733 0.195618069291 -0.0443159670527 -0.0231696199267
0.757102233624 -0.428800786751 0.0464175132336 0.0233628565914
1.25132518187 -0.791112177299 -0.0486534591882 -0.0235411250866
0.748842769346 0.194823884224 0.0510745924975 0.0237080785581
1.23959651731 -0.0949770242302 -0.053745896202 -0.0238666534135
0.804325202148 0.0108860045462 0.0567543057439 0.0240192982475
0.897262261592 0.321541828079 -0.0602211825305 -0.0241681384263
-0.509502609291 1.23747368326 0.0643235693905 0.024315101533
0.523365478049 0.888214280573 -0.0693326972207 -0.0244620203335
-0.938674012231 0.665039019372 0.0756889082017 0.024610725378
-0.345406920361 0.0627165650933 -0.0841609732795 -0.0247631373625
0.0596879053865 1.61689375789 0.0962266674323 0.024921369333
-0.513268504244 0.378220383502 -0.115141523251 -0.0250878506979
-0.765348129175 1.722602807 0.149774747449 0.0252654894082
0.525861114589 0.0615389452188 -0.235919095508 -0.0254578969632
-0.591522525909 2.12298804906 0.860844631941 0.0256697160196
1.77587475801 -7.80516336511 0.342152346645 -0.0259071182813
1.33440582817 -2.92306171185 -0.114546598992 0.0261785936118
0.171221613389 0.450511992731 0.0559595197068 -0.0264962579393
0.65363229135 -1.83638147491 -0.028654816958 0.0268781339259
0.487027360655 -0.4101257156 0.0125192165698 -0.0273523749998
-0.329916265551 -1.45402947073 -0.00155700362977 0.0279656919041
0.243988071739 -0.63247190469 -0.00670481914473 -0.0288018377032
0.621208828765 -1.30727569384 0.0135793145835 0.0300276478108
0.453208830644 -0.737653651471 -0.020072849121 -0.0320304125295
-0.375970025047 -1.22617751882 0.0277019117374 0.035962395607
0.348611991009 -0.809646788455 -0.0423463299219 -0.0474746648521
-0.331890487938 -0.22200208857 0.996563117615 0.998972844211
