4.65212240379 5.54361354201 0.372691274934 0.316743350559
0.753343420712 -0.990153708769 -0.146054940974 -0.107309708055
0.775265038544 -0.328787299497 0.0927369742362 0.0638564697274
1.18322970208 -0.774157317403 -0.0673186310756 -0.0449002346431
0.831547166042 0.0330732305869 0.0519867352769 0.0341777571756
1.17728576982 0.301678540588 -0.0415289839521 -0.0272111837941
0.740459294874 0.165113253632 0.033820999615 0.0222694152957
0.653577402848 0.362551796214 -0.027822061161 -0.0185416353115
0.689090445362 0.340200836169 0.0229578018458 0.0155971535088
0.386963032031 0.541580180193 -0.0188832466084 -0.0131856904141
0.00540100189631 1.13877483357 0.0153774727743 0.0111515608979
-0.232250399692 0.637896175218 -0.0122915507106 -0.00939254134651
-0.668653505715 0.478808300514 0.00952065059986 0.00783843346211
-0.165063612043 0.664369473234 -0.00698810163142 -0.00643912253773
0.475543992816 0.710129732332 0.00463577773164 0.00515754813542
0.245921804162 0.610949971595 -0.00241801657282 -0.00396536561658
0.427773341356 0.706271942006 0.000297595237652 0.0028401509357
-0.242698531578 1.06838730763 0.00175706267541 -0.0017635226541
-0.928054829005 0.500272158211 -0.00377393545782 0.000719822235832
-1.05199335641 -0.200802988163 0.00577901298249 0.000304863748832
-0.952466869598 0.172691779396 -0.00779767653382 -0.00132347784983
-1.04731234664 -0.168315262515 0.00985601018527 0.00234865826416
-0.949879358241 0.170218575519 -0.0119821914995 -0.00339337244601
-1.05711158846 -0.17373597251 0.0142081251941 0.00447158634519
-0.922647106575 0.170235686165 -0.0165715338272 -0.00559904457483
-0.525414392927 -0.749499751844 0.0191188212655 0.00679425857151
-0.444369995319 -0.224920224282 -0.0219092145413 -0.00807984333198
-1.10242577089 -0.958455355432 0.0250210448598 0.00948442318747
0.18503273405 -0.831811697893 -0.0285617150619 -0.0110454730821
0.729229818832 -1.25546042298 0.0326842956346 0.0128137357483
1.0755683101 -0.173277928654 -0.0376167118631 -0.01486039103
0.963923138627 -0.155042384499 0.0437165688213 0.017289259586
0.655869912295 0.611262474849 -0.0515830362388 -0.0202587609509
0.696058629286 -0.0390003734545 0.0623115580363 0.0240241700759
1.31095874256 0.166219763978 -0.0781693933264 -0.0290261056791
0.325456291821 -0.51929528664 0.104855632194 0.0360974858411
1.14431801215 -0.114500591432 -0.162900425562 -0.0470272179773
0.216508918257 -0.00317932338073 0.461911983535 0.0664873308113
-5.75816253248 -0.767285312482 0.148057252773 -0.111770006608
0.423380546588 -0.952332637502 0.249829755151 0.344105783269
