12.0 9.0 0.0 6.72862439167e-18
2.58716983706 1.14034634441 -0.114947873495 -0.0915924040904
-2.39520418495 -3.06868439332 0.144978099748 0.108168727803
2.22388826689 1.10517353931 -0.131508969675 -0.0930047642914
0.0164119407406 -1.17374719062 0.0911020636634 0.0615938384848
1.40881792005 -0.611035140871 -0.0380380397936 -0.02473802562
1.15132124047 0.107141606429 -0.0140565055742 -0.00883371268776
0.403992022102 -1.27271406036 0.0537219768359 0.0327359575025
1.89508812118 0.46715601038 -0.0734871100617 -0.043532895711
-0.197691372992 1.00685687718 0.0710437963344 0.040993638597
0.578201879216 1.08453204499 -0.0493675808813 -0.027787485742
0.888717921023 0.960596911509 0.0157205825253 0.00864068647186
-0.0280897921391 0.940559798271 0.0202439894224 0.0108730445906
0.200611362182 1.15606647448 -0.0488473683347 -0.0256471788823
-0.332449157717 0.789339240795 0.0626874760819 0.0321783640477
0.379256800008 1.20249997955 -0.0583613939843 -0.0292826634529
-0.355087044887 0.868130763988 0.0372241496883 0.0182473481505
-0.984603368877 1.018015789 -0.00501778127037 -0.00240118236081
-0.107761836319 1.10694613502 -0.0295409164796 -0.0137836690885
0.133553162961 0.793097479187 0.0568910941932 0.0258411668186
-0.51417577727 1.25135274357 -0.0689917384494 -0.0304408689144
-0.919523699114 0.776456356911 0.0613794718337 0.0262325057699
0.098229302117 1.12523406585 -0.0344480028665 -0.0142069965659
-0.96087372309 1.02302282672 -0.00634844041828 -0.00251385840185
-0.471865836397 0.813857854453 0.0514190835165 0.0194158903943
0.110612248297 1.32225985145 -0.0888696448013 -0.0316944674954
-1.9704378344 0.608147428872 0.106775603002 0.0354696980658
-0.122006570652 1.36455299096 -0.0951958317826 -0.0288352382472
-0.236428275704 0.789665298685 0.0468472482301 0.0124941783925
-1.09238853576 -0.0788007082698 0.0462202494578 0.0101752137761
-0.575412002957 1.03808478991 -0.214143426049 -0.033654482335
-1.46697154443 0.277695122252 0.779783080181 0.0513138542459
2.07785107411 0.0968269071037 0.700302348603 -0.0567073208219
2.46453074604 -0.163989567674 -0.124317695425 0.0448211313347
1.02123949989 0.0584956462442 0.0115366339132 -0.0129083110059
1.22201016251 0.194954728614 0.00334221677895 -0.0395607975914
0.241081971151 -0.561160423229 0.0418042531375 0.112864080394
2.4235469866 0.986088065289 -0.143501981292 -0.215846696917
-1.18342237703 -1.40248438801 0.381235543477 0.43661117861
2.20644228828 1.73825007974 0.978973764253 0.950423728894
