14.0 6.0 5.35969736026e-17 5.35969736026e-17
5.36506566207 1.19592897379 -0.141135780989 -0.141135780989
-1.83683384775 -2.15419065004 0.129841883884 0.129841883884
2.00393822759 0.772651397254 -0.0534304078756 -0.0534304078756
1.4494882721 1.21801715189 -0.0259875743926 -0.0259875743926
-0.0973721804333 -0.0471067169957 0.0663251854744 0.0663251854744
1.92420799716 0.150451449468 -0.0561007594754 -0.0561007594754
0.762339450501 -0.0121072922726 0.0131614568064 0.0131614568064
-0.224390566041 0.669735944146 0.0301699355757 0.0301699355757
0.446962779347 1.3841700293 -0.0472297991906 -0.0472297991906
-0.297986070391 0.777996375296 0.0312837744598 0.0312837744598
-0.029236931026 0.978914029579 0.00327474825967 0.00327474825967
0.248977416223 1.1885992478 -0.0321460307856 -0.0321460307856
-0.204719890177 0.805367403177 0.0370852084768 0.0370852084768
0.000136898316957 1.07456236221 -0.0167455062139 -0.0167455062139
-0.850182905913 1.04450853193 -0.0137481176416 -0.0137481176416
-0.731576468345 0.969897657286 0.033502217209 0.033502217209
0.195541017942 0.814700924718 -0.0296411902139 -0.0296411902139
-1.09189114042 -0.0352415816956 0.00540070788472 0.00540070788472
-0.639526180567 0.570407497258 0.0224047016561 0.0224047016561
0.76674149843 1.46406653775 -0.0346860899662 -0.0346860899662
-0.448197010011 0.741525762163 0.0227915511371 0.0227915511371
-0.10273488589 0.942425181241 0.00559002709689 0.00559002709689
0.551078437539 1.30221980824 -0.0312305600455 -0.0312305600455
-0.622530250804 0.666233058008 0.0359566970367 0.0359566970367
0.262913684209 1.1360750533 -0.0150452122249 -0.0150452122249
0.352101197391 1.16745485332 -0.0187102602867 -0.0187102602867
-1.17301328171 0.616614898451 0.0423813444708 0.0423813444708
-0.626280153681 1.35874412366 -0.0376620004492 -0.0376620004492
-1.043677926 0.955541903143 0.00394540578568 0.00394540578568
-1.44139891736 -0.0338740545861 0.0389187602131 0.0389187602131
-0.310878792983 0.243528540088 -0.0610131988939 -0.0610131988939
-1.45179631111 -0.193903091947 0.040792314088 0.040792314088
-1.20201236113 -0.0932681527519 0.0188410959769 0.0188410959769
-0.115231076302 0.424037663235 -0.0865488573501 -0.0865488573501
-2.08137668745 -0.530621552561 0.11355473607 0.11355473607
-0.557273205419 0.221500158769 -0.0521374444278 -0.0521374444278
-0.0338575373648 0.496447842481 -0.141928876754 -0.141928876754
-3.43483383439 -1.39375376512 0.698923378313 0.698923378313
4.7331089773 2.1072597404 0.880292882129 0.880292882129
