17.10409309 5.61079855777 0.0463875480774 0.0463875480774
0.677214737491 0.0140061624375 -0.0103989467788 -0.0103989467788
1.31591437441 1.13682681496 -0.00111723372709 -0.00111723372709
0.726884318916 0.883685535293 0.00684194917684 0.00684194917684
1.06362459196 1.11290300358 -0.0103001946599 -0.0103001946599
-0.44839295773 0.886285304107 0.0126395740335 0.0126395740335
0.307936318518 1.11635486845 -0.0143455484586 -0.0143455484586
0.170142475861 0.879802507868 0.0156589352274 0.0156589352274
0.997956401119 1.12515397887 -0.0167129040466 -0.0167129040466
-0.651571495694 0.868585436388 0.0175872028437 0.0175872028437
0.56193793182 1.13944108788 -0.0183326223359 -0.0183326223359
-0.489397854868 0.849876175515 0.0189831627012 0.0189831627012
-0.372219049034 1.16524218561 -0.0195625613459 -0.0195625613459
-0.617086905247 0.811121718864 0.0200880169573 0.0200880169573
0.517120840883 1.23321514862 -0.0205724263475 -0.0205724263475
-1.60866993788 0.635513305851 0.0210257900952 0.0210257900952
-0.421463660761 0.329996673314 -0.0214561338237 -0.0214561338237
-1.56660853737 0.742049510794 0.021870138302 0.021870138302
-0.438694879508 -0.0501238609739 -0.0222735913815 -0.0222735913815
-1.56025629008 -0.061268070659 0.0226717314462 0.0226717314462
-0.436630924976 0.170717835975 -0.0230695282615 -0.0230695282615
-1.57243451881 -0.684479816337 0.023471934424 0.023471934424
-0.406242018014 -0.50030880977 -0.0238841349603 -0.0238841349603
-1.65587210642 0.267944775636 0.0243118222717 0.0243118222717
0.397861841548 -0.939499208683 -0.0247615284766 -0.0247615284766
-1.33108830871 -0.158130284153 0.0252410587255 0.0252410587255
0.31153101315 -0.808574391162 -0.0257600909297 -0.0257600909297
-1.31994663002 -0.179075206588 0.0263310471927 0.0263310471927
0.358518436338 -0.927493705777 -0.0269704156766 -0.0269704156766
-1.45254125639 -1.078410894 0.0277008415873 0.0277008415873
0.75481115913 -0.918770462306 -0.0285545854569 -0.0285545854569
-0.967409550347 -1.08415522315 0.0295795386052 0.0295795386052
-0.216840549851 -0.912422735598 -0.030850331031 -0.030850331031
-0.30954698041 -1.09175843295 0.0324904075322 0.0324904075322
0.391362968175 -0.902757831694 -0.0347202189329 -0.0347202189329
-0.428812486088 -1.10539012992 0.0379764489439 0.0379764489439
0.460356036704 -0.879565644928 -0.0432642620011 -0.0432642620011
-0.518076319305 -1.16318988685 0.0535306571714 0.0535306571714
1.31125877868 -0.0742421211134 -0.0827405176714 -0.0827405176714
-0.266629073942 -0.0180434060612 0.945492529128 0.945492529128
