15.0 5.0 5.28677630774e-18 5.28677630774e-18
9.13855246239 3.59575007681 -0.209900426338 -0.209900426338
-0.721501858918 0.788674728166 0.0246750421186 0.0246750421186
-3.0084317005 0.100992434636 0.123225090117 0.123225090117
0.722010868613 1.21910221604 -0.0328966296333 -0.0328966296333
1.74066324154 1.5351381824 -0.0852426441716 -0.0852426441716
-0.719368610473 0.776229699299 0.0371633958653 0.0371633958653
-1.17026814423 0.631896343858 0.0630717052242 0.0630717052242
0.714311720896 1.22716281835 -0.0398829546279 -0.0398829546279
0.832260751487 1.26765086725 -0.0479265647773 -0.0479265647773
-0.70654301351 0.770086244697 0.0418491727567 0.0418491727567
-0.598967373963 0.802580385447 0.0364390285674 0.0364390285674
0.694803024372 1.23232424306 -0.0434038255873 -0.0434038255873
0.420750668069 1.14306457879 -0.0270153316643 -0.0270153316643
-0.675981963468 0.765426549876 0.0447223096567 0.0447223096567
-0.274096782663 0.902378338998 0.0187750721565 0.0187750721565
0.641635292256 1.23679333989 -0.045908603505 -0.045908603505
0.146747476282 1.05712195096 -0.0111577006274 -0.0111577006274
-0.560044503203 0.760893977052 0.0470340938995 0.0470340938995
-0.0358806990972 0.981084848904 0.00374560014091 0.00374560014091
0.131685255192 1.24165327912 -0.0481569206341 -0.0481569206341
-1.05967913061 0.980869691134 0.0038355303434 0.0038355303434
-1.34633687955 0.755364430748 0.0493346680866 0.0493346680866
0.256024968393 1.05915188272 -0.0119955243999 -0.0119955243999
0.972071717268 1.24838653003 -0.0506367951042 -0.0506367951042
-0.383752130717 0.896144126211 0.0212755378375 0.0212755378375
-0.901565228696 0.746447555463 0.0521629634395 0.0521629634395
0.544490852215 1.15753039476 -0.0325137244376 -0.0325137244376
0.884703710979 1.26162656538 -0.0540790446853 -0.0540790446853
-0.761353758585 0.771216395529 0.0472069368354 0.0472069368354
-0.917135146675 0.722931596853 0.0567036155104 0.0567036155104
1.17129649058 1.34203925664 -0.0684674523291 -0.0684674523291
1.61645057246 1.32139471883 -0.0607624718289 -0.0607624718289
-0.141218174193 0.345928726456 0.104218831308 0.104218831308
0.268083623172 -0.0960590468856 0.0683868368544 0.0683868368544
2.81416756339 0.386778308972 -0.182767164373 -0.182767164373
1.77100652236 0.18701046867 -0.0898259222274 -0.0898259222274
-2.38345931406 -0.842245708985 0.538951292039 0.538951292039
-0.677808912599 -0.213068962259 0.995902022027 0.995902022027
8.94262892476 2.83730987089 0.66862286093 0.66862286093
