19.0 7.0 0.0 0.0
8.11893077242 2.93693617032 -0.182236176263 -0.182236176263
-4.3997073116 -0.837121355539 0.101380548108 0.101380548108
-2.18705805408 0.599430715257 0.0433053088897 0.0433053088897
1.20118134855 1.25461473834 -0.0939453862422 -0.0939453862422
-1.58847299216 -0.215914796527 0.030895286065 0.030895286065
-1.19080554904 0.41020571971 0.0503204192864 0.0503204192864
0.941526658924 1.27110175265 -0.0591053424234 -0.0591053424234
-1.0 3.09558330515e-16 6.83383025096e-18 6.83383025096e-18
-1.42594812606 -0.00175662598855 0.0499643424287 0.0499643424287
0.685263940691 1.54281143809 -0.0357958511994 -0.0357958511994
-0.516638980367 1.24365844395 -0.0183144322509 -0.0183144322509
-1.67032846336 0.441091306655 0.0456461201437 0.0456461201437
0.420213969649 1.19354249174 -0.0167953502988 -0.0167953502988
0.0305922159115 1.33010861848 -0.0300614830069 -0.0300614830069
-1.93237552776 0.596002160485 0.0383130963417 0.0383130963417
-2.27373675443e-15 1.0 -1.61324848592e-18 -1.61324848592e-18
1.29022979316 1.36629908398 -0.0371797112327 -0.0371797112327
-0.970263664797 0.729509753417 0.0282982347181 0.0282982347181
-0.550948714297 0.857719350761 0.0153243492384 0.0153243492384
1.78806461583 1.3637478595 -0.0403179188324 -0.0403179188324
0.524021526353 0.863009909034 0.0156321289992 0.0156321289992
-0.588658682929 0.749602766525 0.0294537719755 0.0294537719755
1.18801453326 1.32502529988 -0.0395054969432 -0.0395054969432
1.0 1.0 1.61324848592e-18 1.61324848592e-18
-0.395378712202 0.677109809551 0.0425441406237 0.0425441406237
0.539060705907 1.24531670495 -0.0341977216334 -0.0341977216334
0.3722193066 1.12961272017 -0.0196139683317 -0.0196139683317
-1.37715010214 0.687600799583 0.0548720459226 0.0548720459226
-0.703550140387 1.08223936905 -0.0227445062125 -0.0227445062125
-0.33014280951 0.576015010431 -0.0461477332964 -0.0461477332964
-2.00726972149 -0.64187783647 0.067310829512 0.067310829512
-1.0 2.58875858093e-16 -6.83383025096e-18 -6.83383025096e-18
0.312016914702 0.67547144445 -0.0898028963697 -0.0898028963697
-2.16586097337 -0.569009237757 0.0834989812389 0.0834989812389
-1.74992575011 -0.35197956223 0.0580102336961 0.0580102336961
1.41101900562 1.10015889142 -0.213468456492 -0.213468456492
-2.19121779244 -0.53778206865 0.139494540426 0.139494540426
-3.76226427577 -1.42465301382 0.900464429309 0.900464429309
9.28161103627 3.53215216859 0.784503624105 0.784503624105
