16.5550220026 23.6522092143 0.124357347884 0.124357347884
-0.378609952287 -1.74140635198 -0.0465496018039 -0.0465496018039
0.37206750892 -0.284546103411 0.0231456066618 0.0231456066618
-0.364302063235 -1.70210327211 -0.0117629979388 -0.0117629979388
0.353053997889 -0.306149020823 0.00496572276495 0.00496572276495
-0.327898272597 -1.68830075326 -0.000400801248046 -0.000400801248046
1.20636549523 -0.31554294774 -0.00291140082762 -0.00291140082762
-0.380571820671 -1.68185368351 0.00545183133335 0.00545183133335
0.341282459837 -0.319720396243 -0.00748450148936 -0.00748450148936
-0.275221059669 -1.67968521466 0.00916663895575 0.00916663895575
-0.374554680735 -0.319831996822 -0.0105979426602 -0.0105979426602
-0.632293634753 -1.68202600964 0.0118449118346 0.0118449118346
0.522649956373 -0.314061442168 -0.0129538288559 -0.0129538288559
-0.50970917915 -1.69353375892 0.0139581330042 0.0139581330042
0.551923988299 -0.290368291058 -0.014882832681 -0.014882832681
-1.03814404784 -1.75673788889 0.0157472685935 0.0157472685935
-0.692464240419 0.431086560937 -0.0165669188244 -0.0165669188244
-1.35473438536 -1.36711634013 0.0173546290927 0.0173546290927
-0.623454708969 1.51137746874 -0.0181214915743 -0.0181214915743
-1.39465624846 -0.877723584675 0.0188775093762 0.0188775093762
-0.580612519768 1.2866146276 -0.0196321364047 -0.0196321364047
-1.47503753456 -0.232013538745 0.0203947569906 0.0203947569906
0.230111964937 1.23427082356 -0.0211751580107 -0.0211751580107
-1.32846784933 -0.281081170075 0.0219840448252 0.0219840448252
-0.406541184029 1.49341834529 -0.0228336607254 -0.0228336607254
-0.584273523508 0.500439881494 0.0237385902642 0.0237385902642
-0.520911192354 1.49657126747 -0.0247168663876 -0.0247168663876
0.755509609003 0.518500391598 0.0257915733995 0.0257915733995
0.319811435914 1.44029796407 -0.0269932704425 -0.0269932704425
0.834298712962 -0.356757524081 0.0283638121667 0.0283638121667
0.866191508008 0.113788639056 -0.0299626444076 -0.0299626444076
0.151799901042 -1.10801568843 0.0318777083108 0.0318777083108
0.826605191037 0.0897703735612 -0.0342454716833 -0.0342454716833
0.198870445908 -1.06431024954 0.0372904836761 0.0372904836761
0.763425937971 0.0245283881206 -0.0414109999446 -0.0414109999446
0.312229866317 -0.944533569257 0.0473884122849 0.0473884122849
0.391890482059 -0.359437702206 -0.0569957016241 -0.0569957016241
-0.402065464043 -1.6339793084 0.0753047087293 0.0753047087293
0.397388362926 -0.418733874079 -0.125042434478 -0.125042434478
-0.391081648429 -0.862665967118 0.839300801651 0.839300801651
