14.0 5.0 3.52021934637e-17 3.52021934637e-17
-0.34551795419 0.887717456137 0.0123826178158 0.0123826178158
-0.730131012681 1.118159886 -0.0164756780662 -0.0164756780662
-1.2127221995 0.878140496964 0.0185347976164 0.0185347976164
0.253766484192 1.12470504506 -0.019786673058 -0.019786673058
-1.29207787384 0.872900822629 0.0206369581156 0.0206369581156
0.348892270977 1.12914556494 -0.0212587795628 -0.0212587795628
-1.45630396381 0.869241616029 0.0217385179891 0.0217385179891
0.784656979136 1.13157903936 -0.0221241389519 -0.0221241389519
0.439902637676 0.869413479045 0.0224444563122 0.0224444563122
0.275198125443 1.1245841715 -0.0227178669031 -0.0227178669031
-0.356740218204 0.899818797735 0.0229567111664 0.0229567111664
0.532637857745 0.941965397569 -0.0231696199267 -0.0231696199267
0.922247881648 -0.404648423121 0.0233628565914 0.0233628565914
0.905707841982 0.580920719474 -0.0235411250866 -0.0235411250866
-0.374187707391 0.884837283374 0.0237080785581 0.0237080785581
0.266607136465 1.22482170803 -0.0238666534135 -0.0238666534135
0.0433189120088 0.463370873618 0.0240192982475 0.0240192982475
1.50106382291 -0.00576884848675 -0.0241681384263 -0.0241681384263
0.569142823556 -0.0668114790073 0.024315101533 0.024315101533
1.40120575195 0.0996121313071 -0.0244620203335 -0.0244620203335
0.617152901695 -0.122590769945 0.024610725378 0.024610725378
1.36783653962 0.145281486116 -0.0247631373625 -0.0247631373625
0.648486458839 -0.177158507095 0.024921369333 0.024921369333
1.32643159479 0.248671025692 -0.0250878506979 -0.0250878506979
0.736402100104 -0.758819864072 0.0252654894082 0.0252654894082
0.737307942332 -0.986580197852 -0.0254578969632 -0.0254578969632
-0.529346348237 -1.07379535768 0.0256697160196 0.0256697160196
0.539261832683 -0.885276509813 -0.0259071182813 -0.0259071182813
-1.13853407404 -1.18361172812 0.0261785936118 0.0261785936118
-0.712802598405 -0.156441893397 -0.0264962579393 -0.0264962579393
-1.31018651368 0.00849958320716 0.0268781339259 0.0268781339259
-0.689304104683 0.0220838443352 -0.0273523749998 -0.0273523749998
-1.29712346666 -0.0245324901082 0.0279656919041 0.0279656919041
-0.749608355839 -0.0105118501094 -0.0288018377032 -0.0288018377032
-0.40382907626 0.847000611275 0.0300276478108 0.0300276478108
-0.507970931153 0.251067950702 -0.0320304125295 -0.0320304125295
-1.43770422454 -0.20810336697 0.035962395607 0.035962395607
0.328954752588 1.11820761696 -0.0474746648521 -0.0474746648521
-0.343555439861 -0.0917294676235 0.998972844211 0.998972844211
