7.54879014419 5.6074025099 0.249805526888 0.273012395655
-0.69559242813 0.852647766205 -0.0839036618822 -0.102940936914
0.51253119954 1.18480508658 0.0449324539406 0.0606606364697
0.40060987125 0.781252200769 -0.0282945019059 -0.041300276784
1.33688343327 0.434264116234 0.0193888720263 0.0300884071665
0.200546913279 -0.880296963814 -0.01400266547 -0.0226998874787
0.260350302634 -0.602086417955 0.0104867405871 0.0174082445164
1.10750497788 -0.548863174128 -0.0080714594884 -0.0133884177239
0.673322263754 -0.409844696367 0.00635358435603 0.0101959980727
0.508133488473 -0.582137027367 -0.00510383518736 -0.00757005040279
0.970006525113 0.566635951678 0.00418378466766 0.00534694729392
-0.3509635715 0.892100201755 -0.00350609816043 -0.00341854212292
0.294303416222 1.15416390142 0.00301398158115 0.00171015332771
-0.320682420009 0.778085117561 -0.00266991415911 -0.000168200188093
-0.774757867106 0.149955787199 0.00244920377296 -0.00124712509743
-1.19704360333 -0.136652064173 -0.00233621442066 0.00256640758375
-0.831804413806 0.111635871813 0.00232217710432 -0.00381395791259
-1.06495503887 0.592562345518 -0.00240402175541 0.005009804784
0.206817721828 1.26776872551 0.00258395358294 -0.00617110440855
-0.781272052757 0.108256961636 -0.00286967636792 0.00731319333622
-0.303972467718 1.22321849013 0.00327530883982 -0.00845043076589
-0.506155224662 0.763480943418 -0.0038232000129 0.00959693297301
0.337551612355 1.26448474837 0.00454708558971 -0.0107672815027
0.539791383501 0.58554357508 -0.00549744428539 0.0119772818135
1.35223843322 0.122267835437 0.00675072952332 -0.0132448586502
0.679476042168 -0.141036270155 -0.00842588508088 0.0145912014372
1.27734229565 0.102343193783 0.0107155379067 -0.0160423258745
-0.0179181447838 -0.799153157234 -0.0139493185701 0.0176313146545
1.48755878287 -0.287618869608 0.0187353049985 -0.0194016774433
0.303569546458 -1.445331598 -0.0263202774931 0.0214126044127
0.303862751425 -0.559922232297 0.0397015640288 -0.0237475456071
-0.39408658737 -1.50871985739 -0.0683324119138 0.0265289176978
0.529241152032 -0.252286630374 0.167206384733 -0.029944788121
-1.1924764336 -1.9020316866 0.581666440263 0.0343007605832
-0.427007707329 -1.72912428149 0.501512969593 -0.0401300788866
-0.354453208281 -1.88856748882 0.17391902661 0.0484557648053
-1.0697998366 -0.282352104493 -0.13134822463 -0.061523025433
-1.01167912142 -0.67940307445 0.133755936451 0.085406169138
-0.985737233728 0.914662128517 -0.180689836663 -0.144251201178
-0.681222437102 -0.231945929378 0.571455195158 0.542746281692
