8.59083950719 8.64583371036 0.0152254867243 0.0677191564491
0.711506655158 -0.67021627504 0.023165588096 -0.0205767714385
1.2398646185 -0.056089737331 -0.0314351355696 0.00572843925721
0.812847918432 0.0113360567528 0.0335915718337 0.00161068756522
1.12174059859 0.0564624809761 -0.0337761326755 -0.00603075951334
0.992754515837 -0.165770224095 0.0331939607124 0.00901506873318
0.436021981435 0.709486673479 -0.0322878422769 -0.0111884543258
0.502369692736 0.459030163898 0.0312422064119 0.01286002633
0.503813561508 -0.923966929768 -0.030138858156 -0.014200387383
0.516960840483 0.575636746723 0.0290142906705 0.0153115519148
0.421443375651 1.34277423351 -0.0278833970946 -0.0162584164421
-0.422944242509 0.531578433711 0.0267501079853 0.017084382077
-0.712653197483 0.494149025806 -0.025612421203 -0.0178197244317
0.216831026583 0.49397958928 0.0244648314081 0.0184863629584
1.23858401332 0.494154949185 -0.0232994647795 -0.0191007227477
0.821334704727 0.581407367542 0.022106514794 0.0196755312526
1.14036162013 -0.153012705517 -0.0208742541247 -0.0202209948535
0.921641649597 0.612469714522 0.019588738901 0.0207456028068
0.376305470317 1.25596939782 -0.0182332310226 -0.0212567032451
-0.242978565075 0.728819815688 0.0167872984089 0.0217609403109
0.227342310991 1.30871174419 -0.0152254867243 -0.0222646109946
-0.292600976874 0.63667880269 0.013515367334 0.0227739839563
-0.883453176433 1.45618943537 -0.0116146255815 -0.0232956152925
-1.2008417912 0.249741332163 0.00946660939534 0.0238366956316
-0.469771489644 0.686097671571 -0.00699330839077 -0.0244054689377
-0.357774227258 0.405314542113 0.00408385905333 0.0250117777799
-1.23072845498 0.0126895567666 -0.000574871178978 -0.0256678171606
-0.82308650717 0.480267667288 -0.00378508925049 0.026389228818
-1.17552413053 0.71864298878 0.00940395873105 -0.0271967596963
-0.802251391916 -0.638657779597 -0.016989484431 0.0281188830227
-1.23962519383 0.702680311944 0.0278833970946 -0.0291961290124
-0.693874270871 -0.830772191826 -0.0449651868125 0.0304886092009
-1.41234709915 1.05834939623 0.0756975271179 -0.0320898912846
-0.40558339803 -1.61297120181 -0.147035231418 0.0341545265232
-1.86889116524 1.18705292004 0.484602870063 -0.0369580053644
4.42042558952 -5.57189825514 0.674151238127 0.0410446328003
3.74600070245 -5.19190266416 -0.246958196554 -0.047662439055
-1.44667406984 0.327016293251 0.17892389588 0.060446073622
1.67280755776 -1.00519858192 -0.180458570661 -0.0963555810701
-0.404740017424 0.597935524554 0.983463287344 0.91857400033
