11.0 8.0 -6.34413156929e-18 -9.51619735393e-18
2.43577176466 2.03310435971 -0.0533253316401 -0.065274066465
-0.909594238621 0.081625485321 0.0612798534901 0.0826840358104
0.231715706789 1.25177088406 -0.0552743167622 -0.0825748769302
-1.46698871329 -0.544665230882 0.0436581232602 0.0726962057638
0.820701716012 1.93812663727 -0.0303624735758 -0.0568941875269
-0.476950966716 0.40078434896 0.0177652314014 0.0379733699956
0.205505821955 1.29006684918 -0.00736891679021 -0.0183199571557
-6.09036630652e-16 1.0 2.29702862509e-17 1.23777592385e-17
-0.120763797251 0.74045427995 0.00410508280771 0.015292134507
0.107730098052 1.47549246811 -0.00522396365305 -0.026318230073
0.463379092623 0.358934452457 0.00405075109061 0.0323661409913
0.898329629487 1.76925455268 -0.00157073091344 -0.0332826241756
-0.203691003026 0.00320247567546 -0.0010872969699 0.0294589944742
1.46892869469 0.532335634064 0.00281002701151 -0.0217678317245
0.799291619013 0.81598661015 -0.00265657501196 0.011455450694
1.0 -1.42108547152e-15 -1.60676048556e-17 1.00731185443e-17
1.14728755179 0.132009992867 0.00535743581095 -0.011051161029
0.798424160144 -0.353566324773 -0.0131010050794 0.0202489172187
0.763440683062 1.00003801589 0.0223490115493 -0.0263982196614
-0.571395498306 0.701445260256 -0.0316070682761 0.028686913652
0.474631283324 1.37892287225 0.0386737775262 -0.0267748595667
-0.349252680452 0.645034147284 -0.0403350824185 0.0208345562848
0.18784554093 1.23210915693 0.0313040214578 -0.011539283596
2.03012210217e-16 1.0 -1.23876750069e-17 2.61514459426e-18
-0.200219652454 0.632668320394 -0.0961188557597 0.0123426410647
0.401963804819 1.543589551 0.876531630047 -0.0238602497832
-0.617943703428 -5.63949430917 0.503673064305 0.0328981842676
1.08933617359 -4.67599895904 -0.250788954131 -0.0379398634276
0.346531678149 0.101950357322 0.162522380653 0.0377563634522
0.174618858953 -1.43812838461 -0.101771349249 -0.031524137368
-0.148595439276 -0.865808947315 0.049110521994 0.0188946858527
-1.01506105109e-15 -1.0 4.87638992877e-16 3.10503900083e-19
0.217326932562 -1.01981108823 -0.0463546737404 -0.0246276413149
-0.474237352329 -1.04640683134 0.0897424718122 0.0542664384286
0.744839824575 -0.824944684773 -0.130233986119 -0.0884819795301
-1.00414486909 -1.34060797331 0.169743028998 0.128398834498
1.22914318032 -0.489807271115 -0.217016702997 -0.181615595985
-1.40105281522 -1.60733060086 0.325724930558 0.300332236328
1.50951548539 1.07337817936 0.961510225029 0.974515804886
