4.2688723038 4.79857833661 0.326651304915 0.267079151744
0.90031394447 -0.549156003544 -0.14169614647 -0.101301933709
1.13892698975 -0.272356493466 0.0888400416561 0.0595721531703
0.844950069173 0.0980602413799 -0.0623218797109 -0.0403942127617
1.16213886185 -0.0400950531749 0.0459345551524 0.0292678884858
0.836599220753 -0.0178138932349 -0.0345955799753 -0.0219276669492
1.15778398417 0.192981585288 0.026157538477 0.0166666666667
0.863945522769 0.61968118996 -0.0195445856677 -0.0126679130261
1.01703856011 -0.111335954448 0.0141537514109 0.00949087181034
-0.218190700699 1.31851434834 -0.00961875038493 -0.00687667264161
0.0870018376174 0.546179396244 0.00570293748586 0.00466287960054
-1.30482169871 0.644665710033 -0.00224563489359 -0.00274207774332
-0.708536173303 0.123093492942 -0.000866952915162 0.00104005788533
-1.30870562122 0.43524622912 0.00371851485367 0.000496442849726
-0.571748368403 0.461442254488 -0.00637283067434 -0.00190701080049
-0.230460873204 0.957945569729 0.00888026665021 0.00322207200394
1.03421278296 0.236173337279 -0.0112821042441 -0.00446581987385
0.840975080055 -0.110473894815 0.0136135667579 0.00565819464627
1.18801033584 0.0847264900338 -0.0159060588405 -0.00681628437024
0.796601046518 -0.0780433599731 0.018188945568 0.00795537211166
1.21669587624 0.749436811657 -0.020491097506 -0.00908977447025
0.764989165046 -0.105933332063 0.0228423803161 0.0102335734564
1.2791268164 0.894173563661 -0.0252752564681 -0.0114013230358
0.349981022565 0.974050595354 0.027826688998 0.0126088068597
-0.0723558838228 1.09687950239 -0.030540600099 -0.0138739334323
-1.19738632696 0.504142374953 0.0334712616331 0.0152178821383
-0.138083219576 0.557734668073 -0.0366882257388 -0.0166666666667
-1.19740538894 0.0561021158614 0.0402838365292 0.0182533794948
-0.800104872475 0.631593177293 -0.0443852032655 -0.0200215590721
-1.20220259918 0.0233258286016 0.0491742283634 0.0220304570344
-0.795729884562 0.651275180529 -0.0549230138111 -0.0243636441934
-1.20608670295 0.00925402658414 0.0620607775832 0.0271437713289
-0.79242596179 -0.00394918660094 -0.0713114513516 -0.0305593696177
-1.20844821756 -0.00110484688981 0.0840100112043 0.0349170062543
-0.79220197886 0.00636566992538 -0.102952928527 -0.0407520817339
-1.20229357638 -0.0123165423509 0.135303920609 0.0490930049501
-0.825535493566 0.0196255360577 -0.207862202096 -0.0622008467928
-0.829952412644 -0.0294388809234 0.645747180369 0.0862109156586
3.94691348763 -6.62252231478 0.121417796441 -0.145661355304
0.240932380418 -0.0700408094598 0.458234331002 0.55953626471
