15.0 5.0 -5.04646829375e-18 -5.04646829375e-18
8.70404982019 3.34186134008 -0.199509670662 -0.199509670662
-1.38645141955 0.654236234214 0.0454270541676 0.0454270541676
-2.74927176357 0.438732521083 0.101866833945 0.101866833945
1.4706393697 1.14733327351 -0.0543406757796 -0.0543406757796
2.06549773582 0.463472451166 -0.0541711305928 -0.0541711305928
-0.222477028096 -0.200297962571 0.0521648946647 0.0521648946647
-0.332360023168 0.668735945961 0.0248721553135 0.0248721553135
0.666567765977 1.50459271952 -0.0444824554681 -0.0444824554681
0.0970443907594 1.06645801431 -0.00625086433443 -0.00625086433443
-0.534699925931 0.645332950135 0.0340268465131 0.0340268465131
0.0707482441559 1.04738001183 -0.00449832992346 -0.00449832992346
0.355773882724 1.24940645386 -0.0228100444693 -0.0228100444693
-0.135840190318 0.895980390016 0.00889500038633 0.00889500038633
-0.182674117443 0.837010777819 0.0125317436801 0.0125317436801
0.10680896438 1.12590350639 -0.00820355658307 -0.00820355658307
0.0412862640282 1.09297958884 -0.00462364733503 -0.00462364733503
0.0237892149503 0.873889485738 0.00377006196405 0.00377006196405
0.0521879585614 0.960402564503 0.00020059328777 0.00020059328777
-0.494645857876 1.11701782438 0.00288891863302 0.00288891863302
-1.0 1.0 5.04646829375e-18 5.04646829375e-18
-0.578567069463 0.884811024368 -0.0101025391185 -0.0101025391185
0.0852141304079 1.04115887195 0.00434314962812 0.00434314962812
0.165829018504 1.16038767498 0.0161021399944 0.0161021399944
-0.137494827263 0.811940715752 -0.0131361159719 -0.0131361159719
-0.712471745963 0.171241847615 -0.0190702656551 -0.0190702656551
-1.155779065 0.0396836458227 0.0259233780138 0.0259233780138
-0.387757941798 0.760603139161 0.0171212215487 0.0171212215487
0.80211496549 1.38975294901 -0.0420125010951 -0.0420125010951
0.152677577812 1.0592861233 -0.00808871340077 -0.00808871340077
-1.37681590892 0.618639632596 0.0607201640529 0.0607201640529
-0.865094630079 1.06313147127 -0.0112400493002 -0.0112400493002
0.409924469224 1.42089588646 -0.0819296609255 -0.0819296609255
-0.384698191729 0.772884857441 0.0478742735268 0.0478742735268
-0.932452663824 0.527893241859 0.107909187897 0.107909187897
1.05865178025 1.50075773448 -0.125928046059 -0.125928046059
1.15692887218 1.53692972352 -0.15438578406 -0.15438578406
-2.42255295853 -0.193309708454 0.435078796212 0.435078796212
-1.2936109041 -0.368800357698 0.98356478229 0.98356478229
8.43634544386 2.68986525398 0.697684673196 0.697684673196
