11.0 26.0 -5.69345140833e-18 -5.69345140833e-18
1.27010708076 0.678128439451 -0.0126987193734 -0.0126987193734
0.718860573619 -0.691404198521 0.0170394541689 0.0170394541689
1.31088087064 0.725167616712 -0.0192511077136 -0.0192511077136
-0.176211000579 -1.60047178832 0.0206049999974 0.0206049999974
0.170968927818 -0.364300641984 -0.021528612988 -0.021528612988
0.639281424637 -1.64265103319 0.0222061391504 0.0222061391504
0.613761534604 -0.358920964621 -0.0227300593561 -0.0227300593561
-1.32629125654 -1.63276414165 0.0231519577695 0.0231519577695
0.118468164121 -0.385141624749 -0.0235029277516 -0.0235029277516
-0.28455097682 -1.57733913752 0.023802875328 0.023802875328
0.4172582492 -0.520027785494 -0.0240651832856 -0.0240651832856
-1.125045591 -0.789406995919 0.0242992296542 0.0242992296542
-0.0521699778857 -0.0224197459083 -0.0245118320896 -0.0245118320896
-0.762842045654 -1.17079446299 0.0247081193806 0.0247081193806
-0.498256415437 0.438818648508 -0.0248920813543 -0.0248920813543
0.284191060192 -2.23108437282 0.0250669307312 0.0250669307312
-0.715614546642 0.668626126457 -0.0252353516641 -0.0252353516641
-0.619193467107 -1.33985315191 0.0253996788933 0.0253996788933
0.269330263984 -0.304727290404 -0.0255620347504 -0.0255620347504
-0.183136319694 -1.78408216871 0.0257244420801 0.0257244420801
0.10243917242 -0.15030111251 -0.0258889263018 -0.0258889263018
0.216296705768 -1.94958101935 0.026057617748 0.026057617748
1.36084395669 0.312187509511 -0.0262328654719 -0.0262328654719
0.708636173018 -1.07074044612 0.0264173759163 0.0264173759163
1.26286368376 -0.147662268112 -0.026614394861 -0.026614394861
0.753732191388 -0.455679178491 0.0268279605161 0.0268279605161
1.2338069146 0.567034429607 -0.0270632728502 -0.0270632728502
0.778340724338 -0.620895565055 0.0273272560562 0.0273272560562
1.20562967742 0.6602273491 -0.0276294519257 -0.0276294519257
0.825248137921 -0.706124374806 0.0279835040757 0.0279835040757
1.0596892678 0.831698785442 -0.0284097532263 -0.0284097532263
-0.356325375431 0.457297230049 0.0289400600007 0.0289400600007
0.296048959654 1.60835620166 -0.0296274663537 -0.0296274663537
-0.272559209746 0.365389880951 0.0305675057107 0.0305675057107
0.254178481712 1.65030801241 -0.0319516796148 -0.0319516796148
-0.214706985793 0.337849299549 0.0342288041485 0.0342288041485
1.34130897357 1.67363662882 -0.0387566747277 -0.0387566747277
0.678326519534 0.307463829953 0.0524666014946 0.0524666014946
0.260508043255 0.644439891232 0.99897290848 0.99897290848
