7.23122840302 8.91001002794 0.196427185606 0.196427185606
0.459633918036 -0.718772412598 -0.0767873924899 -0.0767873924899
0.656919008165 -0.23733494109 0.0433110255989 0.0433110255989
0.216289469277 -0.843948711952 -0.027417012882 -0.027417012882
1.11761352033 0.140058574011 0.0180431501637 0.0180431501637
0.372283275116 -0.609476161053 -0.0117963803944 -0.0117963803944
0.704320741807 -0.380258987713 0.00728804171908 0.00728804171908
1.03125924259 -0.664407130223 -0.00384386360595 -0.00384386360595
1.05637510306 -0.0406737620512 0.0010965859977 0.0010965859977
0.877342308466 0.605257104111 0.00117123106561 0.00117123106561
1.21206072329 1.13928399373 -0.00309683339551 -0.00309683339551
0.472008155817 0.961072723778 0.00477141765457 0.00477141765457
0.57423965103 0.528532708279 -0.00625824903496 -0.00625824903496
1.01085512637 0.528202875592 0.00760290352102 0.00760290352102
0.0249229473309 1.29989516624 -0.00883937221386 -0.00883937221386
-0.0881718055583 0.74266555289 0.00999387063136 0.00999387063136
0.728875644879 1.24003652429 -0.0110873186909 -0.0110873186909
0.188651729397 0.766959903436 0.0121370249293 0.0121370249293
-0.452123922647 1.23308719674 -0.0131578846346 -0.0131578846346
-0.577301405641 0.757666285219 0.0141632810944 0.0141632810944
-0.421214021089 0.50726046853 -0.0151658130615 -0.0151658130615
-0.541574991546 0.496206196399 0.0161779359465 0.0161779359465
-0.915881536258 0.0309571799329 -0.0172125875436 -0.0172125875436
-1.13447675423 0.625509821468 0.0182838661723 0.0182838661723
-0.843748136322 0.217274938344 -0.019407839113 -0.019407839113
-1.17170298796 -0.192436453796 0.0206035851193 0.0206035851193
-0.814330178012 0.185937720999 -0.0218946247773 -0.0218946247773
-1.20013406621 -0.181730216815 0.023310983729 0.023310983729
-0.783294647368 0.175645273082 -0.0248923013194 -0.0248923013194
-1.23788111061 -0.160473939594 0.0266927144764 0.0266927144764
-0.730161037919 0.0850312651838 -0.0287888749297 -0.0287888749297
-1.33775084404 -1.2408920165 0.0312937745217 0.0312937745217
-0.179762392851 -0.772541149147 -0.0343820098619 -0.0343820098619
-0.147727028552 -1.2248418268 0.0383393454376 0.0383393454376
0.222452022066 -0.772659619709 -0.0436690990451 -0.0436690990451
-0.280536284015 -1.23604323692 0.0513493710978 0.0513493710978
0.368198617592 -0.733577090841 -0.0635679526583 -0.0635679526583
0.36188826209 -0.433266409095 0.0864338421908 0.0864338421908
0.741463130913 -0.894064551726 -0.145907342784 -0.145907342784
0.151969073261 -0.608383651813 0.717912384993 0.717912384993
