10.446307939 7.50884279323 0.0480862468242 0.0463875480774
0.826204221757 -0.11931285923 -0.0139141431205 -0.0103989467788
1.18248737105 -0.964981611792 0.00422651869965 -0.00111723372709
0.813702628844 0.249500055895 -0.000365560658248 0.00684194917684
1.18864864759 -0.466427848435 -0.00116878309796 -0.0103001946599
0.808595932313 -0.669600882517 0.0014959777413 0.0126395740335
1.19703036716 0.0244367375444 -0.0010683804688 -0.0143455484586
0.78818333426 0.533957226451 8.63433676529e-05 0.0156589352274
1.26345109439 0.552829381491 0.00136820871411 -0.0167129040466
0.193173912959 0.358952165272 -0.0032826521381 0.0175872028437
0.00376768961664 1.3311381131 0.00569713335909 -0.0183326223359
-0.005739284462 0.785007462673 -0.00870528758947 0.0189831627012
-0.810861654604 0.342447857308 0.0124696618407 -0.0195625613459
-1.12630212269 0.647332427744 -0.0172575237924 0.0200880169573
-0.85326727221 0.321414424307 0.0235147907013 -0.0205724263475
-0.0655778733658 0.761943270083 -0.032024356148 0.0210257900952
-1.20791813059 -0.017287302432 0.0442794876619 -0.0214561338237
-0.568714587411 0.203602170525 -0.0635056072287 0.021870138302
-0.33109892669 0.961416499721 0.0981706899641 -0.0222735913815
-0.98392055153 -0.388311995984 -0.179873440391 0.0226717314462
-1.13270638212 0.327905850193 0.611993157123 -0.0230695282615
3.31724681616 -0.35527581337 0.570866133294 0.023471934424
2.61390617317 0.863674516743 -0.212168611408 -0.0238841349603
-1.24975753777 0.913119625857 0.136340382815 0.0243118222717
1.66529997776 1.12405154093 -0.103330931903 -0.0247615284766
-0.445752071927 0.863610280415 0.0848322454025 0.0252410587255
0.476769960741 1.14203097229 -0.0730005091956 -0.0257600909297
-1.43126979282 0.854044010532 0.0648006794468 0.0263310471927
0.550410612758 1.15094427956 -0.0588185384706 -0.0269704156766
-0.684445355828 0.838752835094 0.0543155449267 0.0277008415873
-0.398338586557 1.19219843974 -0.0508810986371 -0.0285545854569
-0.492442421115 0.615949223065 0.0482873569124 0.0295795386052
-0.891071297661 -0.122624885447 -0.0464277654619 -0.030850331031
-1.18889699355 0.434716299829 0.0453012682161 0.0324904075322
-0.780007714056 0.858242776691 -0.0450393843865 -0.0347202189329
-1.23891538638 -1.05820421912 0.0460129970878 0.0379764489439
-0.741079885548 -0.127609556003 -0.0491769190712 -0.0432642620011
-1.30451169512 -0.747303133861 0.0574382939825 0.0535306571714
0.0703650347433 -1.09594066159 -0.0847293162098 -0.0827405176714
-0.170630608869 -0.0942967455695 0.945620807574 0.945492529128
