10.9363234054 8.23503868613 0.190416973704 0.156307312843
0.758204067275 -1.17592150282 -0.088695116778 -0.0604105981461
1.27698542589 -0.898179265385 0.0560869953075 0.0324056816837
0.700848626109 -0.534792386658 -0.0388313309309 -0.0189212972355
1.31894316045 -0.443687261674 0.0276387370262 0.0109108254706
0.65538873537 -0.43235362875 -0.0195240775643 -0.00554861910269
1.40163779019 0.635032388488 0.0132097799835 0.00166667900169
0.157101795256 0.874665721099 -0.00804682034566 0.00130576214797
0.146572278598 1.16609343513 0.00366501551428 -0.00368099376193
-0.151825041859 0.823986422533 0.000165449880786 0.00564453632532
-0.0592942788607 1.17902943183 -0.00359704268329 -0.00731380062431
-1.00335493571 0.819231441473 0.00673669848069 0.00876697431048
0.609099931028 1.18444708906 -0.00966326010794 -0.0100583998287
-1.38363614173 0.804520589515 0.0124377222444 0.0112272912889
-0.366579585104 1.23384712332 -0.0151096492153 -0.0123029415953
-0.636936283572 0.496763584389 0.0177214744144 0.0133079785363
-0.830520615681 -0.0186988659388 -0.0203116172532 -0.0142604887728
-1.23755545429 -0.0196504859921 0.0229169785931 0.0151754632604
-0.738955233206 0.0151457988106 -0.0255751967458 -0.0160658279455
-1.26889546999 0.0143562184097 0.0283269783158 0.0169432213619
-0.733793512204 -0.0928733322489 -0.0312188307367 -0.0178186246452
-1.25001456696 0.737193550586 0.0343066192366 0.0187029193609
-0.79718827863 0.164948147875 -0.0376605873945 -0.0196074345917
-1.00042147277 0.183174451516 0.0413729107933 0.0205445426997
-0.0229194651668 0.724829357092 -0.0455697088521 -0.0215283724717
-1.02185067806 0.315057467451 0.0504312111406 0.0225757317582
1.39486500842 1.2844724603 -0.0562276749802 -0.0237073766361
0.536909050116 -0.0923528778428 0.0633879538372 0.0249498460653
1.46981077905 -0.205066372382 -0.0726421615553 -0.0263382316246
0.522300865058 -0.801577196109 0.0853536832006 0.0279205376272
1.49086621915 0.358613287434 -0.104420591045 -0.0297648541249
0.494421169547 -1.02180657203 0.137355016396 0.0319717574586
1.4378097636 -0.0640735264371 -0.211896228597 -0.0346970396354
-1.02793065933 -0.93413756171 0.590930837618 0.0381964654162
3.14034429843 0.408695798142 0.442280450822 -0.0429223091236
1.63481463078 0.365740879578 -0.116448051017 0.0497583130966
0.760098165683 0.636361551621 0.0381996790495 -0.0606974235981
0.0881830274901 0.427934667331 0.0119710903215 0.081381681132
1.46107496678 0.103970688901 -0.0838182502406 -0.136516669727
-0.0854212824662 -0.131448789796 0.746997001387 0.788824312958
