7.09128674136 5.59477208552 0.176596134545 0.170671241135
1.26672212029 -0.869684866085 -0.0752919920402 -0.0664195490452
0.330925146391 -0.164780013623 0.0478377000804 0.0364116612637
0.651500891918 -0.831998015103 -0.0357179692012 -0.0220321765691
1.09362708396 0.691771210827 0.0292345667654 0.0135111817645
0.976305444352 0.239626874796 -0.0254080099045 -0.00781603967365
0.974294176808 0.788304781344 0.0230297833669 0.00369747177368
1.08753493437 0.16996194477 -0.0215230839474 -0.000546336481484
0.766252603614 0.956281114929 0.0205817316657 -0.0019701335544
0.382305120808 0.917698942243 -0.0200309942165 0.00404939333283
0.547615118441 1.12251187198 0.0197662850327 -0.00581629175274
0.522321735561 0.857477612748 -0.0197234467521 0.00735390687096
0.329654453455 1.15458674626 0.0198633248497 -0.00871994260917
-0.18477301408 0.837229512711 -0.0201634121464 0.00995601446532
0.126194187909 1.16866174601 0.0206132970453 -0.0110931920473
-0.0854139458031 0.827561896751 -0.0212123636596 0.0121554624364
0.0439354091151 1.17165945815 0.0219690165608 -0.0131619878464
0.0263863405585 0.849913449363 -0.0229011601608 0.0141286409156
-0.421868035352 0.84164982191 0.0240379881229 -0.0150690985855
-1.18406386846 -1.11239892108 -0.0254234722959 0.0159956665154
-0.881615461934 0.18671354466 0.027122424036 -0.0169199461588
-1.08627524274 -0.535573878106 -0.0292308646974 0.0178534244753
-0.936447325038 -0.410831163741 0.0318941820531 -0.0188080512904
-1.04394744853 -0.626795611949 -0.0353403763831 0.0197968669823
-0.975291159449 -0.325418250057 0.0399448947277 -0.0208347527783
-1.00398250129 -0.787522750448 -0.0463680734657 0.0219394003646
-1.01980707817 0.575370252127 0.0558809173788 -0.0231326444712
-0.953624678796 1.10104344751 -0.0712674943157 0.024442387773
-0.244555730224 0.901705872625 0.0999870920991 -0.0259055048771
0.300168928869 1.17880387458 -0.17089917241 0.0275724106136
-0.614482178972 0.331492060262 0.601927951036 -0.0295145698455
4.32613787901 1.30004624574 0.408999223571 0.0318374689753
2.17381640536 0.502705591463 -0.159091777499 -0.0347043669559
0.347863403259 -0.225908419917 0.104052227397 0.0383830031083
1.57135293313 -0.219249022111 -0.0826369915317 -0.0433461714037
-0.174931048435 -1.3776200084 0.07467356548 0.0505159445871
0.602889654745 0.165222625632 0.72379259225 -0.0619657881195
2.38502407395 -0.189046031702 0.0907047442097 0.0835374926753
0.911727886357 0.166869665838 -0.142351112584 -0.140542709141
0.375236043705 -0.12281529843 0.762072124939 0.764510213178
