12.1349358921 3.56020302983 0.245833145095 0.245833145095
-1.36913259064 -0.0570964931582 -0.0947455468692 -0.0947455468692
-0.091159960114 0.621211227956 0.0552259738017 0.0552259738017
-0.852082025974 0.441055697287 -0.0368545286122 -0.0368545286122
-0.169048022685 0.498672862534 0.0261348737634 0.0261348737634
-0.819696588209 0.713957452077 -0.0190381481304 -0.0190381481304
-0.188674844856 1.17385313802 0.0139394906291 0.0139394906291
-0.801420086864 0.864539188301 -0.0100573056201 -0.0100573056201
-0.218505856358 1.11103079097 0.00696866760932 0.00696866760932
-0.706241463678 0.911768005745 -0.0044244082462 -0.0044244082462
0.503139747596 1.05866430137 0.00226786147141 0.00226786147141
-0.50703457136 0.99639599461 -0.000395255485397 -0.000395255485397
0.692700767194 0.79703960961 -0.00126520376413 -0.00126520376413
0.180104445609 0.334504397564 0.00276511106945 0.00276511106945
0.301418777504 1.24160031938 -0.00414285865431 -0.00414285865431
0.790018862647 0.867919593243 0.00542798947056 0.00542798947056
1.24418588738 0.477876735975 -0.00664402338207 -0.00664402338207
0.738588353442 -0.263729883192 0.00781037088693 0.00781037088693
1.27112578761 0.216901500073 -0.00894368994093 -0.00894368994093
0.723161129204 -0.193786516324 0.0100589023247 0.0100589023247
1.28314649697 0.181425183262 -0.0111700096904 -0.0111700096904
0.0951027307126 -0.789463793919 0.0122908082015 0.0122908082015
0.867157491554 -0.259252671055 -0.0134355809901 -0.0134355809901
0.137302422411 -0.726869470504 0.0146198434597 0.0146198434597
0.872597557421 -0.271801011703 -0.0158612265242 -0.0158612265242
0.0961579915453 -0.751381858906 0.0171806101899 0.0171806101899
0.229401977218 -0.929720935378 -0.018603673053 -0.018603673053
-0.27872498908 -1.12611202436 0.0201631204213 0.0201631204213
-0.302097537043 -0.24430162091 -0.0219020318993 -0.0219020318993
-0.739077815248 -0.754972852535 0.0238791056921 0.0238791056921
-0.736989299975 0.286034615148 -0.0261772408813 -0.0261772408813
-1.36778079631 -0.304968278829 0.028918284583 0.028918284583
-0.135996335555 0.77180681092 -0.0322898664798 -0.0322898664798
-1.01749610569 0.0885100716846 0.0365977632658 0.0365977632658
-0.847642759051 0.0397297103128 -0.0423775305172 -0.0423775305172
-0.601928172316 0.512138923763 0.0506619303805 0.0506619303805
-0.339731095629 0.550877392817 -0.0637348139745 -0.0637348139745
-0.67741012435 0.415679829361 0.0878531107986 0.0878531107986
-0.32484095676 0.635006627965 -0.148548755717 -0.148548755717
-0.64648168877 -0.0633666516366 0.613769121283 0.613769121283
