18.0 25.0 0.0 0.0
0.954044791801 0.338432911576 -0.0253141048256 -0.0253141048256
-0.939296036325 -2.30526034581 0.0332659354587 0.0332659354587
0.906659423096 0.260119554049 -0.0362587720026 -0.0362587720026
-0.857317505976 -2.20221385881 0.0369108382567 0.0369108382567
0.79131889195 0.132221114196 -0.0361501990165 -0.0361501990165
-0.706806603379 -2.05142318269 0.0344217922128 0.0344217922128
0.596183178001 -0.0385328640467 -0.0319938149118 -0.0319938149118
-0.426167459593 -1.86424725987 0.0290596878669 0.0290596878669
-0.135019356902 -0.238188704009 -0.0257777985526 -0.0257777985526
-1.11947865813 -1.65626038054 0.0222883367499 0.0222883367499
0.619365830484 -0.450381686292 -0.0187204813349 -0.0187204813349
-0.451447781437 -1.44362112441 0.0151951088208 0.0151951088208
0.33884590285 -0.660719101265 -0.0118252866554 -0.0118252866554
-0.253345465168 -1.23566742187 0.00871564465372 0.00871564465372
0.195669624465 -0.875067976654 -0.00596120272135 -0.00596120272135
-0.214217756501 -0.952317114168 0.00364598765306 0.00364598765306
-1.10004359167 0.0937857186537 -0.00184164613246 -0.00184164613246
-0.890103794822 -1.17678127659 0.000606191786493 0.000606191786493
-0.00644632384154 -0.916969086513 1.70171802408e-05 1.70171802408e-05
-1.0 2.33731163079e-16 1.31473779232e-17 1.31473779232e-17
-1.01534182335 -0.0109073694073 -0.000669476158262 -0.000669476158262
-0.989445308172 0.0295815344276 0.00198791492502 0.00198791492502
-1.02934169465 -0.0863638249868 -0.00393652709454 -0.00393652709454
-0.247777960279 0.871463125251 0.00648210809613 0.00648210809613
-0.39170507592 0.35875628508 -0.00957838123253 -0.00957838123253
-1.66611554777 0.323405496171 0.0131678423169 0.0131678423169
0.383125134017 1.55188315056 -0.0171841694633 -0.0171841694633
-1.29971440689 0.421469076625 0.0215553218912 0.0215553218912
0.591762385084 1.63793715146 -0.0262075748865 -0.0262075748865
0.231513536805 0.292703642683 0.0310709939191 0.0310709939191
0.663222485642 1.77352855663 -0.0360874046928 -0.0360874046928
0.708155647942 0.185764247012 0.0412231944778 0.0412231944778
1.50200123837 1.69246851485 -0.0464924997795 -0.0464924997795
0.359186404683 -1.23010036661 0.0520054167113 0.0520054167113
1.74787471073 1.2304519656 -0.0580856588842 -0.0580856588842
0.165445413031 -1.26395858141 0.0656228342677 0.0656228342677
1.9071893113 1.2973462905 -0.0775032922379 -0.0775032922379
0.0179859135681 -1.32148357781 0.109090639409 0.109090639409
0.901687590133 1.3312520316 0.995887062876 0.995887062876
