9.75062675595 5.96771107923 0.326651304915 0.267079151744
0.899800346954 0.0155760397627 -0.14169614647 -0.101301933709
0.931395933681 -0.15589607737 0.0888400416561 0.0595721531703
0.251747052386 -0.687410513923 -0.0623218797109 -0.0403942127617
1.31829250001 0.289506235922 0.0459345551524 0.0292678884858
0.773956367992 -0.256517812902 -0.0345955799753 -0.0219276669492
1.06924004654 1.01622252676 0.026157538477 0.0166666666667
-0.235654446219 0.881980872192 -0.0195445856677 -0.0126679130261
0.0453724120448 1.12914774458 0.0141537514109 0.00949087181034
-0.871166153102 0.874687303342 -0.00961875038493 -0.00687667264161
0.490521267655 1.11083787873 0.00570293748586 0.00466287960054
-0.800668643142 0.926288795509 -0.00224563489359 -0.00274207774332
-0.213179636545 0.914427413904 -0.000866952915162 0.00104005788533
-0.778339088117 0.246062320452 0.00371851485367 0.000496442849726
-0.225212582168 1.37939747401 -0.00637283067434 -0.00190701080049
-0.779677925405 0.310548083776 0.00888026665021 0.00322207200394
-0.187164294483 0.666449127535 -0.0112821042441 -0.00446581987385
-1.1786837782 0.373864558854 0.0136135667579 0.00565819464627
-0.818519548681 1.13405543837 -0.0159060588405 -0.00681628437024
-1.17377448668 -0.311258441069 0.018188945568 0.00795537211166
-0.842505924805 0.280102530075 -0.020491097506 -0.00908977447025
-1.12753141633 -0.278712339088 0.0228423803161 0.0102335734564
-0.940458785149 0.314704820629 -0.0252752564681 -0.0114013230358
-0.636853960125 -0.692718113757 0.027826688998 0.0126088068597
0.173615010095 -0.932165328457 -0.030540600099 -0.0138739334323
0.314656491045 -1.09186125303 0.0334712616331 0.0152178821383
0.431609962227 -0.951501269515 -0.0366882257388 -0.0166666666667
0.165435661477 -0.63681715227 0.0402838365292 0.0182533794948
1.24773179964 -0.562389066359 -0.0443852032655 -0.0200215590721
-0.0324570602868 -0.917385611442 0.0491742283634 0.0220304570344
0.991232890783 -0.105234129578 -0.0549230138111 -0.0243636441934
-0.0179200212909 -0.935400198328 0.0620607775832 0.0271437713289
0.550883449731 -0.520138388923 -0.0713114513516 -0.0305593696177
0.213911229772 -0.725196568879 0.0840100112043 0.0349170062543
1.02599661908 -0.0258504733765 -0.102952928527 -0.0407520817339
0.423306539241 -0.531166656015 0.135303920609 0.0490930049501
0.656327928369 -0.399318014172 -0.207862202096 -0.0622008467928
-0.0147882026106 -0.651200239598 0.645747180369 0.0862109156586
-1.45580580397 0.449930478008 0.121417796441 -0.145661355304
-0.728631840691 0.419970259742 0.458234331002 0.55953626471
