22.0 12.0 0.0 0.0
1.14654440881 -0.307303586039 -0.0253141048256 -0.0253141048256
-1.11367142401 -1.70675568088 0.0332659354587 0.0332659354587
1.05465542509 -0.269713478738 -0.0362587720026 -0.0362587720026
-0.940736343487 -1.80167021618 0.0369108382567 0.0369108382567
0.202163725988 0.528216690738 -0.0361501990165 -0.0361501990165
-2.00496859463 -1.26501045656 0.0344217922128 0.0344217922128
-0.109587375435 -0.118418931093 -0.0319938149118 -0.0319938149118
-1.78594302086 0.421073544971 0.0290596878669 0.0290596878669
-0.317571635191 0.979295499963 -0.0257777985526 -0.0257777985526
-1.57873004133 -0.702827433978 0.0222883367499 0.0222883367499
-0.52438300077 0.972817018866 -0.0187204813349 -0.0187204813349
-1.37429060551 0.379215866047 0.0151951088208 0.0151951088208
-0.724380987 0.318203868118 -0.0118252866554 -0.0118252866554
-1.17893445279 1.08897873686 0.00871564465372 0.00871564465372
-0.922477749636 0.985674516578 -0.00596120272135 -0.00596120272135
-0.921011908437 0.992150231892 0.00364598765306 0.00364598765306
0.113894505659 1.02191387668 -0.00184164613246 -0.00184164613246
0.0101623080512 0.945589232755 0.000606191786493 0.000606191786493
1.05470372104 -0.0475049845282 1.70171802408e-05 1.70171802408e-05
1.0 -4.35324291235e-16 1.31473779232e-17 1.31473779232e-17
0.984456175189 0.0341121352214 -0.000669476158262 -0.000669476158262
1.01343407045 -0.075388057224 0.00198791492502 0.00198791492502
0.995454926884 0.134603733441 -0.00393652709454 -0.00393652709454
1.02072442318 -0.244439282735 0.00648210809613 0.00648210809613
0.366701987864 0.979735861687 -0.00957838123253 -0.00957838123253
-0.325972213955 0.814581831007 0.0131678423169 0.0131678423169
0.421502084765 1.35874839068 -0.0171841694633 -0.0171841694633
-0.932293050761 0.0334063643663 0.0215553218912 0.0215553218912
-0.819012368461 0.695385878562 -0.0262075748865 -0.0262075748865
-0.905992167487 0.889611272657 0.0310709939191 0.0310709939191
0.357304007459 1.24842785411 -0.0360874046928 -0.0360874046928
-1.97999226285 0.660009993948 0.0412231944778 0.0412231944778
-0.01822608777 1.41357316709 -0.0464924997795 -0.0464924997795
-2.02898859912 0.523255103476 0.0520054167113 0.0520054167113
0.086694673766 1.53225407073 -0.0580856588842 -0.0580856588842
-2.14929486576 0.418275442807 0.0656228342677 0.0656228342677
0.243134922358 1.62802998417 -0.0775032922379 -0.0775032922379
-1.08665914542 0.314154033086 0.109090639409 0.109090639409
1.14527074466 0.596158960083 0.995887062876 0.995887062876
