16.1369392106 23.7680750314 0.0463875480774 0.0463875480774
-0.407859398562 -1.56873227438 -0.0103989467788 -0.0103989467788
-0.666911794555 -0.435576641495 -0.00111723372709 -0.00111723372709
0.043259941692 -1.56007365225 0.00684194917684 0.00684194917684
1.15438038732 -0.445686982534 -0.0103001946599 -0.0103001946599
-0.550098400767 -1.54584111078 0.0126395740335 0.0126395740335
0.498407530125 -0.467984847689 -0.0143455484586 -0.0143455484586
-0.49847164272 -1.50561805719 0.0156589352274 0.0156589352274
0.545035940392 -0.563438882356 -0.0167129040466 -0.0167129040466
-1.08109924149 -0.863081892783 0.0175872028437 0.0175872028437
-0.756831413846 0.59402649142 -0.0183326223359 -0.0183326223359
-0.526330482114 0.209265700834 0.0189831627012 0.0189831627012
-0.386320504733 0.844178776992 -0.0195625613459 -0.0195625613459
-1.53569238485 -0.752838561995 0.0200880169573 0.0200880169573
-0.480033387128 0.743679716942 -0.0205724263475 -0.0205724263475
-1.51337149496 -0.814235178918 0.0210257900952 0.0210257900952
-0.505099144391 -0.393963268966 -0.0214561338237 -0.0214561338237
-1.34826107234 -1.64733579268 0.021870138302 0.021870138302
0.787481533454 -0.330138109266 -0.0222735913815 -0.0222735913815
-0.8380016985 -1.6955152717 0.0226717314462 0.0226717314462
1.29506874306 -0.262552268821 -0.0230695282615 -0.0230695282615
-0.202525264277 -1.83345331706 0.023471934424 0.023471934424
1.17206949703 0.44525280974 -0.0238841349603 -0.0238841349603
-0.166083198825 -1.36212047325 0.0243118222717 0.0243118222717
1.17555571146 0.33655642811 -0.0247615284766 -0.0247615284766
-0.199935062788 -1.34189430376 0.0252410587255 0.0252410587255
1.24821831129 0.3854864161 -0.0257600909297 -0.0257600909297
0.637124319065 -0.538862880607 0.0263310471927 0.0263310471927
1.42829927395 -0.363642929032 -0.0269704156766 -0.0269704156766
0.507702603138 0.603552510878 0.0277008415873 0.0277008415873
1.58884936714 0.137237858203 -0.0285545854569 -0.0285545854569
0.104557333833 0.0711844288602 0.0295795386052 0.0295795386052
0.802569181432 1.07356954513 -0.030850331031 -0.030850331031
0.299867325856 -0.214524136141 0.0324904075322 0.0324904075322
0.200372965301 1.75031708636 -0.0347202189329 -0.0347202189329
-0.326737226233 0.331871205069 0.0379764489439 0.0379764489439
0.442270128834 1.63750310659 -0.0432642620011 -0.0432642620011
-1.18702710451 0.372974606001 0.0535306571714 0.0535306571714
0.115433687628 1.64036396168 -0.0827405176714 -0.0827405176714
-0.262587028499 -0.484496474592 0.945492529128 0.945492529128
