18.8666566026 5.65066118469 0.196427185606 0.196427185606
-1.56549319919 -0.238184164029 -0.0767873924899 -0.0767873924899
-0.430669990351 0.247815897601 0.0433110255989 0.0433110255989
-1.61460139421 -0.298713294149 -0.027417012882 -0.027417012882
-0.159677347618 0.537254773164 0.0180431501637 0.0180431501637
-0.870826847244 0.390949708468 -0.0117963803944 -0.0117963803944
-0.699761257647 0.674332049936 0.00728804171908 0.00728804171908
-1.37081498606 0.135210784897 -0.00384386360595 -0.00384386360595
-0.59690460067 -0.0373168961146 0.0010965859977 0.0010965859977
-1.43000138711 -0.00224740115803 0.00117123106561 0.00117123106561
-0.495456354402 0.0754942367812 -0.00309683339551 -0.00309683339551
-0.313519557793 1.12550743308 0.00477141765457 0.00477141765457
-0.12434888474 0.416607853757 -0.00625824903496 -0.00625824903496
-0.941510645534 0.555757424301 0.00760290352102 0.00760290352102
-0.0119259268682 0.401599059558 -0.00883937221386 -0.00883937221386
-1.06650254563 1.00221133233 0.00999387063136 0.00999387063136
0.779463233981 1.01183870016 -0.0110873186909 -0.0110873186909
0.80021035047 0.042271241747 0.0121370249293 0.0121370249293
1.3008925406 -0.0165867823982 -0.0131578846346 -0.0131578846346
0.639142657184 0.0356719674306 0.0141632810944 0.0141632810944
1.43667353334 -0.0962234470472 -0.0151658130615 -0.0151658130615
0.266756035168 0.391463921635 0.0161779359465 0.0161779359465
0.751838589448 0.578868376516 -0.0172125875436 -0.0172125875436
0.877845069905 -0.179177625109 0.0182838661723 0.0182838661723
0.0635775648669 1.16166959453 -0.019407839113 -0.019407839113
0.358201947972 0.861370109128 0.0206035851193 0.0206035851193
0.597659871508 1.11961760197 -0.0218946247773 -0.0218946247773
-0.309616177216 0.896073930931 0.023310983729 0.023310983729
-0.1018798195 1.08741688639 -0.0248923013194 -0.0248923013194
-0.842854103752 0.938184767261 0.0266927144764 0.0266927144764
-0.305146897048 0.974361656841 -0.0287888749297 -0.0287888749297
-1.55072844166 -0.113266742935 0.0312937745217 0.0312937745217
-0.496133628947 0.0644133023413 -0.0343820098619 -0.0343820098619
-1.47866065849 0.658107329927 0.0383393454376 0.0383393454376
-0.539404753299 0.14872490372 -0.0436690990451 -0.0436690990451
-1.4424102098 -0.073238721004 0.0513493710978 0.0513493710978
-0.588197434114 -0.562165522741 -0.0635679526583 -0.0635679526583
-1.28431304115 -0.413067296555 0.0864338421908 0.0864338421908
0.533241426007 -0.965637234547 -0.145907342784 -0.145907342784
-0.48695317918 -0.495323208997 0.717912384993 0.717912384993
