12.0 7.0 6.49886648561e-17 3.52021934637e-17
0.739500368231 -0.173427926735 0.0104325974745 0.0123826178158
1.24995592747 0.174375301093 -0.0125145577528 -0.0164756780662
0.760239623582 -0.17375912216 0.0124722992074 0.0185347976164
1.23085717663 0.170877993548 -0.0114982661443 -0.019786673058
0.77457001637 -0.163403739603 0.00995635326257 0.0206369581156
1.23174637477 0.142765364211 -0.00796693380856 -0.0212587795628
0.691789357518 -0.0500813713261 0.00554745292482 0.0217385179891
0.0356295021872 1.30376692317 -0.00265271311231 -0.0221241389519
-0.0552135414069 0.738836783465 -0.000818888367193 0.0224444563122
0.0322830521099 1.25352596045 0.00503873471652 -0.0227178669031
0.025836332495 0.738800778341 -0.0102832769597 0.0229567111664
-0.236533562623 1.29551633012 0.017007669516 -0.0231696199267
-1.13487953633 0.510584008149 -0.0260026961304 0.0233628565914
-0.976127663932 0.0367452395954 0.0387614960916 -0.0235411250866
-0.933430190051 -0.0729143526127 -0.0584700702652 0.0237080785581
-1.17921211491 0.0288568793377 0.093342021887 -0.0238666534135
-0.651754249799 0.29289722006 -0.172975974668 0.0240192982475
-1.53620439858 0.97865560265 0.547621035007 -0.0241681384263
3.53621731908 -0.565129484824 0.692522922621 0.024315101533
3.9603568589 0.853046849201 -0.237136553011 -0.0244620203335
-1.39314545962 0.807598075915 0.151072937074 0.024610725378
0.859635965904 1.24440242292 -0.114425616303 -0.0247631373625
-0.555336242247 0.729008988832 0.093980689032 0.024921369333
-0.114456643649 1.29815891763 -0.080842162457 -0.0250878506979
-0.990558832806 0.659464761348 0.0716203176918 0.0252654894082
0.139037479114 1.43754905172 -0.0647433265219 -0.0254578969632
-1.88725519066 -0.0833190156834 0.0593839285137 0.0256697160196
0.430803706347 0.939962570423 -0.055066972778 -0.0259071182813
-1.17483943554 0.210395442775 0.0515025583511 0.0261785936118
-0.664532763146 0.0113188295256 -0.0485074146315 -0.0264962579393
-1.35523760528 -0.0732602268954 0.0459657019525 0.0268781339259
-0.647548879063 0.101879053147 -0.0438102060101 -0.0273523749998
-1.34334823745 -0.116320458503 0.042017246988 0.0279656919041
-0.667888951112 0.119822047491 -0.0406168425743 -0.0288018377032
-1.32002007439 -0.0989890948269 0.0397333988328 0.0300276478108
-0.692726507075 -0.737705649696 -0.0397194974307 -0.0320304125295
-1.29305725982 -1.23265071448 0.0416979014547 0.035962395607
-0.727820644278 0.138584179147 -0.0512935303726 -0.0474746648521
-0.313672540368 -0.164239294954 1.00088774889 0.998972844211
