11.67623657 6.55850984134 0.190671241135 0.170671241135
-0.66890210898 0.906863694224 -0.0864195490452 -0.0664195490452
-0.413096137926 1.14061101509 0.0564116612637 0.0364116612637
0.613874481748 0.832776648079 -0.0420321765691 -0.0220321765691
1.18642229193 1.18571435459 0.0335111817645 0.0135111817645
-0.305097997115 0.799454226583 -0.0278160396737 -0.00781603967365
0.28242570458 1.21345639051 0.0236974717737 0.00369747177368
-0.261012600776 0.777367593267 -0.0205463364815 -0.000546336481484
-0.609799208147 0.393223321477 0.0180298664456 -0.0019701335544
-1.31927667395 -0.4068664338 -0.0159506066672 0.00404939333283
-0.702035500054 0.835173828553 0.0141837082473 -0.00581629175274
-1.27895821128 0.160955040727 -0.012646093129 0.00735390687096
0.041266229927 0.959236262983 0.0112800573908 -0.00871994260917
-1.04584696601 0.912478127531 -0.0100439855347 0.00995601446532
0.443400270135 1.1340033357 0.0089068079527 -0.0110931920473
-0.408847279516 0.837240546653 -0.00784453756359 0.0121554624364
1.25963546726 0.362923512665 0.00683801215363 -0.0131619878464
0.679687322402 -0.550973927582 -0.0058713590844 0.0141286409156
1.33362090548 -0.477106255007 0.00493090141447 -0.0150690985855
0.661927777878 0.0672660564916 -0.00400433348458 0.0159956665154
1.30310247697 -0.871435255937 0.00308005384121 -0.0169199461588
-0.510867098862 -1.07575042436 -0.00214657552473 0.0178534244753
0.932205256875 -0.953317267337 0.00119194870963 -0.0188080512904
0.0761363773505 -0.978915366567 -0.000203133017724 0.0197968669823
0.188387230127 -0.499068659598 0.799165247222 -0.0208347527783
-0.291798628474 -3.58211861442 0.00193940036464 0.0219394003646
0.688219023585 0.144320494737 -0.00313264447115 -0.0231326444712
0.932010340561 -0.963038166804 0.00444238777295 0.024442387773
1.10184450396 -0.0554988192691 -0.00590550487706 -0.0259055048771
0.942523910004 -1.15116235578 0.00757241061357 0.0275724106136
0.641508269204 -0.899136764021 -0.00951456984553 -0.0295145698455
0.339646777193 -0.473599012287 0.0118374689753 0.0318374689753
0.5855399408 -0.615588015879 -0.0147043669559 -0.0347043669559
-0.663285147798 -1.09962556654 0.0183830031083 0.0383830031083
-0.765719644568 0.487353624429 -0.0233461714037 -0.0433461714037
-1.26470583831 -0.471167000763 0.0305159445871 0.0505159445871
-0.732635502791 0.581983457638 -0.0419657881195 -0.0619657881195
-1.25781223935 0.291127253392 0.0635374926753 0.0835374926753
-0.782168933809 0.763495979352 -0.120542709141 -0.140542709141
-0.627755410215 0.178833299944 0.744510213178 0.764510213178
