14.0 7.0 -3.24943324281e-17 3.52021934637e-17
-0.322519856392 0.815746447056 0.0107488237726 0.0123826178158
0.287830202718 1.2092158001 -0.0142318326142 -0.0164756780662
-1.37304541632 0.772647410581 0.0164563908743 0.0185347976164
-0.609868409549 1.24075099413 -0.0185360649044 -0.019786673058
-0.200403043063 0.749560353806 0.0208504293831 0.0206369581156
0.123190537173 1.25683909823 -0.0236180868094 -0.0212587795628
-1.25006811774 0.740168460192 0.0270479447125 0.0217385179891
0.455464462519 1.25856747148 -0.0314151579839 -0.0221241389519
-0.385316508842 0.749246664196 0.0371438845651 0.0224444563122
0.335426804576 1.23022474256 -0.0449545408626 -0.0227178669031
-0.174187008986 0.824056224697 0.0561920573078 0.0229567111664
1.57721555033 0.94679625481 -0.0736944570863 -0.0231696199267
0.319000277221 -0.127139212392 0.104655471006 0.0233628565914
4.72243590255e-05 1.31423133264 -0.174155202159 -0.0235411250866
-1.39855735681 -0.772541342216 0.471831576704 0.0237080785581
1.44049640252 0.999211643047 0.756523100926 -0.0238666534135
1.39662003156 0.275493455001 -0.217941109449 0.0240192982475
1.15108297335 0.209976308329 0.130148649565 -0.0241681384263
0.746611913892 -0.276239551211 -0.0942859936771 0.024315101533
1.30458843991 0.284435912186 0.0749110868713 -0.0244620203335
0.649736010961 -0.240385546428 -0.0628962936917 0.024610725378
1.42911392006 -0.164649613718 0.0548435666059 -0.0247631373625
0.111321245084 -1.53141996526 -0.0492143435005 0.024921369333
0.195997651064 -0.513064420476 0.045230438532 -0.0250878506979
-0.2749168403 -1.47792844949 -0.0424826349296 0.0252654894082
0.360787132973 -0.514931751352 0.0407744345317 -0.0254578969632
-0.934199962982 -1.52353617378 -0.040064669337 0.0256697160196
-0.855991101828 0.0465845016657 0.0404705690073 -0.0259071182813
-1.18954181841 0.439695583869 -0.0423410159748 0.0261785936118
-0.792594081698 0.77063144809 0.0464787370301 -0.0264962579393
-1.21486551842 0.00942446762648 -0.0548181874979 0.0268781339259
-0.782447240395 1.9635292958 0.0730285585821 -0.0273523749998
-1.22877684831 -0.850535018303 -0.126787977016 0.0279656919041
-0.0867864561665 1.44419457791 0.945779166171 -0.0288018377032
1.71043553132 -10.7436636885 0.160001168004 0.0300276478108
0.448828503451 -2.06200452327 -0.0764432911322 -0.0320304125295
0.582497820085 0.245022026382 0.0558528689891 0.035962395607
0.423693887591 -0.989745509566 -0.0563917384802 -0.0474746648521
-0.366144838936 -0.130416927888 1.00213294226 0.998972844211
