11.8571428571 24.5714285714 0.0238095238095 0.0238095238095
-0.460899530538 -1.79147155041 0.000583000741789 0.000583000741789
0.533514651585 -0.212599822184 -0.00851511321389 -0.00851511321389
0.626671127902 -1.78827615329 0.0124814417139 0.0124814417139
1.3329841318 -0.206877418854 -0.0148849997004 -0.0148849997004
-0.720837205877 -1.80252529929 0.016514152402 0.016514152402
0.9569676276 -0.181682830208 -0.0177038481231 -0.0177038481231
0.145558599552 -1.84463187887 0.0186207139904 0.0186207139904
0.801537856416 -0.108148759886 -0.0193570800385 -0.0193570800385
0.249757410286 -1.99578758957 0.0199683222892 0.0199683222892
0.65689336065 0.466398766697 -0.0204897520254 -0.0204897520254
0.830171614993 -1.35202149949 0.020945030949 0.020945030949
1.37428559762 0.293454499778 -0.0213506929179 -0.0213506929179
-0.0434675555215 -1.2504770223 0.0217187267508 0.0217187267508
0.968002566899 0.205149772222 -0.0220581292269 -0.0220581292269
0.0695921363164 -1.12257325213 0.0223758819255 0.0223758819255
0.896798249139 -0.649571972608 -0.0226775920543 -0.0226775920543
0.174678454328 -1.41794185752 0.0229679311678 0.0229679311678
-0.861003612427 -0.551572372303 -0.0232509501987 -0.0232509501987
-1.13120802987 -1.46317094581 0.0235303192108 0.0235303192108
-0.857142857143 0.428571428571 -0.0238095238095 -0.0238095238095
-1.15021845246 -0.427284369118 0.0240920413768 0.0240920413768
-0.848482754954 0.389076553808 -0.0243815164194 -0.0243815164194
-1.14556531946 -0.253893581924 0.0246819541514 0.0246819541514
-0.870680973646 1.31570065354 -0.0249979549275 -0.0249979549275
-1.09463552991 -0.387381090337 0.0253350203546 0.0253350203546
-0.9856235214 1.63245662987 -0.0256999774643 -0.0256999774643
-0.70152853605 0.539372252412 0.0261015956663 0.0261015956663
-0.18217116278 1.0646580634 -0.0265515234665 -0.0265515234665
-0.890652178565 -0.170288703167 0.0270657716102 0.0270657716102
-0.0314707721508 1.24305749924 -0.0276671686087 -0.0276671686087
-1.10156990549 -0.354284855837 0.0283896371375 0.0283896371375
0.709122949467 1.91570174445 -0.0292861021864 -0.0292861021864
-0.674712260278 0.244638451342 0.0304442366887 0.0304442366887
1.22144151326 1.12029764832 -0.0320209154583 -0.0320209154583
0.608947149048 -0.902602248036 0.0343277335849 0.0343277335849
1.4222483256 0.844568026124 -0.0380848797746 -0.0380848797746
0.560309913353 -0.815503494939 0.0454189056865 0.0454189056865
1.46745255748 0.797248275116 -0.0665749720287 -0.0665749720287
-0.378875158581 -0.783115030141 0.972371702816 0.972371702816
