15.0 25.0 6.72862439167e-18 6.72862439167e-18
2.93701422031 4.15345049862 -0.0915924040904 -0.0915924040904
-2.39304070433 -5.36453005342 0.108168727803 0.108168727803
1.64109566461 2.24691359967 -0.0930047642914 -0.0930047642914
-0.742487820327 -2.97617749215 0.0615938384848 0.0615938384848
1.38903769435 -0.250690809251 -0.02473802562 -0.02473802562
0.191620568531 -0.743851539447 -0.00883371268776 -0.00883371268776
-0.603715662453 -1.91558135941 0.0327359575025 0.0327359575025
0.727846969478 0.178667282588 -0.043532895711 -0.043532895711
-0.629971449639 -2.07499604995 0.040993638597 0.040993638597
0.390413284019 -0.296473132533 -0.027787485742 -0.027787485742
-0.108184016369 -1.2092150826 0.00864068647186 0.00864068647186
-0.112756969007 -1.24546561219 0.0108730445906 0.0108730445906
0.162770086394 -0.506059304719 -0.0256471788823 -0.0256471788823
0.298205380465 -1.15347007781 0.0321783640477 0.0321783640477
1.08024350571 0.555618064154 -0.0292826634529 -0.0292826634529
-0.217848843076 -1.63496484662 0.0182473481505 0.0182473481505
1.05025885058 -0.924699690596 -0.00240118236081 -0.00240118236081
0.446638863226 -0.587018910121 -0.0137836690885 -0.0137836690885
-0.672430719827 -1.7585011557 0.0258411668186 0.0258411668186
0.75708752352 -0.10694286235 -0.0304408689144 -0.0304408689144
-0.78752057512 -1.79412375169 0.0262325057699 0.0262325057699
-0.8395610422 -0.507748851924 -0.0142069965659 -0.0142069965659
-0.967206385806 0.0480642713276 -0.00251385840185 -0.00251385840185
-1.25345465491 -0.471851351922 0.0194158903943 0.0194158903943
-0.604659121239 1.24315194617 -0.0316944674954 -0.0316944674954
-1.40515883631 0.526415969959 0.0354696980658 0.0354696980658
-0.724200065423 1.26531227751 -0.0288352382472 -0.0288352382472
-1.06296755986 -0.250484575562 0.0124941783925 0.0124941783925
-0.13962481416 0.700949875218 0.0101752137761 0.0101752137761
-0.332890208183 1.84805854063 -0.033654482335 -0.033654482335
-1.31732423293 -0.200586455415 0.0513138542459 0.0513138542459
0.98917932983 2.25160811211 -0.0567073208219 -0.0567073208219
-0.569853713868 0.0736064631942 0.0448211313347 0.0448211313347
1.23168406506 1.23750096514 -0.0129083110059 -0.0129083110059
1.59496315413 0.888449621974 -0.0395607975914 -0.0395607975914
-0.466853625023 -2.14909081284 0.112864080394 0.112864080394
3.3138818733 3.40464594434 -0.215846696917 -0.215846696917
-2.11474662999 -4.46327166062 0.43661117861 0.43661117861
3.04633479835 5.14520018806 0.950423728894 0.950423728894
