19.0 8.0 6.72862439167e-18 6.72862439167e-18
2.97165412715 1.64178511594 -0.0915924040904 -0.0915924040904
-4.37754292888 -1.41675025247 0.108168727803 0.108168727803
1.52545383812 1.07034775351 -0.0930047642914 -0.0930047642914
-2.54668404388 -0.662198652697 0.0615938384848 0.0615938384848
-0.4087826415 0.256210210356 -0.02473802562 -0.02473802562
-0.79560069198 0.0900298797366 -0.00883371268776 -0.00883371268776
-1.74334132483 -0.335263737762 0.0327359575025 0.0327359575025
-0.013948365362 0.461925619183 -0.043532895711 -0.043532895711
-1.95822930967 -0.481487840532 0.040993638597 0.040993638597
-0.232577546934 0.456164295465 -0.027787485742 -0.027787485742
-0.117690747772 0.974905014123 0.00864068647186 0.00864068647186
-0.167688126852 0.942319289279 0.0108730445906 0.0108730445906
0.395356239703 1.15678572459 -0.0256471788823 -0.0256471788823
-0.46777911356 0.790956789953 0.0321783640477 0.0321783640477
0.362621584713 1.19690572704 -0.0292826634529 -0.0292826634529
-0.10342500228 0.874082417711 0.0182473481505 0.0182473481505
1.04289925161 1.01702987281 -0.00240118236081 -0.00240118236081
0.417303539235 1.10177247945 -0.0137836690885 -0.0137836690885
-0.607966618017 0.794310564253 0.0258411668186 0.0258411668186
0.602752265735 1.28769376781 -0.0304408689144 -0.0304408689144
-0.314501123446 0.580143550962 0.0262325057699 0.0262325057699
1.41239339656 -0.0273360672226 -0.0142069965659 -0.0142069965659
1.06583784296 0.000436118107195 -0.00251385840185 -0.00251385840185
0.500908070808 0.000815097920285 0.0194158903943 0.0194158903943
1.85775708702 -0.0681920036814 -0.0316944674954 -0.0316944674954
-0.264708563718 0.414357158289 0.0354696980658 0.0354696980658
0.663857659852 0.985087730897 -0.0288352382472 -0.0288352382472
0.861831256152 -0.0975010823405 0.0124941783925 0.0124941783925
0.860398552118 0.834575193406 0.0101752137761 0.0101752137761
1.47795265371 1.39641068246 -0.033654482335 -0.033654482335
0.306711701858 0.485691857967 0.0513138542459 0.0513138542459
1.53536617027 1.51150674719 -0.0567073208219 -0.0567073208219
-0.82747652551 0.627344005924 0.0448211313347 0.0448211313347
0.214544525665 1.09975731928 -0.0129083110059 -0.0129083110059
0.607151607659 1.28317592163 -0.0395607975914 -0.0395607975914
-1.56913803345 0.266090150254 0.112864080394 0.112864080394
2.53836626572 2.20692419295 -0.215846696917 -0.215846696917
-3.36274734004 -0.732519881674 0.43661117861 0.43661117861
3.90113465348 1.53086078509 0.950423728894 0.950423728894
