6.0 9.0 3.08395284618e-18 3.08395284618e-18
1.50162753748 1.03976762998 -0.0512947984164 -0.0512947984164
0.651340037794 -1.09952590667 0.0654854967475 0.0654854967475
0.587172125675 1.72005050748 -0.0671638034914 -0.0671638034914
0.117583926193 -0.249783767368 0.0622374651096 0.0622374651096
1.51793458766 0.416892297204 -0.0533606146381 -0.0533606146381
0.640930404769 -0.367656342698 0.0422780161694 0.0422780161694
1.24104294583 0.27827698683 -0.0303701033022 -0.0303701033022
0.856293846425 -0.179548221707 0.0187824884574 0.0187824884574
1.06340458832 0.0843390741442 -0.00843528207301 -0.00843528207301
1.0 -4.93432455389e-17 -6.16790569236e-18 -6.16790569236e-18
0.953962403315 -0.0691321760665 0.0061227688875 0.0061227688875
1.07453174673 0.121020007376 -0.00981047251521 -0.00981047251521
0.914129029719 -0.155607448179 0.0112044720555 0.0112044720555
1.08097109858 0.174585273189 -0.0106736604121 -0.0106736604121
0.93904350569 -0.181247046454 0.00875829969108 0.00875829969108
1.02625938743 0.18080223116 -0.0060991304882 -0.0060991304882
1.02677252108 -0.183177666826 0.00335856666438 0.00335856666438
0.868068060822 0.22878743655 -0.00114172080001 -0.00114172080001
-0.0671563246984 1.0304312855 -7.49097348613e-05 -7.49097348613e-05
-2.71387850464e-16 1.0 -6.16790569236e-18 -6.16790569236e-18
-0.890291941905 1.01496676819 0.00143643639137 0.00143643639137
-0.435080207797 0.943202814541 -0.00407087008485 -0.00407087008485
0.522178379833 1.15999986745 0.00751925832543 0.00751925832543
-1.11391694028 0.287670194016 -0.01121387611 -0.01121387611
-0.199091803012 0.320110197041 0.0144601958487 0.0144601958487
-0.514943321921 1.24442219672 -0.0165079463602 -0.0165079463602
-0.729349722884 0.899745599773 0.0166289190243 0.0166289190243
-0.0910966340678 0.940231458045 -0.0141931645695 -0.0141931645695
-1.00351558588 -0.0770502304388 0.00873494383417 0.00873494383417
1.97372982156e-16 1.0 -1.23358113847e-17 -1.23358113847e-17
-0.89407340088 1.16036764955 -0.0120340513397 -0.0120340513397
-0.309334534369 0.701939514853 0.0271733037616 0.0271733037616
-0.40243580677 1.43409131576 -0.0450732516507 -0.0450732516507
-0.954984015731 0.430758285981 0.0653874300094 0.0653874300094
0.379799278956 1.70040091769 -0.0880998556212 -0.0880998556212
-2.02259240152 0.175617127633 0.114429954317 0.114429954317
0.0825779844241 1.94254541507 -0.150368308578 -0.150368308578
-0.651808230826 -0.0880778571811 0.233492242324 0.233492242324
0.678491920273 0.908673500743 0.983606673679 0.983606673679
