12.2741356014 8.4475989191 0.0677191564491 0.0677191564491
0.459970694325 -0.378997463538 -0.0205767714385 -0.0205767714385
0.566300510183 -0.623069517375 0.00572843925721 0.00572843925721
0.437323353472 -0.346222218412 0.00161068756522 0.00161068756522
0.506703329998 -0.747246425489 -0.00603075951334 -0.00603075951334
0.904329674477 0.22459139508 0.00901506873318 0.00901506873318
1.27361364968 -0.209796662721 -0.0111884543258 -0.0111884543258
0.0403089245156 0.807729229597 0.01286002633 0.01286002633
0.920136226158 0.287998762027 -0.014200387383 -0.014200387383
0.0612313444766 0.682953222136 0.0153115519148 0.0153115519148
0.117720414362 1.20932076264 -0.0162584164421 -0.0162584164421
0.822282543693 0.818271706598 0.017084382077 0.017084382077
0.0243613269543 1.17231016413 -0.0178197244317 -0.0178197244317
-0.074497290208 0.82982561915 0.0184863629584 0.0184863629584
0.0945885852729 1.17202661089 -0.0191007227477 -0.0191007227477
-0.101393226847 0.82324675488 0.0196755312526 0.0196755312526
0.0934908950123 1.18419714957 -0.0202209948535 -0.0202209948535
-0.0457045515979 0.805080266222 0.0207456028068 0.0207456028068
-0.669573883152 1.21049806477 -0.0212567032451 -0.0212567032451
-0.397259503091 0.76517177917 0.0217609403109 0.0217609403109
-0.592317419595 0.370582899086 -0.0222646109946 -0.0222646109946
-0.36784899952 0.591608850472 0.0227739839563 0.0227739839563
-0.825852620909 0.406564535732 -0.0232956152925 -0.0232956152925
-1.2039787003 0.650639501627 0.0238366956316 0.0238366956316
-0.785110970393 0.00964511135178 -0.0244054689377 -0.0244054689377
-1.22197515257 -0.124871982969 0.0250117777799 0.0250117777799
-0.771803420241 0.240187367506 -0.0256678171606 -0.0256678171606
-1.23474042209 -0.900741566429 0.026389228818 0.026389228818
-0.757192115825 -0.155999331099 -0.0271967596963 -0.0271967596963
-1.25548159416 -0.842852703708 0.0281188830227 0.0281188830227
0.200461403819 -1.02750258083 -0.0291961290124 -0.0291961290124
-0.238983015369 -1.01856609169 0.0304886092009 0.0304886092009
0.262321251159 -0.955521423678 -0.0320898912846 -0.0320898912846
-0.306663400197 -1.06207954178 0.0341545265232 0.0341545265232
0.567757236562 -0.924645231974 -0.0369580053644 -0.0369580053644
1.02735679761 -1.08592889374 0.0410446328003 0.0410446328003
0.521168719236 -0.905866335308 -0.047662439055 -0.047662439055
0.291022391673 -1.09807971004 0.060446073622 0.060446073622
1.52382655667 -0.916296681068 -0.0963555810701 -0.0963555810701
-0.321853326475 -0.294855218992 0.91857400033 0.91857400033
