10.0 7.0 0.0 -9.51619735393e-18
0.475599111878 2.0160382164 -0.049981931958 -0.065274066465
-2.32581461544 -0.0761656894752 0.0563658057375 0.0826840358104
0.0820255579614 2.05061054942 -0.0502087359389 -0.0825748769302
-1.51472052794 0.0538343176668 0.0394135815882 0.0726962057638
0.920581664631 1.77450050296 -0.0274351930527 -0.0568941875269
-0.599722977301 0.448421095216 0.0162055382711 0.0379733699956
0.336037439465 1.29377729938 -0.00686450646173 -0.0183199571557
1.0 1.0 1.20103552257e-16 1.23777592385e-17
0.855759078107 -0.138931918014 0.00424097347799 0.015292134507
1.26126957832 0.369110662326 -0.00606931285425 -0.026318230073
0.67473847002 -0.587464747364 0.00596792132997 0.0323661409913
1.33387203136 1.04732693566 -0.0045957105236 -0.0332826241756
0.70712089472 0.402455807664 0.00268413490742 0.0294589944742
1.21338326188 0.11409788801 -0.000933275439699 -0.0217678317245
0.889850131144 -0.103747371836 -8.38329019894e-05 0.011455450694
1.0 6.09036630652e-16 -2.2957501075e-17 1.00731185443e-17
1.09974167158 0.137800834773 0.00129148003574 -0.011051161029
0.827636983527 -0.27989865239 -0.00361133256445 0.0202489172187
1.20122023951 0.407262518887 0.00649996460619 -0.0263982196614
0.838916299805 -0.519103908004 -0.00925294977566 0.028686913652
0.920836029954 0.731449728802 0.0109815038855 -0.0267748595667
-0.333721139686 0.81203379851 -0.0106895810832 0.0208345562848
0.152661179095 1.14481696284 0.0073554022567 -0.011539283596
0.0 1.0 -1.62513883142e-17 2.61514459426e-18
-0.142035094362 0.800908808383 -0.0122850002502 0.0123426410647
0.264673156702 1.4251533556 0.0304061886455 -0.0238602497832
-0.354473507366 0.347628239965 -0.0555837952625 0.0328981842676
0.398638249765 1.85398283117 0.0904589710705 -0.0379398634276
-0.387510703164 0.000858784236666 -0.143859232533 0.0377563634522
0.316085419327 2.01780292687 0.26880809896 -0.031524137368
-0.184848260011 -1.36275035541 0.993410490739 0.0188946858527
-4.06024420434e-16 -9.0 -1.74533471753e-17 3.10503900083e-19
0.226911254408 -2.03055115145 -0.0899017077799 -0.0246276413149
-0.479892425618 -0.1706748089 0.136950474239 0.0542664384286
0.739838777093 -1.57036451905 -0.17105685646 -0.0884819795301
-0.98614045193 -0.721754462202 0.201095040262 0.128398834498
1.19832836794 -0.985508294089 -0.238509783512 -0.181615595985
-1.35731998563 -1.23130914719 0.338305606324 0.300332236328
1.44476055454 0.814067246371 0.95619584773 0.974515804886
