11.0 8.0 -4.55476112667e-17 -5.69345140833e-18
0.277925498861 1.21276588104 -0.007644443993 -0.0126987193734
-0.272305351637 0.766539528342 0.00744229244356 0.0170394541689
0.263684256402 1.24885789528 -0.00545970237283 -0.0192511077136
-0.246564472773 0.739722681339 0.00284913768353 0.0206049999974
0.194396825812 1.26721277291 5.51386195679e-05 -0.021528612988
0.644574448869 0.732975199297 -0.00314784459667 0.0222061391504
0.552205666344 1.25133283791 0.0064089830839 -0.0227300593561
-0.538252401928 0.815814246749 -0.00985939887567 0.0231519577695
1.28448965011 0.425829857091 0.013546551488 -0.0235029277516
-0.100097828444 0.385797922355 -0.0175424000751 0.023802875328
0.858852256109 0.866647264994 0.0219484530364 -0.0240651832856
1.02183335861 -0.763334940774 -0.0269079029791 0.0242992296542
0.457846176766 1.3039151555 0.0326282075827 -0.0245118320896
-0.287220552352 0.500631582081 -0.0394225786058 0.0247081193806
0.25252784462 1.56437452032 0.0477899250485 -0.0248920813543
-0.234178439523 0.379974415194 -0.0585813904461 0.0250669307312
0.215067013547 1.6854006282 0.0733866408319 -0.0252353516641
-0.183590498635 0.22689875962 -0.0955741103278 0.0253996788933
0.107515892039 1.90256609081 0.133787586738 -0.0255620347504
0.296469519651 -0.113059017063 -0.219073022013 0.0257244420801
1.03985573995 2.39608498506 0.612816498926 -0.0258889263018
-0.661448603651 -4.85215602782 0.688450550172 0.026057617748
0.90069006019 -5.90645855839 -0.204780455831 -0.0262328654719
0.446801384732 0.303080272574 0.1109098771 0.0264173759163
0.0377320145481 -1.69345622115 -0.0682632901166 -0.026614394861
0.0780039722562 -0.365538014218 0.0414073338591 0.0268279605161
1.45518608062 -0.0411530804604 -0.0201787875517 -0.0270632728502
0.420650794372 0.154084398736 -0.000628830420085 0.0273272560562
0.18843767796 1.33834512574 0.0266573759457 -0.0276294519257
-0.371429081077 0.52726023499 -0.0716610449004 0.0279835040757
-0.89909545964 0.211929420122 0.213893675984 -0.0284097532263
0.364575326351 -0.506549712159 0.985051626557 0.0289400600007
2.08351909886 -1.89670624634 -0.188485618806 -0.0296274663537
-0.455979221476 -1.02488810621 0.112147123507 0.0305675057107
0.291004529603 -0.813133794273 -0.0826116968039 -0.0319516796148
-1.41867973763 -0.0882376642647 0.0673987514278 0.0342288041485
-0.614941595999 0.190012174954 -0.0602018470077 -0.0387566747277
-0.272393384948 0.847650907897 0.0652033689517 0.0524666014946
0.283870004061 0.152299957332 0.99316834366 0.99897290848
