10.4335328217 6.52515624312 0.22624942716 0.237469813685
-0.78576853094 1.02741388182 -0.0799017044891 -0.0919325352849
-0.180680967464 1.02252799462 0.0405847485321 0.0533618567077
-0.868341209753 0.950315722166 -0.0218846795409 -0.0353594914155
0.311859957699 1.06832256992 0.0106975478598 0.0248339714305
-0.283349988336 0.916973795878 -0.00308483829382 -0.0178571428571
0.259169063802 1.09582099415 -0.00255102719381 0.0128403768166
-0.206114720268 0.892193326708 0.00698363463525 -0.00901815999765
-0.0399136019492 1.11963564686 -0.0106353500066 0.00597575816687
-0.861112893463 0.868524073666 0.0137583185869 -0.00346860390646
0.472240385178 1.14177925923 -0.0165143298652 0.00134281299199
-0.125513251739 0.863236957996 0.0190140228779 0.000503604017914
1.70518228429 0.581549518027 -0.0213378889686 -0.00214124370622
0.0891309422511 -0.665070730026 0.0235484749934 0.0036208632263
1.02913261011 -0.218374031696 -0.0256981463653 -0.00498024754303
0.453808144933 -0.305981800148 0.0278346595052 0.00624848453477
0.793310816486 -0.438666854015 -0.03000590064 -0.00744874186314
0.022507765691 -0.753329079154 0.0322648609726 0.00860014832297
0.483324731613 -0.733947159108 -0.0346760708059 -0.00971912854336
0.362890228814 -0.425037141996 0.0373254352039 0.0108204035538
0.024276174005 -1.1863181785 -0.0403372749841 -0.0119177949309
-0.104110009687 -0.884862453945 0.043907109438 0.0130249298579
0.156988686652 -1.10857606885 -0.0483718241068 -0.0141559252021
-0.345377368465 -0.723866605506 0.0543805049578 0.015326124744
-1.05156766122 0.113142311397 -0.0633901202953 -0.0165529738181
-0.931528382786 0.627944126005 0.0795468866729 0.0178571428571
-1.19974038488 0.093618389208 -0.121439279334 -0.0192640642416
0.157179272225 -0.161732794307 0.72741331397 0.0208061435195
3.61358269039 -1.69866631481 0.0763025076527 -0.0225260833515
-0.0565453248769 -0.402215812914 -0.0121709702883 0.0244820935313
0.657465571962 -0.682694810363 -0.00889927918823 -0.0267564220454
-0.0791023299902 -1.19489896319 0.0207701358451 0.0294700238706
0.914720260497 -0.825008048391 -0.0295827020956 -0.0328092739589
-0.639492798221 -1.17541165921 0.0375294253329 0.0370781455209
0.585449686719 -0.816697944034 -0.0459304748663 -0.0428095854145
-1.36570053527 -0.441013608247 0.0562018352384 0.0510327823084
-0.545159629722 0.714400752463 -0.0708366730708 -0.0640284540609
-1.49774298553 0.211947049165 0.0962316833878 0.0880667208593
-0.303329924448 1.08944653942 -0.158241224962 -0.148921652446
-0.341273881706 0.346992335175 0.643516655109 0.63319103835
