11.7703105078 8.84813425961 0.0957742468174 0.106678401451
-0.45811966033 0.963305898734 -0.0264746527291 -0.0386198285181
0.480466086736 1.01002450507 0.00451576062514 0.0178365494932
-0.554857498878 1.06669284841 0.0067740367754 -0.00767553570551
1.07866033496 0.409069622523 -0.0139564155259 0.00159110820153
0.00331350309632 0.507940969825 0.0191311127406 0.00250208821776
0.227614915341 1.26336624325 -0.0231831738064 -0.00547555138759
-0.287898746155 0.793499680287 0.0265549088469 0.00775818913588
0.318976547427 1.18017697809 -0.0294961014805 -0.00958585460569
-0.341116128081 0.835432757523 0.032162583272 0.0110991898635
0.361176975498 1.15387060004 -0.0346609489178 -0.0123874688029
-0.384305711374 0.854075269713 0.0370713727579 0.0135102877648
0.423253090693 1.14086276923 -0.0394607442897 -0.0145091551538
-1.2969065576 0.849048242708 0.0418914887617 0.0154140807819
-0.608365137816 0.101145013732 -0.0444288772448 -0.0162475222392
-1.46886195482 -0.0467048365354 0.0471487876353 0.0170268583187
-0.220328594992 -0.240700563267 -0.050148006951 -0.0177660060442
-0.273285704227 -1.29338174218 0.0535603222969 0.0184765236671
0.361895566871 -0.756966479538 -0.0575847222042 -0.0191683993197
-0.430980826044 -1.23602510155 0.0625398277617 0.0198506480202
0.551957690798 -0.747116326482 -0.0689800900507 -0.0205317974483
0.330416950363 -1.31142321046 0.0779765225583 0.0212203202937
0.724950434536 -0.41569241455 -0.0919201139999 -0.0219250606741
0.234691459527 -0.529126494298 0.117498024614 0.0226557009985
0.805796957576 -0.55103680134 -0.18333590291 -0.0234233233872
0.130059635137 0.25534678993 0.844552472452 0.0242411386667
1.71075469303 -1.75654784371 0.18093176014 -0.0251254920612
1.0816686441 -0.195564674691 -0.0543892829263 0.026097320507
0.985897642533 -1.08302233561 0.0177252042197 -0.027184357638
1.05127579225 -0.621033881174 0.000474902484727 0.0284246127249
0.52811125909 -0.2694017959 -0.011945632381 -0.0298721081928
0.394637080974 -1.30433174101 0.0203684422805 0.0316068269117
0.642467612009 -0.760511069279 -0.0273457362563 -0.0337530077361
-1.25242464324 -1.23383084017 0.0338012339379 0.0365153267304
0.206650364859 -0.681837621361 -0.0404906751131 -0.0402573720228
-1.40951745192 -0.141206010608 0.0483614108382 0.0456940932212
-0.630563748819 0.434846201255 -0.0591878411074 -0.0544530895758
-1.34654647732 1.14650485616 0.0777498518971 0.0712166405387
-0.695319235669 0.339600317118 -0.125363374094 -0.117232928949
-0.571692624413 -0.151395082972 0.874918453057 0.865343171344
